Material ID: 0029
Unit cell composition: Ag125Br125
Material:  AgBr
Site positions of initial unit cell:
 Ag          Br         
 0.00000     6.71368    
 0.00000     3.87614    
 0.00000     2.74085    
Properties:
 Time        Epot        Ekin        Etot        Temp     MSD         Self_diff   LC_a      LC_b      LC_c      Volume      Pressure   
 fs          eV/atom     eV/atom     eV/atom     K        Å^2         mm^2/s      Å         Å         Å         Å^3/atom    eV/Å^3     
 1000        -4.272      0.0254      -4.2466     196.5    0.0         0.0         4.655     4.655     4.655     35.658    0.14346    
 1200        -4.29296    0.04636     -4.24659    358.68   0.05761     8e-05       4.655     4.655     4.655     35.658    0.14438    
 1400        -5.03684    0.78979     -4.24706    6110.05  1.61159     0.00192     4.655     4.655     4.655     35.658    0.10208    
 1600        -5.69099    1.44239     -4.2486     11158.81 6.32693     0.00659     4.655     4.655     4.655     35.658    0.05902    
 1800        -6.14391    1.89535     -4.24857    14663.05 12.18664    0.01128     4.655     4.655     4.655     35.658    0.06113    
 2000        -6.24839    1.99871     -4.24969    15462.69 18.76808    0.01564     4.655     4.655     4.655     35.658    0.09146    
 2200        -6.53119    2.28132     -4.24986    17649.1  26.33359    0.01995     4.655     4.655     4.655     35.658    0.05381    
 2400        -6.35335    2.1052      -4.24815    16286.55 32.56918    0.02262     4.655     4.655     4.655     35.658    0.04954    
 2600        -6.3472     2.09606     -4.25114    16215.86 40.93135    0.02624     4.655     4.655     4.655     35.658    0.06172    
 2800        -6.35497    2.10496     -4.25001    16284.71 49.34773    0.02937     4.655     4.655     4.655     35.658    0.06359    
 3000        -6.42696    2.17732     -4.24964    16844.49 59.11611    0.03284     4.655     4.655     4.655     35.658    0.06357    

Time averages:
             Epot        Ekin        Etot        Temp     MSD         Self_diff   Pressure    Spec_heat  
             eV/atom     eV/atom     eV/atom     K        Å^2         mm^2/s      eV/Å^3      J/(K*Kg)   
             -5.94268    1.69375     -4.24893    13103.4  24.72488    0.01849     0.07503     -4.93306   