Material ID: 0045
Unit cell composition: Ag375Cr125
Material:  Ag3Cr
Site positions of initial unit cell:
 Ag          Ag          Ag          Cr         
 0.00000     2.53682     0.85638     3.39320    
 0.00000     0.00000     2.38790     2.38790    
 0.00000     1.45996     1.45996     0.00000    
Properties:
 Time        Epot        Ekin        Etot        Temp     MSD         Self_diff   LC_a      LC_b      LC_c      Volume      Pressure   
 fs          eV/atom     eV/atom     eV/atom     K        Å^2         mm^2/s      Å         Å         Å         Å^3/atom    eV/Å^3     
 1000        -13.16276   0.02633     -13.13643   203.66   0.0         0.0         4.871     4.871     4.871     15.649    0.0034     
 1200        -13.41042   0.27106     -13.13935   2097.02  0.0071      1e-05       4.871     4.871     4.871     15.649    0.08686    
 1400        -13.17949   0.04291     -13.13658   331.98   0.02166     3e-05       4.871     4.871     4.871     15.649    0.00908    
 1600        -13.38031   0.24167     -13.13864   1869.62  0.00907     1e-05       4.871     4.871     4.871     15.649    0.07697    
 1800        -13.27188   0.13459     -13.13729   1041.26  0.00596     1e-05       4.871     4.871     4.871     15.649    0.04053    
 2000        -13.27829   0.14078     -13.13751   1089.13  0.01087     1e-05       4.871     4.871     4.871     15.649    0.04242    
 2200        -13.32894   0.19077     -13.13817   1475.85  0.01415     1e-05       4.871     4.871     4.871     15.649    0.0597     
 2400        -13.25413   0.11679     -13.13734   903.54   0.01918     1e-05       4.871     4.871     4.871     15.649    0.03416    
 2600        -13.30206   0.16416     -13.1379    1269.98  0.01761     1e-05       4.871     4.871     4.871     15.649    0.05065    
 2800        -13.29049   0.15286     -13.13764   1182.56  0.01379     1e-05       4.871     4.871     4.871     15.649    0.04675    
 3000        -13.25914   0.12173     -13.13741   941.77   0.01327     1e-05       4.871     4.871     4.871     15.649    0.03613    
 3200        -13.31217   0.17422     -13.13795   1347.83  0.01921     1e-05       4.871     4.871     4.871     15.649    0.05372    
 3400        -13.29001   0.1523      -13.13771   1178.24  0.02309     1e-05       4.871     4.871     4.871     15.649    0.04621    
 3600        -13.29779   0.16004     -13.13775   1238.14  0.01971     1e-05       4.871     4.871     4.871     15.649    0.04903    

Time averages:
             Epot        Ekin        Etot        Temp     MSD         Self_diff   Pressure    Spec_heat  
             eV/atom     eV/atom     eV/atom     K        Å^2         mm^2/s      eV/Å^3      J/(K*Kg)   
             -13.28849   0.15082     -13.13767   1166.83  0.01568     1e-05       0.04593     -22.11636  