Material ID: 0017
Unit cell composition: Ag125I125
Material:  AgI
Site positions of initial unit cell:
 Ag          I          
 0.00000     0.00000    
 0.00000     0.00000    
 7.86387     5.30161    
Properties:
 Time        Epot        Ekin        Etot        Temp     MSD         Self_diff   LC_a      LC_b      LC_c      Volume      Pressure   
 fs          eV/atom     eV/atom     eV/atom     K        Å^2         mm^2/s      Å         Å         Å         Å^3/atom    eV/Å^3     
 1000        -0.25561    0.02622     -0.22939    202.85   0.0         0.0         10.359    10.359    7.884     366.304   -0.01355   
 1200        -0.639      0.40723     -0.23177    3150.5   1.73599     0.00241     10.359    10.359    7.884     366.304   -0.00373   
 1400        -0.55092    0.31939     -0.23153    2470.89  0.63046     0.00075     10.359    10.359    7.884     366.304   -0.0016    
 1600        -0.38233    0.151       -0.23133    1168.18  1.84102     0.00192     10.359    10.359    7.884     366.304   0.00143    
 1800        -0.43523    0.20384     -0.23139    1576.96  2.62551     0.00243     10.359    10.359    7.884     366.304   0.00155    
 2000        -0.51619    0.28478     -0.23141    2203.13  2.99735     0.0025      10.359    10.359    7.884     366.304   0.00084    
 2200        -0.58723    0.35576     -0.23148    2752.25  3.84999     0.00292     10.359    10.359    7.884     366.304   0.0008     
 2400        -0.57853    0.34702     -0.23152    2684.63  5.60592     0.00389     10.359    10.359    7.884     366.304   0.0008     
 2600        -0.555      0.32363     -0.23137    2503.75  8.44485     0.00541     10.359    10.359    7.884     366.304   0.00041    
 2800        -0.64913    0.41768     -0.23145    3231.32  12.69643    0.00756     10.359    10.359    7.884     366.304   0.00102    
 3000        -0.7394     0.50794     -0.23146    3929.57  18.71981    0.0104      10.359    10.359    7.884     366.304   0.00096    
 3200        -0.86325    0.63178     -0.23147    4887.68  26.7627     0.01394     10.359    10.359    7.884     366.304   0.00077    
 3400        -0.98187    0.75039     -0.23148    5805.28  36.51903    0.0179      10.359    10.359    7.884     366.304   0.00065    

Time averages:
             Epot        Ekin        Etot        Temp     MSD         Self_diff   Pressure    Spec_heat  
             eV/atom     eV/atom     eV/atom     K        Å^2         mm^2/s      eV/Å^3      J/(K*Kg)   
             -0.62882    0.39738     -0.23144    3074.28  12.00626    0.00744     0.00092     -3.31928   