Material ID: 0027
Unit cell composition: Ag125Br125
Material:  AgBr
Site positions of initial unit cell:
 Ag          Br         
 0.00000     6.71368    
 0.00000     3.87614    
 0.00000     2.74085    
Properties:
 Time        Epot        Ekin        Etot        Temp     MSD         Self_diff   LC_a      LC_b      LC_c      Volume      Pressure   
 fs          eV/atom     eV/atom     eV/atom     K        Å^2         mm^2/s      Å         Å         Å         Å^3/atom    eV/Å^3     
 1000        -4.99767    0.02692     -4.97076    208.24   0.0         0.0         4.476     4.476     4.476     31.7      0.16838    
 1200        -4.98287    0.01213     -4.97074    93.85    0.05979     8e-05       4.476     4.476     4.476     31.7      0.174      
 1400        -5.00237    0.03162     -4.97075    244.61   0.14937     0.00018     4.476     4.476     4.476     31.7      0.18063    
 1600        -5.19297    0.22216     -4.97082    1718.67  0.55179     0.00057     4.476     4.476     4.476     31.7      0.17282    
 1800        -6.49103    1.51794     -4.97309    11743.29 3.77962     0.0035      4.476     4.476     4.476     31.7      0.07435    
 2000        -6.8742     1.90034     -4.97386    14701.71 9.38038     0.00782     4.476     4.476     4.476     31.7      0.0627     
 2200        -7.00097    2.02535     -4.97562    15668.81 15.0011     0.01136     4.476     4.476     4.476     31.7      0.07206    
 2400        -6.7732     1.79944     -4.97376    13921.09 19.86118    0.01379     4.476     4.476     4.476     31.7      0.08256    
 2600        -7.03515    2.061       -4.97415    15944.61 26.01237    0.01667     4.476     4.476     4.476     31.7      0.07523    
 2800        -7.12182    2.14777     -4.97406    16615.86 32.23343    0.01919     4.476     4.476     4.476     31.7      0.09623    
 3000        -7.12795    2.15382     -4.97413    16662.72 35.69734    0.01983     4.476     4.476     4.476     31.7      0.08933    

Time averages:
             Epot        Ekin        Etot        Temp     MSD         Self_diff   Pressure    Spec_heat  
             eV/atom     eV/atom     eV/atom     K        Å^2         mm^2/s      eV/Å^3      J/(K*Kg)   
             -6.36025    1.38716     -4.9731     10731.52 14.27264    0.01032     0.10799     -2.05913   