Material ID: 0021
Unit cell composition: Ag500Eu500
Material:  AgEu
Site positions of initial unit cell:
 Ag          Ag          Ag          Ag          Eu          Eu          Eu          Eu         
 3.58256     1.19419     3.58256     1.19419     1.19419     3.58256     3.58256     1.19419    
 5.41114     2.29132     3.94833     0.82851     3.90368     0.78386     2.33597     5.45579    
 6.56941     5.42710     2.57057     1.42826     0.33240     3.66644     7.66527     4.33123    
Properties:
 Time        Epot        Ekin        Etot        Temp     MSD         Self_diff   LC_a      LC_b      LC_c      Volume      Pressure   
 fs          eV/atom     eV/atom     eV/atom     K        Å^2         mm^2/s      Å         Å         Å         Å^3/atom    eV/Å^3     
 1000        -5.87572    0.02499     -5.85072    193.36   0.0         0.0         4.681     6.115     7.838     28.044    -0.12415   
 1200        -5.91441    0.06349     -5.85092    491.2    0.01058     1e-05       4.681     6.115     7.838     28.044    -0.10011   
 1400        -5.91932    0.06838     -5.85094    529.05   0.00952     1e-05       4.681     6.115     7.838     28.044    -0.11546   
 1600        -5.9083     0.05743     -5.85087    444.27   0.0109      1e-05       4.681     6.115     7.838     28.044    -0.10253   
 1800        -5.91909    0.06814     -5.85095    527.15   0.01183     1e-05       4.681     6.115     7.838     28.044    -0.11532   
 2000        -5.90333    0.05245     -5.85087    405.78   0.01723     1e-05       4.681     6.115     7.838     28.044    -0.10323   
 2200        -5.92154    0.07059     -5.85095    546.1    0.01345     1e-05       4.681     6.115     7.838     28.044    -0.11547   
 2400        -5.91874    0.06782     -5.85093    524.65   0.01542     1e-05       4.681     6.115     7.838     28.044    -0.10027   
 2600        -5.9257     0.07478     -5.85092    578.49   0.01448     1e-05       4.681     6.115     7.838     28.044    -0.11235   
 2800        -5.9234     0.07246     -5.85094    560.54   0.01948     1e-05       4.681     6.115     7.838     28.044    -0.10356   
 3000        -5.92507    0.07412     -5.85095    573.43   0.01761     1e-05       4.681     6.115     7.838     28.044    -0.10861   

Time averages:
             Epot        Ekin        Etot        Temp     MSD         Self_diff   Pressure    Spec_heat  
             eV/atom     eV/atom     eV/atom     K        Å^2         mm^2/s      eV/Å^3      J/(K*Kg)   
             -5.91789    0.06697     -5.85092    518.07   0.01405     1e-05       -0.10769    -15.90271  