Material ID: 0052
Unit cell composition: Ag250Ca250
Material:  AgCa
Site positions of initial unit cell:
 Ag          Ag          Ca          Ca         
 4.53161     -3.13504    1.49952     -0.10296   
 0.54562     3.31733     1.64181     2.22115    
 1.17797     3.53390     1.17797     3.53390    
Properties:
 Time        Epot        Ekin        Etot        Temp     MSD         Self_diff   LC_a      LC_b      LC_c      Volume      Pressure   
 fs          eV/atom     eV/atom     eV/atom     K        Å^2         mm^2/s      Å         Å         Å         Å^3/atom    eV/Å^3     
 1000        -3.65325    0.02444     -3.62881    189.1    0.0         0.0         6.041     6.041     4.712     27.488    0.08832    
 1200        -3.6664     0.03761     -3.62879    290.93   0.0609      8e-05       6.041     6.041     4.712     27.488    0.09039    
 1400        -3.71672    0.0879      -3.62881    680.06   0.39539     0.00047     6.041     6.041     4.712     27.488    0.08574    
 1600        -3.76047    0.13161     -3.62886    1018.17  0.85987     0.0009      6.041     6.041     4.712     27.488    0.07888    
 1800        -3.81177    0.18288     -3.62889    1414.81  1.60678     0.00149     6.041     6.041     4.712     27.488    0.06887    
 2000        -3.85348    0.22455     -3.62893    1737.22  2.31696     0.00193     6.041     6.041     4.712     27.488    0.06973    
 2200        -3.882      0.25304     -3.62896    1957.63  3.05033     0.00231     6.041     6.041     4.712     27.488    0.06964    
 2400        -3.89764    0.26862     -3.62901    2078.17  3.92434     0.00273     6.041     6.041     4.712     27.488    0.05803    
 2600        -3.92522    0.29623     -3.62899    2291.77  4.94408     0.00317     6.041     6.041     4.712     27.488    0.05082    
 2800        -3.9853     0.35614     -3.62916    2755.24  6.15531     0.00366     6.041     6.041     4.712     27.488    0.04868    
 3000        -4.00539    0.37626     -3.62913    2910.85  7.78299     0.00432     6.041     6.041     4.712     27.488    0.03774    

Time averages:
             Epot        Ekin        Etot        Temp     MSD         Self_diff   Pressure    Spec_heat  
             eV/atom     eV/atom     eV/atom     K        Å^2         mm^2/s      eV/Å^3      J/(K*Kg)   
             -3.85044    0.22148     -3.62895    1713.48  3.10969     0.00233     0.06585     -2.24231   