Material ID: 0003
Unit cell composition: Ac125Ag125
Material:  AcAg
Site positions of initial unit cell:
 Ac          Ag         
 0.00000     1.98708    
 0.00000     1.98708    
 0.00000     1.98708    
Properties:
 Time        Epot        Ekin        Etot        Temp     MSD         Self_diff   LC_a      LC_b      LC_c      Volume      Pressure   
 fs          eV/atom     eV/atom     eV/atom     K        Å^2         mm^2/s      Å         Å         Å         Å^3/atom    eV/Å^3     
 1000        -15.73912   0.02382     -15.7153    184.27   0.0         0.0         4.054     4.054     4.054     33.305    -0.0969    
 1200        -15.72639   0.01113     -15.71526   86.08    0.00573     1e-05       4.054     4.054     4.054     33.305    -0.0989    
 1400        -15.73653   0.02121     -15.71531   164.11   0.0008      0.0         4.054     4.054     4.054     33.305    -0.0973    
 1600        -15.74835   0.03297     -15.71538   255.07   0.00435     0.0         4.054     4.054     4.054     33.305    -0.0954    
 1800        -15.75531   0.03989     -15.71543   308.57   0.00136     0.0         4.054     4.054     4.054     33.305    -0.09429   
 2000        -15.76731   0.05181     -15.71549   400.85   0.00356     0.0         4.054     4.054     4.054     33.305    -0.09238   
 2200        -15.77409   0.05855     -15.71553   452.97   0.00228     0.0         4.054     4.054     4.054     33.305    -0.09128   
 2400        -15.7767    0.06115     -15.71555   473.09   0.00328     0.0         4.054     4.054     4.054     33.305    -0.09086   
 2600        -15.77784   0.06229     -15.71555   481.9    0.0038      0.0         4.054     4.054     4.054     33.305    -0.09067   
 2800        -15.76788   0.05237     -15.7155    405.18   0.00422     0.0         4.054     4.054     4.054     33.305    -0.09225   
 3000        -15.76704   0.05156     -15.71548   398.86   0.00561     0.0         4.054     4.054     4.054     33.305    -0.09238   

Time averages:
             Epot        Ekin        Etot        Temp     MSD         Self_diff   Pressure    Spec_heat  
             eV/atom     eV/atom     eV/atom     K        Å^2         mm^2/s      eV/Å^3      J/(K*Kg)   
             -15.75974   0.04429     -15.71545   342.67   0.0035      0.0         -0.09357    -3.31017   