Material ID: 0039
Unit cell composition: Ag500I500
Material:  AgI
Site positions of initial unit cell:
 Ag          Ag          Ag          Ag          I           I           I           I          
 0.00000     2.42432     -0.00000    0.00000     0.00000     2.42432     -0.00000    0.00000    
 0.00000     1.39968     2.79936     0.00000     0.00000     1.39968     2.79936     0.00000    
 3.88914     6.81385     14.05747    11.13276    0.09060     3.69364     10.93725    7.33422    
Properties:
 Time        Epot        Ekin        Etot        Temp     MSD         Self_diff   LC_a      LC_b      LC_c      Volume      Pressure   
 fs          eV/atom     eV/atom     eV/atom     K        Å^2         mm^2/s      Å         Å         Å         Å^3/atom    eV/Å^3     
 1000        -3.99592    0.02589     -3.97003    200.26   0.0         0.0         5.043     5.043     15.067    41.473    0.11419    
 1200        -4.23144    0.26133     -3.97011    2021.73  0.24916     0.00035     5.043     5.043     15.067    41.473    0.10788    
 1400        -5.3281     1.35719     -3.97091    10499.7  2.77903     0.00331     5.043     5.043     15.067    41.473    0.05818    
 1600        -5.87051    1.89861     -3.9719     14688.32 7.87778     0.00821     5.043     5.043     15.067    41.473    0.0401     
 1800        -5.65087    1.67914     -3.97172    12990.42 12.19934    0.0113      5.043     5.043     15.067    41.473    0.05255    
 2000        -5.72856    1.75671     -3.97184    13590.55 17.7997     0.01483     5.043     5.043     15.067    41.473    0.04284    
 2200        -5.68199    1.71056     -3.97143    13233.52 23.41755    0.01774     5.043     5.043     15.067    41.473    0.05146    
 2400        -5.69436    1.72272     -3.97164    13327.54 29.56864    0.02053     5.043     5.043     15.067    41.473    0.04808    
 2600        -5.74423    1.77227     -3.97196    13710.9  35.05079    0.02247     5.043     5.043     15.067    41.473    0.04757    
 2800        -5.84333    1.87179     -3.97154    14480.82 41.75363    0.02485     5.043     5.043     15.067    41.473    0.04352    
 3000        -5.831      1.85887     -3.97213    14380.87 49.24708    0.02736     5.043     5.043     15.067    41.473    0.03736    

Time averages:
             Epot        Ekin        Etot        Temp     MSD         Self_diff   Pressure    Spec_heat  
             eV/atom     eV/atom     eV/atom     K        Å^2         mm^2/s      eV/Å^3      J/(K*Kg)   
             -5.56044    1.58892     -3.97152    12292.44 21.99427    0.01673     0.05295     -1.8892    