Material ID: 0061
Unit cell composition: Ag500La250
Material:  Ag2La
Site positions of initial unit cell:
 Ag          Ag          Ag          Ag          La          La         
 -0.05603    4.14556     1.09494     2.99459     1.13767     2.95187    
 -0.37375    2.19763     2.73709     -0.91321    0.79954     1.02434    
 3.07014     1.02338     2.24008     1.85344     0.19332     3.90020    
Properties:
 Time        Epot        Ekin        Etot        Temp     MSD         Self_diff   LC_a      LC_b      LC_c      Volume      Pressure   
 fs          eV/atom     eV/atom     eV/atom     K        Å^2         mm^2/s      Å         Å         Å         Å^3/atom    eV/Å^3     
 1000        -14.95957   0.02679     -14.93278   207.27   0.0         0.0         5.946     5.946     5.946     23.558    -0.82511   
 1200        -15.33561   0.4003      -14.93532   3096.82  0.0292      4e-05       5.946     5.946     5.946     23.558    -0.74335   
 1400        -15.25624   0.32247     -14.93376   2494.77  0.02234     3e-05       5.946     5.946     5.946     23.558    -0.75874   
 1600        -15.17959   0.24427     -14.93532   1889.75  0.00616     1e-05       5.946     5.946     5.946     23.558    -0.77844   
 1800        -15.12535   0.19177     -14.93358   1483.59  0.04037     4e-05       5.946     5.946     5.946     23.558    -0.77374   
 2000        -15.25038   0.31549     -14.93489   2440.75  0.01009     1e-05       5.946     5.946     5.946     23.558    -0.76399   
 2200        -15.31345   0.37804     -14.9354    2924.67  0.02348     2e-05       5.946     5.946     5.946     23.558    -0.74737   
 2400        -15.27057   0.33535     -14.93522   2594.39  0.02407     2e-05       5.946     5.946     5.946     23.558    -0.75401   
 2600        -15.22751   0.29269     -14.93482   2264.32  0.02472     2e-05       5.946     5.946     5.946     23.558    -0.76599   
 2800        -15.23129   0.2965      -14.93479   2293.83  0.02931     2e-05       5.946     5.946     5.946     23.558    -0.75938   
 3000        -15.2689    0.33385     -14.93506   2582.75  0.02965     2e-05       5.946     5.946     5.946     23.558    -0.75588   
 3200        -15.22399   0.28948     -14.93451   2239.51  0.03313     2e-05       5.946     5.946     5.946     23.558    -0.76201   
 3400        -15.22907   0.29445     -14.93462   2277.99  0.03395     2e-05       5.946     5.946     5.946     23.558    -0.7616    
 3600        -15.21674   0.28208     -14.93466   2182.25  0.03758     2e-05       5.946     5.946     5.946     23.558    -0.76482   
 3800        -15.22575   0.29125     -14.9345    2253.21  0.03774     2e-05       5.946     5.946     5.946     23.558    -0.76304   

Time averages:
             Epot        Ekin        Etot        Temp     MSD         Self_diff   Pressure    Spec_heat  
             eV/atom     eV/atom     eV/atom     K        Å^2         mm^2/s      eV/Å^3      J/(K*Kg)   
             -15.24577   0.31092     -14.93485   2405.37  0.02837     2e-05       -0.75981    -32.86993  