Material ID: 0051
Unit cell composition: Ag250Ca250
Material:  AgCa
Site positions of initial unit cell:
 Ag          Ag          Ca          Ca         
 4.53161     -3.13504    1.49952     -0.10296   
 0.54562     3.31733     1.64181     2.22115    
 1.17797     3.53390     1.17797     3.53390    
Properties:
 Time        Epot        Ekin        Etot        Temp     MSD         Self_diff   LC_a      LC_b      LC_c      Volume      Pressure   
 fs          eV/atom     eV/atom     eV/atom     K        Å^2         mm^2/s      Å         Å         Å         Å^3/atom    eV/Å^3     
 1000        -3.72475    0.02672     -3.69802    206.75   0.0         0.0         5.92      5.92      4.618     25.872    0.03819    
 1200        -3.79306    0.09492     -3.69815    734.3    0.09277     0.00013     5.92      5.92      4.618     25.872    0.0586     
 1400        -3.83954    0.14139     -3.69815    1093.81  0.5333      0.00063     5.92      5.92      4.618     25.872    0.05902    
 1600        -3.89795    0.19974     -3.69821    1545.26  1.18616     0.00124     5.92      5.92      4.618     25.872    0.06114    
 1800        -3.92348    0.22526     -3.69821    1742.72  1.93911     0.0018      5.92      5.92      4.618     25.872    0.05649    
 2000        -3.96012    0.26184     -3.69828    2025.71  2.42578     0.00202     5.92      5.92      4.618     25.872    0.05125    
 2200        -3.97254    0.27423     -3.6983     2121.57  3.16902     0.0024      5.92      5.92      4.618     25.872    0.04636    
 2400        -3.98834    0.29007     -3.69827    2244.05  3.67462     0.00255     5.92      5.92      4.618     25.872    0.04688    
 2600        -4.01953    0.32118     -3.69835    2484.76  4.5877      0.00294     5.92      5.92      4.618     25.872    0.03898    
 2800        -4.06271    0.36424     -3.69847    2817.91  5.72486     0.00341     5.92      5.92      4.618     25.872    0.03668    
 3000        -4.08315    0.38478     -3.69837    2976.78  6.50541     0.00361     5.92      5.92      4.618     25.872    0.03831    

Time averages:
             Epot        Ekin        Etot        Temp     MSD         Self_diff   Pressure    Spec_heat  
             eV/atom     eV/atom     eV/atom     K        Å^2         mm^2/s      eV/Å^3      J/(K*Kg)   
             -3.95404    0.25577     -3.69828    1978.69  2.98387     0.00229     0.04937     -4.39357   