Material ID: 0087
Unit cell composition: Ag1250La250
Material:  Ag5La
Site positions of initial unit cell:
 Ag          Ag          Ag          Ag          Ag          Ag          Ag          Ag          Ag          Ag          La          La         
 2.83252     -0.00000    0.00000     0.00000     4.21899     2.83252     1.44605     -1.38647    -0.00000    1.38647     -0.00000    2.83252    
 1.63535     3.27071     0.00000     0.00000     0.83488     3.23632     0.83488     4.07119     1.66975     4.07119     3.27071     1.63535    
 8.45127     0.83289     4.64208     0.00000     2.42862     2.42862     2.42862     6.85555     6.85555     6.85555     4.16526     5.11890    
Properties:
 Time        Epot        Ekin        Etot        Temp     MSD         Self_diff   LC_a      LC_b      LC_c      Volume      Pressure   
 fs          eV/atom     eV/atom     eV/atom     K        Å^2         mm^2/s      Å         Å         Å         Å^3/atom    eV/Å^3     
 1000        -13.06392   0.02567     -13.03825   198.57   0.0         0.0         5.665     5.665     9.284     21.503    -0.27766   
 1200        -13.2714    0.23214     -13.03926   1795.95  0.05127     7e-05       5.665     5.665     9.284     21.503    -0.233     
 1400        -13.28113   0.24207     -13.03906   1872.78  0.21086     0.00025     5.665     5.665     9.284     21.503    -0.24199   
 1600        -13.36813   0.32896     -13.03917   2544.95  0.56803     0.00059     5.665     5.665     9.284     21.503    -0.23782   
 1800        -13.40384   0.36449     -13.03935   2819.84  0.77121     0.00071     5.665     5.665     9.284     21.503    -0.23352   
 2000        -13.43855   0.39906     -13.03949   3087.26  0.91206     0.00076     5.665     5.665     9.284     21.503    -0.22689   
 2200        -13.4442    0.4047      -13.0395    3130.9   1.03827     0.00079     5.665     5.665     9.284     21.503    -0.22837   
 2400        -13.45823   0.41857     -13.03966   3238.22  1.11563     0.00077     5.665     5.665     9.284     21.503    -0.22526   
 2600        -13.46869   0.42909     -13.03961   3319.55  1.18947     0.00076     5.665     5.665     9.284     21.503    -0.22281   
 2800        -13.47631   0.43667     -13.03964   3378.21  1.25982     0.00075     5.665     5.665     9.284     21.503    -0.22081   
 3000        -13.47902   0.4393      -13.03971   3398.61  1.31947     0.00073     5.665     5.665     9.284     21.503    -0.21848   

Time averages:
             Epot        Ekin        Etot        Temp     MSD         Self_diff   Pressure    Spec_heat  
             eV/atom     eV/atom     eV/atom     K        Å^2         mm^2/s      eV/Å^3      J/(K*Kg)   
             -13.40895   0.36951     -13.03945   2858.63  0.84361     0.00068     -0.2289     -2.84963   