Material ID: 0022
Unit cell composition: Ag500Eu500
Material:  AgEu
Site positions of initial unit cell:
 Ag          Ag          Ag          Ag          Eu          Eu          Eu          Eu         
 3.58256     1.19419     3.58256     1.19419     1.19419     3.58256     3.58256     1.19419    
 5.41114     2.29132     3.94833     0.82851     3.90368     0.78386     2.33597     5.45579    
 6.56941     5.42710     2.57057     1.42826     0.33240     3.66644     7.66527     4.33123    
Properties:
 Time        Epot        Ekin        Etot        Temp     MSD         Self_diff   LC_a      LC_b      LC_c      Volume      Pressure   
 fs          eV/atom     eV/atom     eV/atom     K        Å^2         mm^2/s      Å         Å         Å         Å^3/atom    eV/Å^3     
 1000        -6.00921    0.02575     -5.98346    199.21   0.0         0.0         4.777     6.24      7.998     29.797    0.01198    
 1200        -6.01628    0.03283     -5.98346    253.96   0.00985     1e-05       4.777     6.24      7.998     29.797    0.0106     
 1400        -6.01638    0.03292     -5.98346    254.7    0.01326     2e-05       4.777     6.24      7.998     29.797    0.01322    
 1600        -6.01209    0.02862     -5.98347    221.39   0.02291     2e-05       4.777     6.24      7.998     29.797    0.01072    
 1800        -6.01649    0.03302     -5.98347    255.43   0.02252     2e-05       4.777     6.24      7.998     29.797    0.01297    
 2000        -6.03049    0.047       -5.98349    363.61   0.0174      1e-05       4.777     6.24      7.998     29.797    0.01658    
 2200        -6.01393    0.03046     -5.98347    235.66   0.01564     1e-05       4.777     6.24      7.998     29.797    0.0129     
 2400        -6.01627    0.0328      -5.98347    253.74   0.01946     1e-05       4.777     6.24      7.998     29.797    0.01507    
 2600        -6.03282    0.04933     -5.9835     381.6    0.02612     2e-05       4.777     6.24      7.998     29.797    0.01508    
 2800        -6.03222    0.04872     -5.9835     376.88   0.03698     2e-05       4.777     6.24      7.998     29.797    0.01302    
 3000        -6.01654    0.03307     -5.98348    255.83   0.04792     3e-05       4.777     6.24      7.998     29.797    0.01069    

Time averages:
             Epot        Ekin        Etot        Temp     MSD         Self_diff   Pressure    Spec_heat  
             eV/atom     eV/atom     eV/atom     K        Å^2         mm^2/s      eV/Å^3      J/(K*Kg)   
             -6.02035    0.03688     -5.98348    285.28   0.02321     2e-05       0.01308     -3.4676    