Material ID: 0057
Unit cell composition: Ag375Ge125
Material:  Ag3Ge
Site positions of initial unit cell:
 Ag          Ag          Ag          Ge         
 -0.00000    1.49448     1.49448     -0.00000   
 1.72568     0.86284     0.86284     1.72568    
 0.00000     7.10450     2.38304     4.74377    
Properties:
 Time        Epot        Ekin        Etot        Temp     MSD         Self_diff   LC_a      LC_b      LC_c      Volume      Pressure   
 fs          eV/atom     eV/atom     eV/atom     K        Å^2         mm^2/s      Å         Å         Å         Å^3/atom    eV/Å^3     
 1000        -12.20828   0.02603     -12.18225   201.37   0.0         0.0         2.989     2.989     9.488     18.351    0.71587    
 1200        -12.41473   0.2321      -12.18263   1795.61  0.18963     0.00026     2.989     2.989     9.488     18.351    0.59881    
 1400        -12.45283   0.27011     -12.18272   2089.7   0.31359     0.00037     2.989     2.989     9.488     18.351    0.58239    
 1600        -12.49438   0.31159     -12.18279   2410.58  0.44633     0.00046     2.989     2.989     9.488     18.351    0.56744    
 1800        -12.52378   0.34092     -12.18286   2637.45  0.53542     0.0005      2.989     2.989     9.488     18.351    0.54297    
 2000        -12.53516   0.35229     -12.18287   2725.46  0.66885     0.00056     2.989     2.989     9.488     18.351    0.4919     
 2200        -12.73812   0.55487     -12.18326   4292.64  1.2699      0.00096     2.989     2.989     9.488     18.351    0.40284    
 2400        -12.87175   0.68768     -12.18407   5320.12  4.01647     0.00279     2.989     2.989     9.488     18.351    0.0969     
 2600        -12.85314   0.66866     -12.18449   5172.96  4.75925     0.00305     2.989     2.989     9.488     18.351    0.06417    
 2800        -12.813     0.62922     -12.18378   4867.89  2.85922     0.0017      2.989     2.989     9.488     18.351    0.25091    
 3000        -12.78304   0.59917     -12.18386   4635.42  2.65184     0.00147     2.989     2.989     9.488     18.351    0.27872    
 3200        -12.88353   0.69935     -12.18418   5410.45  3.96244     0.00206     2.989     2.989     9.488     18.351    0.15824    

Time averages:
             Epot        Ekin        Etot        Temp     MSD         Self_diff   Pressure    Spec_heat  
             eV/atom     eV/atom     eV/atom     K        Å^2         mm^2/s      eV/Å^3      J/(K*Kg)   
             -12.69487   0.51139     -12.18349   3956.27  2.14833     0.00151     0.34365     -3.8096    