Material ID: 0086
Unit cell composition: Ag1250La250
Material:  Ag5La
Site positions of initial unit cell:
 Ag          Ag          Ag          Ag          Ag          Ag          Ag          Ag          Ag          Ag          La          La         
 2.83252     -0.00000    0.00000     0.00000     4.21899     2.83252     1.44605     -1.38647    -0.00000    1.38647     -0.00000    2.83252    
 1.63535     3.27071     0.00000     0.00000     0.83488     3.23632     0.83488     4.07119     1.66975     4.07119     3.27071     1.63535    
 8.45127     0.83289     4.64208     0.00000     2.42862     2.42862     2.42862     6.85555     6.85555     6.85555     4.16526     5.11890    
Properties:
 Time        Epot        Ekin        Etot        Temp     MSD         Self_diff   LC_a      LC_b      LC_c      Volume      Pressure   
 fs          eV/atom     eV/atom     eV/atom     K        Å^2         mm^2/s      Å         Å         Å         Å^3/atom    eV/Å^3     
 1000        -11.93179   0.02585     -11.90594   200.0    0.0         0.0         5.552     5.552     9.098     20.238    -0.93144   
 1200        -12.50152   0.59057     -11.91095   4568.84  0.04061     6e-05       5.552     5.552     9.098     20.238    -0.76939   
 1400        -12.46422   0.5533      -11.91092   4280.5   0.15758     0.00019     5.552     5.552     9.098     20.238    -0.79571   
 1600        -12.55865   0.64772     -11.91093   5010.98  0.48719     0.00051     5.552     5.552     9.098     20.238    -0.78916   
 1800        -12.63648   0.72532     -11.91116   5611.36  0.78058     0.00072     5.552     5.552     9.098     20.238    -0.77465   
 2000        -12.66301   0.7514      -11.91161   5813.11  0.94245     0.00079     5.552     5.552     9.098     20.238    -0.77162   
 2200        -12.68552   0.77385     -11.91168   5986.75  1.03603     0.00078     5.552     5.552     9.098     20.238    -0.766     
 2400        -12.70269   0.7912      -11.91149   6120.97  1.20058     0.00083     5.552     5.552     9.098     20.238    -0.76207   
 2600        -12.76029   0.84833     -11.91196   6563.0   1.35269     0.00087     5.552     5.552     9.098     20.238    -0.74963   
 2800        -12.7319    0.82016     -11.91174   6345.07  1.45246     0.00086     5.552     5.552     9.098     20.238    -0.75862   
 3000        -12.7723    0.8603      -11.91201   6655.57  1.49352     0.00083     5.552     5.552     9.098     20.238    -0.74651   
 3200        -12.779     0.86684     -11.91217   6706.15  1.53009     0.0008      5.552     5.552     9.098     20.238    -0.74394   
 3400        -12.76651   0.85446     -11.91206   6610.37  1.59161     0.00078     5.552     5.552     9.098     20.238    -0.74873   

Time averages:
             Epot        Ekin        Etot        Temp     MSD         Self_diff   Pressure    Spec_heat  
             eV/atom     eV/atom     eV/atom     K        Å^2         mm^2/s      eV/Å^3      J/(K*Kg)   
             -12.70563   0.79396     -11.91168   6142.33  1.18672     0.00081     -0.76109    -17.81835  