Material ID: 0033
Unit cell composition: Ag375In125
Material:  Ag3In
Site positions of initial unit cell:
 Ag          Ag          Ag          In         
 0.00000     0.79626     0.00000     0.79626    
 0.00000     1.33205     0.00000     1.33205    
 0.00000     7.32467     4.92998     2.53528    
Properties:
 Time        Epot        Ekin        Etot        Temp     MSD         Self_diff   LC_a      LC_b      LC_c      Volume      Pressure   
 fs          eV/atom     eV/atom     eV/atom     K        Å^2         mm^2/s      Å         Å         Å         Å^3/atom    eV/Å^3     
 1000        -9.27294    0.02611     -9.24683    201.98   0.0         0.0         3.085     3.085     10.057    21.079    0.47326    
 1200        -9.29867    0.05183     -9.24684    400.97   0.04269     6e-05       3.085     3.085     10.057    21.079    0.49381    
 1400        -9.3483     0.10145     -9.24685    784.86   0.25523     0.0003      3.085     3.085     10.057    21.079    0.46362    
 1600        -9.39022    0.14331     -9.24691    1108.68  0.46899     0.00049     3.085     3.085     10.057    21.079    0.40722    
 1800        -9.4761     0.22914     -9.24696    1772.68  0.84831     0.00079     3.085     3.085     10.057    21.079    0.35152    
 2000        -9.52447    0.27732     -9.24715    2145.45  1.78999     0.00149     3.085     3.085     10.057    21.079    0.19193    
 2200        -9.57794    0.33071     -9.24723    2558.45  1.81215     0.00137     3.085     3.085     10.057    21.079    0.227      
 2400        -9.67474    0.42743     -9.24731    3306.75  2.73228     0.0019      3.085     3.085     10.057    21.079    0.22506    
 2600        -9.76744    0.52005     -9.2474     4023.28  5.2427      0.00336     3.085     3.085     10.057    21.079    0.11524    
 2800        -9.82016    0.57219     -9.24797    4426.69  7.54308     0.00449     3.085     3.085     10.057    21.079    0.0265     
 3000        -9.82436    0.57653     -9.24783    4460.26  7.08962     0.00394     3.085     3.085     10.057    21.079    0.06781    

Time averages:
             Epot        Ekin        Etot        Temp     MSD         Self_diff   Pressure    Spec_heat  
             eV/atom     eV/atom     eV/atom     K        Å^2         mm^2/s      eV/Å^3      J/(K*Kg)   
             -9.57024    0.323       -9.24725    2498.81  2.7825      0.00201     0.25697     -1.05101   