Material ID: 0062
Unit cell composition: Ag500La250
Material:  Ag2La
Site positions of initial unit cell:
 Ag          Ag          Ag          Ag          La          La         
 -0.05603    4.14556     1.09494     2.99459     1.13767     2.95187    
 -0.37375    2.19763     2.73709     -0.91321    0.79954     1.02434    
 3.07014     1.02338     2.24008     1.85344     0.19332     3.90020    
Properties:
 Time        Epot        Ekin        Etot        Temp     MSD         Self_diff   LC_a      LC_b      LC_c      Volume      Pressure   
 fs          eV/atom     eV/atom     eV/atom     K        Å^2         mm^2/s      Å         Å         Å         Å^3/atom    eV/Å^3     
 1000        -15.83573   0.0264      -15.80933   204.25   0.0         0.0         6.067     6.067     6.067     25.03     -0.27032   
 1200        -15.89347   0.08357     -15.80991   646.52   0.0013      0.0         6.067     6.067     6.067     25.03     -0.25685   
 1400        -15.9863    0.17553     -15.81077   1357.97  0.0055      1e-05       6.067     6.067     6.067     25.03     -0.23355   
 1600        -15.94192   0.13234     -15.80957   1023.86  0.01431     1e-05       6.067     6.067     6.067     25.03     -0.23783   
 1800        -15.89321   0.08484     -15.80837   656.35   0.02639     2e-05       6.067     6.067     6.067     25.03     -0.24455   
 2000        -15.96745   0.15748     -15.80997   1218.34  0.03936     3e-05       6.067     6.067     6.067     25.03     -0.22935   
 2200        -15.91202   0.10275     -15.80927   794.9    0.05004     4e-05       6.067     6.067     6.067     25.03     -0.24287   
 2400        -15.96248   0.15255     -15.80993   1180.19  0.05144     4e-05       6.067     6.067     6.067     25.03     -0.23368   
 2600        -16.01702   0.20696     -15.81006   1601.14  0.04892     3e-05       6.067     6.067     6.067     25.03     -0.22225   
 2800        -15.99697   0.18724     -15.80973   1448.56  0.04778     3e-05       6.067     6.067     6.067     25.03     -0.22819   
 3000        -15.98209   0.17227     -15.80983   1332.7   0.04938     3e-05       6.067     6.067     6.067     25.03     -0.23459   
 3200        -15.94913   0.13956     -15.80957   1079.7   0.05584     3e-05       6.067     6.067     6.067     25.03     -0.24398   

Time averages:
             Epot        Ekin        Etot        Temp     MSD         Self_diff   Pressure    Spec_heat  
             eV/atom     eV/atom     eV/atom     K        Å^2         mm^2/s      eV/Å^3      J/(K*Kg)   
             -15.96086   0.15115     -15.80971   1169.37  0.0389      3e-05       -0.23508    -3.9287    