Material ID: 0026
Unit cell composition: Ag125Br125
Material:  AgBr
Site positions of initial unit cell:
 Ag          Br         
 0.00000     6.71368    
 0.00000     3.87614    
 0.00000     2.74085    
Properties:
 Time        Epot        Ekin        Etot        Temp     MSD         Self_diff   LC_a      LC_b      LC_c      Volume      Pressure   
 fs          eV/atom     eV/atom     eV/atom     K        Å^2         mm^2/s      Å         Å         Å         Å^3/atom    eV/Å^3     
 1000        -5.1179     0.02648     -5.09143    204.82   0.0         0.0         4.386     4.386     4.386     29.836    0.11926    
 1200        -5.30219    0.21013     -5.09206    1625.61  0.22893     0.00032     4.386     4.386     4.386     29.836    0.19086    
 1400        -5.99339    0.90076     -5.09263    6968.58  1.94584     0.00232     4.386     4.386     4.386     29.836    0.14201    
 1600        -6.6846     1.58959     -5.09501    12297.65 5.85044     0.00609     4.386     4.386     4.386     29.836    0.09718    
 1800        -7.16191    2.06614     -5.09577    15984.37 12.74232    0.0118      4.386     4.386     4.386     29.836    0.04542    
 2000        -7.00438    1.90924     -5.09514    14770.52 18.06992    0.01506     4.386     4.386     4.386     29.836    0.11715    
 2200        -7.08985    1.99384     -5.09601    15425.04 23.82362    0.01805     4.386     4.386     4.386     29.836    0.08184    
 2400        -7.13544    2.0397      -5.09574    15779.82 29.63961    0.02058     4.386     4.386     4.386     29.836    0.09336    
 2600        -7.01345    1.91785     -5.0956     14837.15 34.01989    0.02181     4.386     4.386     4.386     29.836    0.08593    
 2800        -7.01777    1.92327     -5.09449    14879.12 40.28308    0.02398     4.386     4.386     4.386     29.836    0.06971    
 3000        -7.20141    2.1056      -5.09581    16289.69 46.48412    0.02582     4.386     4.386     4.386     29.836    0.07799    
 3200        -7.02424    1.9293      -5.09495    14925.7  52.85319    0.02753     4.386     4.386     4.386     29.836    0.07562    

Time averages:
             Epot        Ekin        Etot        Temp     MSD         Self_diff   Pressure    Spec_heat  
             eV/atom     eV/atom     eV/atom     K        Å^2         mm^2/s      eV/Å^3      J/(K*Kg)   
             -6.93264    1.83753     -5.09511    14215.76 26.5712     0.01897     0.08862     -28.23258  