Material ID: 0059
Unit cell composition: Ag375Ge125
Material:  Ag3Ge
Site positions of initial unit cell:
 Ag          Ag          Ag          Ge         
 -0.00000    1.49448     1.49448     -0.00000   
 1.72568     0.86284     0.86284     1.72568    
 0.00000     7.10450     2.38304     4.74377    
Properties:
 Time        Epot        Ekin        Etot        Temp     MSD         Self_diff   LC_a      LC_b      LC_c      Volume      Pressure   
 fs          eV/atom     eV/atom     eV/atom     K        Å^2         mm^2/s      Å         Å         Å         Å^3/atom    eV/Å^3     
 1000        -10.62147   0.02504     -10.59644   193.68   0.0         0.0         3.109     3.109     9.867     20.643    0.68481    
 1200        -10.9612    0.36408     -10.59712   2816.61  0.35102     0.00049     3.109     3.109     9.867     20.643    0.49777    
 1400        -11.20647   0.60923     -10.59723   4713.24  1.02699     0.00122     3.109     3.109     9.867     20.643    0.35159    
 1600        -11.69166   1.09296     -10.5987    8455.53  3.57056     0.00372     3.109     3.109     9.867     20.643    0.2163     
 1800        -11.8495    1.24975     -10.59975   9668.54  10.41157    0.00964     3.109     3.109     9.867     20.643    -0.04642   
 2000        -11.94505   1.34412     -10.60093   10398.62 12.25572    0.01021     3.109     3.109     9.867     20.643    -0.05836   
 2200        -11.75766   1.1584      -10.59926   8961.76  8.82423     0.00669     3.109     3.109     9.867     20.643    0.13036    
 2400        -11.72238   1.1231      -10.59928   8688.71  8.52416     0.00592     3.109     3.109     9.867     20.643    0.14138    
 2600        -11.92231   1.32154     -10.60077   10223.93 11.17418    0.00716     3.109     3.109     9.867     20.643    0.06094    
 2800        -11.926     1.3251      -10.6009    10251.42 13.23339    0.00788     3.109     3.109     9.867     20.643    -0.0222    
 3000        -11.92281   1.32251     -10.6003    10231.37 11.89848    0.00661     3.109     3.109     9.867     20.643    0.08558    

Time averages:
             Epot        Ekin        Etot        Temp     MSD         Self_diff   Pressure    Spec_heat  
             eV/atom     eV/atom     eV/atom     K        Å^2         mm^2/s      eV/Å^3      J/(K*Kg)   
             -11.6905    1.09108     -10.59942   8440.97  8.12703     0.00656     0.13569     -4.58255   