Material ID: 0083
Unit cell composition: Ag250I250
Material:  AgI
Site positions of initial unit cell:
 Ag          Ag          I           I          
 1.09909     3.29728     3.29728     1.09909    
 0.91788     3.59923     3.24916     1.26794    
 4.73411     1.36070     4.51839     1.57642    
Properties:
 Time        Epot        Ekin        Etot        Temp     MSD         Self_diff   LC_a      LC_b      LC_c      Volume      Pressure   
 fs          eV/atom     eV/atom     eV/atom     K        Å^2         mm^2/s      Å         Å         Å         Å^3/atom    eV/Å^3     
 1000        -5.64393    0.02687     -5.61706    207.85   0.0         0.0         4.484     4.437     6.219     30.922    0.27697    
 1200        -5.93611    0.31901     -5.61709    2467.99  0.3484      0.00048     4.484     4.437     6.219     30.922    0.20171    
 1400        -6.70062    1.08273     -5.61789    8376.38  2.94751     0.00351     4.484     4.437     6.219     30.922    0.11508    
 1600        -6.82854    1.21039     -5.61816    9363.97  6.10152     0.00636     4.484     4.437     6.219     30.922    0.10432    
 1800        -6.97908    1.36064     -5.61844    10526.37 9.94888     0.00921     4.484     4.437     6.219     30.922    0.07949    
 2000        -7.12801    1.50912     -5.61889    11675.06 13.05542    0.01088     4.484     4.437     6.219     30.922    0.08481    
 2200        -7.24319    1.6243      -5.61889    12566.13 16.48195    0.01249     4.484     4.437     6.219     30.922    0.07718    
 2400        -7.37514    1.75642     -5.61872    13588.27 20.03261    0.01391     4.484     4.437     6.219     30.922    0.07001    
 2600        -7.35113    1.73163     -5.6195     13396.5  23.9262     0.01534     4.484     4.437     6.219     30.922    0.07758    
 2800        -7.25466    1.63525     -5.61941    12650.85 27.07874    0.01612     4.484     4.437     6.219     30.922    0.07289    
 3000        -7.24834    1.62968     -5.61866    12607.77 30.22866    0.01679     4.484     4.437     6.219     30.922    0.06778    

Time averages:
             Epot        Ekin        Etot        Temp     MSD         Self_diff   Pressure    Spec_heat  
             eV/atom     eV/atom     eV/atom     K        Å^2         mm^2/s      eV/Å^3      J/(K*Kg)   
             -7.00448    1.38592     -5.61857    10721.93 15.01499    0.01162     0.09509     -3.70048   