Material ID: 0053
Unit cell composition: Ag250Ca250
Material:  AgCa
Site positions of initial unit cell:
 Ag          Ag          Ca          Ca         
 4.53161     -3.13504    1.49952     -0.10296   
 0.54562     3.31733     1.64181     2.22115    
 1.17797     3.53390     1.17797     3.53390    
Properties:
 Time        Epot        Ekin        Etot        Temp     MSD         Self_diff   LC_a      LC_b      LC_c      Volume      Pressure   
 fs          eV/atom     eV/atom     eV/atom     K        Å^2         mm^2/s      Å         Å         Å         Å^3/atom    eV/Å^3     
 1000        -3.47651    0.02591     -3.45061    200.42   0.0         0.0         6.162     6.162     4.806     29.171    0.10763    
 1200        -3.49182    0.04121     -3.45061    318.81   0.05753     8e-05       6.162     6.162     4.806     29.171    0.09288    
 1400        -3.55816    0.10749     -3.45067    831.59   0.39035     0.00046     6.162     6.162     4.806     29.171    0.08501    
 1600        -3.60503    0.15436     -3.45067    1194.18  0.87757     0.00091     6.162     6.162     4.806     29.171    0.06833    
 1800        -3.67938    0.22864     -3.45074    1768.81  1.75172     0.00162     6.162     6.162     4.806     29.171    0.05995    
 2000        -3.71883    0.26805     -3.45078    2073.75  2.69034     0.00224     6.162     6.162     4.806     29.171    0.05543    
 2200        -3.77558    0.32478     -3.4508     2512.62  3.68769     0.00279     6.162     6.162     4.806     29.171    0.05406    
 2400        -3.78656    0.33578     -3.45078    2597.73  5.41617     0.00376     6.162     6.162     4.806     29.171    0.04618    
 2600        -3.82927    0.37839     -3.45088    2927.36  6.74496     0.00432     6.162     6.162     4.806     29.171    0.03832    
 2800        -3.86602    0.41506     -3.45095    3211.09  8.43809     0.00502     6.162     6.162     4.806     29.171    0.03661    
 3000        -3.88908    0.43812     -3.45096    3389.46  9.78371     0.00544     6.162     6.162     4.806     29.171    0.02936    

Time averages:
             Epot        Ekin        Etot        Temp     MSD         Self_diff   Pressure    Spec_heat  
             eV/atom     eV/atom     eV/atom     K        Å^2         mm^2/s      eV/Å^3      J/(K*Kg)   
             -3.71997    0.26919     -3.45078    2082.54  3.98381     0.00295     0.05661     -2.29003   