Material ID: 0067
Unit cell composition: Ag1000Li2250
Material:  Ag4Li9
Site positions of initial unit cell:
 Ag          Ag          Ag          Ag          Ag          Ag          Ag          Ag          Li          Li          Li          Li          Li          Li          Li          Li          Li          Li          Li          Li          Li          Li          Li          Li          Li          Li         
 10.73339    8.58663     13.29975    6.02027     7.87535     5.05528     12.72540    11.44467    4.60474     16.25462    11.42788    9.32902     6.62261     7.89214     9.99100     12.69741    8.04492     11.27510    6.52080     12.79922    8.17717     4.88078     9.66001     11.14286    14.43923    9.66001    
 6.76269     5.25984     1.56530     6.76839     1.96049     0.01814     4.85175     4.45922     2.51805     4.50709     2.37921     4.32671     2.43207     4.90642     0.02448     1.91912     0.00297     2.26428     4.49298     0.00542     0.06079     2.41691     4.37067     6.80072     4.44459     2.35351    
 5.26489     6.76661     6.76956     1.57035     4.46068     2.51806     4.51071     1.96382     0.02002     4.85511     4.90820     0.02771     1.92093     2.38288     4.32673     2.43350     2.26428     0.00466     0.00877     4.49299     6.80077     4.44640     4.37393     0.06587     2.42023     2.35526    
Properties:
 Time        Epot        Ekin        Etot        Temp     MSD         Self_diff   LC_a      LC_b      LC_c      Volume      Pressure   
 fs          eV/atom     eV/atom     eV/atom     K        Å^2         mm^2/s      Å         Å         Å         Å^3/atom    eV/Å^3     
 1000        -7.69965    0.02636     -7.6733     203.91   0.0         0.0         9.66      8.393     8.335     17.32     0.49914    
 1200        -7.81349    0.13927     -7.67422    1077.46  0.3505      0.00049     9.66      8.393     8.335     17.32     0.3912     
 1400        -7.93607    0.26025     -7.67582    2013.36  1.3476      0.0016      9.66      8.393     8.335     17.32     0.25689    
 1600        -8.04303    0.36524     -7.67779    2825.64  3.25798     0.00339     9.66      8.393     8.335     17.32     0.15688    
 1800        -8.10142    0.42316     -7.67826    3273.75  4.7855      0.00443     9.66      8.393     8.335     17.32     0.12208    
 2000        -8.14355    0.46578     -7.67777    3603.47  5.98055     0.00498     9.66      8.393     8.335     17.32     0.11877    
 2200        -8.17158    0.49445     -7.67714    3825.22  7.05583     0.00535     9.66      8.393     8.335     17.32     0.10459    
 2400        -8.1909     0.51559     -7.67531    3988.75  7.84164     0.00545     9.66      8.393     8.335     17.32     0.11462    
 2600        -8.20139    0.52908     -7.67231    4093.13  8.64879     0.00554     9.66      8.393     8.335     17.32     0.09987    
 2800        -8.20888    0.54124     -7.66763    4187.24  9.20228     0.00548     9.66      8.393     8.335     17.32     0.09821    
 3000        -8.20487    0.54672     -7.65815    4229.63  9.44937     0.00525     9.66      8.393     8.335     17.32     0.10333    

Time averages:
             Epot        Ekin        Etot        Temp     MSD         Self_diff   Pressure    Spec_heat  
             eV/atom     eV/atom     eV/atom     K        Å^2         mm^2/s      eV/Å^3      J/(K*Kg)   
             -8.10152    0.42808     -7.67344    3311.76  5.792       0.00461     0.15664     -1.67981   