Material ID: 0080
Unit cell composition: Ag250I250
Material:  AgI
Site positions of initial unit cell:
 Ag          Ag          I           I          
 1.09909     3.29728     3.29728     1.09909    
 0.91788     3.59923     3.24916     1.26794    
 4.73411     1.36070     4.51839     1.57642    
Properties:
 Time        Epot        Ekin        Etot        Temp     MSD         Self_diff   LC_a      LC_b      LC_c      Volume      Pressure   
 fs          eV/atom     eV/atom     eV/atom     K        Å^2         mm^2/s      Å         Å         Å         Å^3/atom    eV/Å^3     
 1000        -6.98398    0.02573     -6.95825    199.03   0.0         0.0         4.221     4.176     5.853     25.78     0.24708    
 1200        -7.28759    0.32894     -6.95865    2544.77  0.40107     0.00056     4.221     4.176     5.853     25.78     0.3414     
 1400        -7.6212     0.66223     -6.95897    5123.21  1.59203     0.0019      4.221     4.176     5.853     25.78     0.24177    
 1600        -7.90004    0.94069     -6.95935    7277.48  3.40283     0.00354     4.221     4.176     5.853     25.78     0.17588    
 1800        -8.10843    1.14832     -6.96011    8883.84  5.67488     0.00525     4.221     4.176     5.853     25.78     0.1228     
 2000        -8.18253    1.2225      -6.96003    9457.71  7.66122     0.00638     4.221     4.176     5.853     25.78     0.11598    
 2200        -8.25568    1.29544     -6.96024    10021.96 9.80211     0.00743     4.221     4.176     5.853     25.78     0.11483    
 2400        -8.19256    1.23235     -6.96021    9533.89  11.78246    0.00818     4.221     4.176     5.853     25.78     0.10943    
 2600        -8.22291    1.26292     -6.95999    9770.41  13.43717    0.00861     4.221     4.176     5.853     25.78     0.10921    
 2800        -8.30506    1.34493     -6.96013    10404.86 15.24857    0.00908     4.221     4.176     5.853     25.78     0.09836    
 3000        -8.33512    1.37528     -6.95984    10639.62 17.26334    0.00959     4.221     4.176     5.853     25.78     0.06507    
 3200        -8.402      1.44143     -6.96057    11151.4  19.24417    0.01002     4.221     4.176     5.853     25.78     0.08879    

Time averages:
             Epot        Ekin        Etot        Temp     MSD         Self_diff   Pressure    Spec_heat  
             eV/atom     eV/atom     eV/atom     K        Å^2         mm^2/s      eV/Å^3      J/(K*Kg)   
             -8.15255    1.19261     -6.95994    9226.44  10.51088    0.00756     0.12421     -10.2907   