Material ID: 0018
Unit cell composition: Ag125I125
Material:  AgI
Site positions of initial unit cell:
 Ag          I          
 0.00000     0.00000    
 0.00000     0.00000    
 7.86387     5.30161    
Properties:
 Time        Epot        Ekin        Etot        Temp     MSD         Self_diff   LC_a      LC_b      LC_c      Volume      Pressure   
 fs          eV/atom     eV/atom     eV/atom     K        Å^2         mm^2/s      Å         Å         Å         Å^3/atom    eV/Å^3     
 1000        -0.24903    0.02436     -0.22467    188.44   0.0         0.0         10.566    10.566    8.041     388.725   -0.0128    
 1200        -0.6123     0.38539     -0.22692    2981.49  1.73304     0.00241     10.566    10.566    8.041     388.725   -0.00182   
 1400        -0.44011    0.21346     -0.22665    1651.38  0.78162     0.00093     10.566    10.566    8.041     388.725   0.001      
 1600        -0.37498    0.14831     -0.22666    1147.41  1.34482     0.0014      10.566    10.566    8.041     388.725   0.00116    
 1800        -0.46923    0.24249     -0.22674    1876.02  2.36711     0.00219     10.566    10.566    8.041     388.725   0.00099    
 2000        -0.45714    0.23043     -0.2267     1782.71  2.36489     0.00197     10.566    10.566    8.041     388.725   0.00024    
 2200        -0.51685    0.29007     -0.22678    2244.11  2.90882     0.0022      10.566    10.566    8.041     388.725   0.00116    
 2400        -0.5319     0.30523     -0.22667    2361.4   3.99454     0.00277     10.566    10.566    8.041     388.725   0.00065    
 2600        -0.57292    0.34615     -0.22677    2677.96  5.82598     0.00373     10.566    10.566    8.041     388.725   0.00056    
 2800        -0.55575    0.32907     -0.22667    2545.83  8.53271     0.00508     10.566    10.566    8.041     388.725   0.00079    
 3000        -0.63107    0.40433     -0.22674    3128.05  12.84899    0.00714     10.566    10.566    8.041     388.725   0.0006     
 3200        -0.67141    0.44463     -0.22678    3439.84  18.11786    0.00944     10.566    10.566    8.041     388.725   0.00051    
 3400        -0.7172     0.49046     -0.22674    3794.34  25.53698    0.01252     10.566    10.566    8.041     388.725   0.00107    

Time averages:
             Epot        Ekin        Etot        Temp     MSD         Self_diff   Pressure    Spec_heat  
             eV/atom     eV/atom     eV/atom     K        Å^2         mm^2/s      eV/Å^3      J/(K*Kg)   
             -0.54985    0.32312     -0.22672    2499.77  8.38427     0.00523     0.00077     -7.33605   