Material ID: 0077
Unit cell composition: Ag500Lu125
Material:  Ag4Lu
Site positions of initial unit cell:
 Ag          Ag          Ag          Ag          Lu         
 0.00000     1.73007     -0.94776    1.77100     -0.90684   
 0.00000     1.51587     2.67169     -0.76441    0.39142    
 0.00000     1.92892     0.98770     3.82515     2.88393    
Properties:
 Time        Epot        Ekin        Etot        Temp     MSD         Self_diff   LC_a      LC_b      LC_c      Volume      Pressure   
 fs          eV/atom     eV/atom     eV/atom     K        Å^2         mm^2/s      Å         Å         Å         Å^3/atom    eV/Å^3     
 1000        -11.31732   0.02516     -11.29216   194.66   0.0         0.0         5.242     5.242     5.242     19.248    -0.44819   
 1200        -11.34999   0.05908     -11.29091   457.05   0.03085     4e-05       5.242     5.242     5.242     19.248    -0.51569   
 1400        -11.38948   0.09702     -11.29246   750.6    0.00776     1e-05       5.242     5.242     5.242     19.248    -0.4351    
 1600        -11.54291   0.24859     -11.29432   1923.2   0.0283      3e-05       5.242     5.242     5.242     19.248    -0.44342   
 1800        -11.56836   0.27404     -11.29432   2120.06  0.02341     2e-05       5.242     5.242     5.242     19.248    -0.40686   
 2000        -11.57578   0.28165     -11.29412   2178.95  0.03085     3e-05       5.242     5.242     5.242     19.248    -0.41521   
 2200        -11.55937   0.26526     -11.29412   2052.11  0.04079     3e-05       5.242     5.242     5.242     19.248    -0.42645   
 2400        -11.54393   0.25007     -11.29387   1934.62  0.03886     3e-05       5.242     5.242     5.242     19.248    -0.42273   
 2600        -11.54684   0.25296     -11.29388   1956.98  0.04659     3e-05       5.242     5.242     5.242     19.248    -0.42564   
 2800        -11.56551   0.2715      -11.29401   2100.43  0.04769     3e-05       5.242     5.242     5.242     19.248    -0.4195    
 3000        -11.55722   0.26323     -11.29399   2036.45  0.05895     3e-05       5.242     5.242     5.242     19.248    -0.42403   
 3200        -11.56099   0.26699     -11.294     2065.55  0.0656      3e-05       5.242     5.242     5.242     19.248    -0.42301   
 3400        -11.5555    0.2615      -11.294     2023.09  0.10091     5e-05       5.242     5.242     5.242     19.248    -0.43146   
 3600        -11.57589   0.28189     -11.29399   2180.83  0.29109     0.00013     5.242     5.242     5.242     19.248    -0.45081   
 3800        -11.57449   0.2805      -11.29399   2170.05  0.29959     0.00013     5.242     5.242     5.242     19.248    -0.45405   

Time averages:
             Epot        Ekin        Etot        Temp     MSD         Self_diff   Pressure    Spec_heat  
             eV/atom     eV/atom     eV/atom     K        Å^2         mm^2/s      eV/Å^3      J/(K*Kg)   
             -11.56155   0.26756     -11.294     2069.91  0.10209     5e-05       -0.42929    320.68519  