Material ID: 0085
Unit cell composition: Ag1250La250
Material:  Ag5La
Site positions of initial unit cell:
 Ag          Ag          Ag          Ag          Ag          Ag          Ag          Ag          Ag          Ag          La          La         
 2.83252     -0.00000    0.00000     0.00000     4.21899     2.83252     1.44605     -1.38647    -0.00000    1.38647     -0.00000    2.83252    
 1.63535     3.27071     0.00000     0.00000     0.83488     3.23632     0.83488     4.07119     1.66975     4.07119     3.27071     1.63535    
 8.45127     0.83289     4.64208     0.00000     2.42862     2.42862     2.42862     6.85555     6.85555     6.85555     4.16526     5.11890    
Properties:
 Time        Epot        Ekin        Etot        Temp     MSD         Self_diff   LC_a      LC_b      LC_c      Volume      Pressure   
 fs          eV/atom     eV/atom     eV/atom     K        Å^2         mm^2/s      Å         Å         Å         Å^3/atom    eV/Å^3     
 1000        -8.55004    0.02647     -8.52356    204.81   0.0         0.0         5.438     5.438     8.913     19.024    -2.26216   
 1200        -9.60194    1.05398     -8.54796    8153.96  0.12614     0.00018     5.438     5.438     8.913     19.024    -1.97697   
 1400        -10.09625   1.54011     -8.55614    11914.84 0.18386     0.00022     5.438     5.438     8.913     19.024    -1.84772   
 1600        -10.34208   1.78435     -8.55773    13804.37 0.51452     0.00054     5.438     5.438     8.913     19.024    -1.79431   
 1800        -10.41339   1.8542      -8.55919    14344.76 0.79875     0.00074     5.438     5.438     8.913     19.024    -1.78351   
 2000        -10.45194   1.89281     -8.55913    14643.46 0.9485      0.00079     5.438     5.438     8.913     19.024    -1.77484   
 2200        -10.4907    1.93043     -8.56027    14934.46 1.03241     0.00078     5.438     5.438     8.913     19.024    -1.77168   
 2400        -10.50876   1.94919     -8.55957    15079.58 1.11171     0.00077     5.438     5.438     8.913     19.024    -1.76545   
 2600        -10.53593   1.97593     -8.56       15286.48 1.18121     0.00076     5.438     5.438     8.913     19.024    -1.75649   
 2800        -10.53853   1.97906     -8.55947    15310.68 1.33732     0.0008      5.438     5.438     8.913     19.024    -1.75815   
 3000        -10.5734    2.01282     -8.56058    15571.9  1.4952      0.00083     5.438     5.438     8.913     19.024    -1.75196   
 3200        -10.57282   2.01158     -8.56124    15562.28 1.63791     0.00085     5.438     5.438     8.913     19.024    -1.75248   
 3400        -10.62178   2.06072     -8.56105    15942.47 1.72245     0.00084     5.438     5.438     8.913     19.024    -1.74144   

Time averages:
             Epot        Ekin        Etot        Temp     MSD         Self_diff   Pressure    Spec_heat  
             eV/atom     eV/atom     eV/atom     K        Å^2         mm^2/s      eV/Å^3      J/(K*Kg)   
             -10.50493   1.94511     -8.55982    15048.04 1.178       0.0008      -1.76503    -176.04108 