Material ID: 0054
Unit cell composition: Ag250Ca250
Material:  AgCa
Site positions of initial unit cell:
 Ag          Ag          Ca          Ca         
 4.53161     -3.13504    1.49952     -0.10296   
 0.54562     3.31733     1.64181     2.22115    
 1.17797     3.53390     1.17797     3.53390    
Properties:
 Time        Epot        Ekin        Etot        Temp     MSD         Self_diff   LC_a      LC_b      LC_c      Volume      Pressure   
 fs          eV/atom     eV/atom     eV/atom     K        Å^2         mm^2/s      Å         Å         Å         Å^3/atom    eV/Å^3     
 1000        -3.25409    0.02675     -3.22735    206.92   0.0         0.0         6.282     6.282     4.9       30.921    0.11085    
 1200        -3.30338    0.07598     -3.22739    587.84   0.09229     0.00013     6.282     6.282     4.9       30.921    0.09505    
 1400        -3.35336    0.12594     -3.22742    974.32   0.43804     0.00052     6.282     6.282     4.9       30.921    0.07602    
 1600        -3.42372    0.19628     -3.22744    1518.53  1.03038     0.00107     6.282     6.282     4.9       30.921    0.06362    
 1800        -3.49255    0.26503     -3.22751    2050.39  1.97324     0.00183     6.282     6.282     4.9       30.921    0.05249    
 2000        -3.57472    0.34711     -3.2276     2685.39  3.07446     0.00256     6.282     6.282     4.9       30.921    0.0511     
 2200        -3.6038     0.37618     -3.22762    2910.29  4.6121      0.00349     6.282     6.282     4.9       30.921    0.04186    
 2400        -3.65941    0.43173     -3.22768    3340.02  6.57592     0.00457     6.282     6.282     4.9       30.921    0.03515    
 2600        -3.72859    0.50084     -3.22775    3874.68  8.63638     0.00554     6.282     6.282     4.9       30.921    0.02271    
 2800        -3.7695     0.54158     -3.22792    4189.88  10.5132     0.00626     6.282     6.282     4.9       30.921    0.02004    
 3000        -3.74922    0.5215      -3.22773    4034.47  11.47213    0.00637     6.282     6.282     4.9       30.921    0.02249    

Time averages:
             Epot        Ekin        Etot        Temp     MSD         Self_diff   Pressure    Spec_heat  
             eV/atom     eV/atom     eV/atom     K        Å^2         mm^2/s      eV/Å^3      J/(K*Kg)   
             -3.56583    0.33822     -3.22761    2616.58  4.84181     0.00358     0.04805     -2.33719   