Material ID: Cu3
Unit cell composition: Cu500
Material: Cu
Properties:
 Time        Epot        Ekin        Etot        Temp     MSD         Self_diff   LC_a      LC_b      LC_c      Volume      Pressure    DebyeT   Lindemann  
 fs          eV/atom     eV/atom     eV/atom     K        Å^2         mm^2/s      Å         Å         Å         Å^3/atom    Pa          K        1          
 0           -16.83255   0.0404      -16.79216   312.52   0.0         __________  3.672     3.672     3.672     12.378    46699827173.7377 inf      0.0        
 100         -16.81888   0.02676     -16.79212   207.02   0.0011      2e-05       3.672     3.672     3.672     12.378    45598082368.25464 1137.96  0.00255    
 200         -16.82876   0.03655     -16.79221   282.8    0.00257     2e-05       3.672     3.672     3.672     12.378    46332898271.69402 869.74   0.0039     
 300         -16.84268   0.05037     -16.79231   389.7    0.00483     3e-05       3.672     3.672     3.672     12.378    47390831554.26414 744.25   0.00536    
 400         -16.85302   0.06063     -16.7924    469.05   0.00821     3e-05       3.672     3.672     3.672     12.378    48174326588.98856 626.36   0.00698    
 500         -16.86384   0.07136     -16.79249   552.06   0.01254     4e-05       3.672     3.672     3.672     12.378    49013850933.44343 549.95   0.00863    
 600         -16.87562   0.08308     -16.79254   642.77   0.01752     5e-05       3.672     3.672     3.672     12.378    49922106288.89492 502.07   0.0102     
 700         -16.87754   0.08498     -16.79256   657.42   0.02375     6e-05       3.672     3.672     3.672     12.378    50063774995.67487 436.08   0.01187    
 800         -16.87434   0.08183     -16.79251   633.05   0.0304      6e-05       3.672     3.672     3.672     12.378    49851672895.84522 378.23   0.01343    
 900         -16.86492   0.07245     -16.79247   560.52   0.03805     7e-05       3.672     3.672     3.672     12.378    49209131433.37012 318.14   0.01502    
 1000        -16.86428   0.07185     -16.79243   555.85   0.0461      8e-05       3.672     3.672     3.672     12.378    49122573270.05641 287.81   0.01654    
 1100        -16.86197   0.06953     -16.79244   537.93   0.05517     8e-05       3.672     3.672     3.672     12.378    48951167520.73904 258.83   0.01809    
 1200        -16.86653   0.07406     -16.79247   572.95   0.06494     9e-05       3.672     3.672     3.672     12.378    49267235808.07233 246.2    0.01963    
 1300        -16.8657    0.07322     -16.79248   566.47   0.07548     0.0001      3.672     3.672     3.672     12.378    49205108738.86777 227.07   0.02116    
 1400        -16.87252   0.08002     -16.7925    619.04   0.08673     0.0001      3.672     3.672     3.672     12.378    49709206001.91846 221.44   0.02268    
 1500        -16.86678   0.07431     -16.79248   574.85   0.09913     0.00011     3.672     3.672     3.672     12.378    49294518787.77547 199.61   0.02425    
 1600        -16.86557   0.07309     -16.79248   565.45   0.11238     0.00012     3.672     3.672     3.672     12.378    49198687123.13746 185.92   0.02582    
 1700        -16.86393   0.07146     -16.79247   552.86   0.1263      0.00012     3.672     3.672     3.672     12.378    49099325146.08021 173.42   0.02737    
 1800        -16.8642    0.07173     -16.79247   554.91   0.14088     0.00013     3.672     3.672     3.672     12.378    49146953967.80759 164.5    0.02891    

Time averages:
             Epot        Ekin        Etot        Temp     MSD         Self_diff   Pressure    Spec_heat   DebyeT   Lindemann  
             eV/atom     eV/atom     eV/atom     K        Å^2         mm^2/s      Pa          J/(K*Kg)    K        1          
             -16.86564   0.07317     -16.79247   566.08   0.08452     0.0001      49220390779.78249 196.94367   228.29   0.02195    