Material ID: 0023
Unit cell composition: Ag500Eu500
Material:  AgEu
Site positions of initial unit cell:
 Ag          Ag          Ag          Ag          Eu          Eu          Eu          Eu         
 3.58256     1.19419     3.58256     1.19419     1.19419     3.58256     3.58256     1.19419    
 5.41114     2.29132     3.94833     0.82851     3.90368     0.78386     2.33597     5.45579    
 6.56941     5.42710     2.57057     1.42826     0.33240     3.66644     7.66527     4.33123    
Properties:
 Time        Epot        Ekin        Etot        Temp     MSD         Self_diff   LC_a      LC_b      LC_c      Volume      Pressure   
 fs          eV/atom     eV/atom     eV/atom     K        Å^2         mm^2/s      Å         Å         Å         Å^3/atom    eV/Å^3     
 1000        -5.84561    0.02579     -5.81982    199.52   0.0         0.0         4.872     6.364     8.158     31.62     0.07537    
 1200        -5.91299    0.09308     -5.81992    720.08   0.02394     3e-05       4.872     6.364     8.158     31.62     0.08084    
 1400        -5.86497    0.0451      -5.81986    348.93   0.04997     6e-05       4.872     6.364     8.158     31.62     0.06529    
 1600        -5.90275    0.08283     -5.81992    640.82   0.02417     3e-05       4.872     6.364     8.158     31.62     0.07818    
 1800        -5.87982    0.05994     -5.81988    463.7    0.01719     2e-05       4.872     6.364     8.158     31.62     0.07896    
 2000        -5.8963     0.07639     -5.81991    590.97   0.04094     3e-05       4.872     6.364     8.158     31.62     0.0778     
 2200        -5.88636    0.06648     -5.81988    514.3    0.04832     4e-05       4.872     6.364     8.158     31.62     0.07115    
 2400        -5.87983    0.05994     -5.81988    463.74   0.03438     2e-05       4.872     6.364     8.158     31.62     0.0731     
 2600        -5.89674    0.07684     -5.8199     594.46   0.04209     3e-05       4.872     6.364     8.158     31.62     0.0788     
 2800        -5.87397    0.0541      -5.81987    418.56   0.06694     4e-05       4.872     6.364     8.158     31.62     0.07509    
 3000        -5.89932    0.07941     -5.81991    614.34   0.06325     4e-05       4.872     6.364     8.158     31.62     0.07747    

Time averages:
             Epot        Ekin        Etot        Temp     MSD         Self_diff   Pressure    Spec_heat  
             eV/atom     eV/atom     eV/atom     K        Å^2         mm^2/s      eV/Å^3      J/(K*Kg)   
             -5.88931    0.06941     -5.81989    536.99   0.04112     3e-05       0.07567     -3.68041   