Material ID: 0064
Unit cell composition: Ag500La250
Material:  Ag2La
Site positions of initial unit cell:
 Ag          Ag          Ag          Ag          La          La         
 -0.05603    4.14556     1.09494     2.99459     1.13767     2.95187    
 -0.37375    2.19763     2.73709     -0.91321    0.79954     1.02434    
 3.07014     1.02338     2.24008     1.85344     0.19332     3.90020    
Properties:
 Time        Epot        Ekin        Etot        Temp     MSD         Self_diff   LC_a      LC_b      LC_c      Volume      Pressure   
 fs          eV/atom     eV/atom     eV/atom     K        Å^2         mm^2/s      Å         Å         Å         Å^3/atom    eV/Å^3     
 1000        -15.32901   0.02568     -15.30333   198.7    0.0         0.0         6.31      6.31      6.31      28.156    0.18069    
 1200        -15.65124   0.34582     -15.30542   2675.36  0.0401      6e-05       6.31      6.31      6.31      28.156    0.26019    
 1400        -15.69591   0.39045     -15.30546   3020.65  0.01505     2e-05       6.31      6.31      6.31      28.156    0.26518    
 1600        -15.58617   0.28142     -15.30476   2177.13  0.04016     4e-05       6.31      6.31      6.31      28.156    0.25597    
 1800        -15.51151   0.20739     -15.30412   1604.44  0.03467     3e-05       6.31      6.31      6.31      28.156    0.23651    
 2000        -15.64671   0.34211     -15.3046    2646.7   0.03708     3e-05       6.31      6.31      6.31      28.156    0.2649     
 2200        -15.60024   0.29571     -15.30453   2287.69  0.04616     3e-05       6.31      6.31      6.31      28.156    0.25584    
 2400        -15.57263   0.2681      -15.30454   2074.09  0.04088     3e-05       6.31      6.31      6.31      28.156    0.24696    
 2600        -15.60166   0.29693     -15.30473   2297.14  0.06144     4e-05       6.31      6.31      6.31      28.156    0.25682    
 2800        -15.58078   0.2762      -15.30458   2136.76  0.04081     2e-05       6.31      6.31      6.31      28.156    0.24678    
 3000        -15.55759   0.25304     -15.30456   1957.57  0.07662     4e-05       6.31      6.31      6.31      28.156    0.24817    
 3200        -15.57053   0.26593     -15.30459   2057.36  0.04809     3e-05       6.31      6.31      6.31      28.156    0.24461    
 3400        -15.56928   0.26472     -15.30456   2047.98  0.0771      4e-05       6.31      6.31      6.31      28.156    0.24969    
 3600        -15.57331   0.26877     -15.30454   2079.3   0.05608     3e-05       6.31      6.31      6.31      28.156    0.24549    

Time averages:
             Epot        Ekin        Etot        Temp     MSD         Self_diff   Pressure    Spec_heat  
             eV/atom     eV/atom     eV/atom     K        Å^2         mm^2/s      eV/Å^3      J/(K*Kg)   
             -15.57842   0.27389     -15.30453   2118.9   0.05189     3e-05       0.24958     -17.14822  