Material ID: 0015
Unit cell composition: Ag125I125
Material:  AgI
Site positions of initial unit cell:
 Ag          I          
 0.00000     0.00000    
 0.00000     0.00000    
 7.86387     5.30161    
Properties:
 Time        Epot        Ekin        Etot        Temp     MSD         Self_diff   LC_a      LC_b      LC_c      Volume      Pressure   
 fs          eV/atom     eV/atom     eV/atom     K        Å^2         mm^2/s      Å         Å         Å         Å^3/atom    eV/Å^3     
 1000        -0.27403    0.02819     -0.24584    218.11   0.0         0.0         9.944     9.944     7.568     324.083   -0.01519   
 1200        -0.71031    0.46239     -0.24792    3577.21  1.06688     0.00148     9.944     9.944     7.568     324.083   0.00238    
 1400        -0.55201    0.3042      -0.24781    2353.42  0.90738     0.00108     9.944     9.944     7.568     324.083   0.00194    
 1600        -0.48526    0.23738     -0.24787    1836.46  2.58933     0.0027      9.944     9.944     7.568     324.083   -0.00044   
 1800        -0.41071    0.16285     -0.24786    1259.83  3.0914      0.00286     9.944     9.944     7.568     324.083   0.00113    
 2000        -0.56072    0.31283     -0.24789    2420.19  3.90649     0.00326     9.944     9.944     7.568     324.083   0.00014    
 2200        -0.61587    0.36793     -0.24794    2846.47  5.39887     0.00409     9.944     9.944     7.568     324.083   0.00137    
 2400        -0.61822    0.37032     -0.2479     2864.92  8.15995     0.00567     9.944     9.944     7.568     324.083   -0.00041   
 2600        -0.707      0.459       -0.248      3550.99  12.58959    0.00807     9.944     9.944     7.568     324.083   0.00127    
 2800        -0.79359    0.54565     -0.24794    4221.36  18.54157    0.01104     9.944     9.944     7.568     324.083   0.00109    
 3000        -0.92419    0.6762      -0.24799    5231.33  26.51545    0.01473     9.944     9.944     7.568     324.083   0.00129    
 3200        -1.0062     0.75815     -0.24805    5865.33  35.76548    0.01863     9.944     9.944     7.568     324.083   0.0011     

Time averages:
             Epot        Ekin        Etot        Temp     MSD         Self_diff   Pressure    Spec_heat  
             eV/atom     eV/atom     eV/atom     K        Å^2         mm^2/s      eV/Å^3      J/(K*Kg)   
             -0.66738    0.41945     -0.24793    3245.03  11.74655    0.00789     0.00085     -3.54603   