Material ID: Cu2
Unit cell composition: Cu500
Material: Cu
Properties:
 Time        Epot        Ekin        Etot        Temp     MSD         Self_diff   LC_a      LC_b      LC_c      Volume      Pressure    DebyeT   Lindemann  
 fs          eV/atom     eV/atom     eV/atom     K        Å^2         mm^2/s      Å         Å         Å         Å^3/atom    Pa          K        1          
 0           -16.97402   0.03661     -16.93741   283.26   0.0         __________  3.6       3.6       3.6       11.664    -52381003961.20291 inf      0.0        
 100         -16.95387   0.01658     -16.93729   128.26   0.00051     1e-05       3.6       3.6       3.6       11.664    -53807469901.96743 1314.29  0.00177    
 200         -16.95307   0.0158      -16.93727   122.24   0.00078     1e-05       3.6       3.6       3.6       11.664    -53877630262.76447 1039.72  0.00219    
 300         -16.95604   0.01873     -16.9373    144.93   0.00128     1e-05       3.6       3.6       3.6       11.664    -53652970947.11388 882.97   0.00281    
 400         -16.95624   0.01895     -16.9373    146.6    0.00193     1e-05       3.6       3.6       3.6       11.664    -53646028935.60862 721.67   0.00346    
 500         -16.95344   0.01615     -16.93729   124.94   0.00297     1e-05       3.6       3.6       3.6       11.664    -53845155821.67393 537.56   0.00428    
 600         -16.95701   0.0197      -16.93731   152.44   0.00395     1e-05       3.6       3.6       3.6       11.664    -53585885515.63285 515.23   0.00493    
 700         -16.95595   0.01865     -16.9373    144.31   0.00531     1e-05       3.6       3.6       3.6       11.664    -53660464434.76378 431.92   0.00573    
 800         -16.9548    0.01752     -16.93728   135.56   0.00679     1e-05       3.6       3.6       3.6       11.664    -53757438195.27007 370.45   0.00647    
 900         -16.95448   0.01719     -16.93729   132.96   0.00855     2e-05       3.6       3.6       3.6       11.664    -53767236813.16269 326.89   0.00726    
 1000        -16.95749   0.02019     -16.9373    156.18   0.01037     2e-05       3.6       3.6       3.6       11.664    -53562191155.02319 321.64   0.008      

Time averages:
             Epot        Ekin        Etot        Temp     MSD         Self_diff   Pressure    Spec_heat   DebyeT   Lindemann  
             eV/atom     eV/atom     eV/atom     K        Å^2         mm^2/s      Pa          J/(K*Kg)    K        1          
             -16.95524   0.01795     -16.93729   138.84   0.00424     1e-05       -53716247198.2981 199.68461   646.23   0.00469    