Material ID: 0076
Unit cell composition: Ag500Lu125
Material:  Ag4Lu
Site positions of initial unit cell:
 Ag          Ag          Ag          Ag          Lu         
 0.00000     1.73007     -0.94776    1.77100     -0.90684   
 0.00000     1.51587     2.67169     -0.76441    0.39142    
 0.00000     1.92892     0.98770     3.82515     2.88393    
Properties:
 Time        Epot        Ekin        Etot        Temp     MSD         Self_diff   LC_a      LC_b      LC_c      Volume      Pressure   
 fs          eV/atom     eV/atom     eV/atom     K        Å^2         mm^2/s      Å         Å         Å         Å^3/atom    eV/Å^3     
 1000        -10.39066   0.02596     -10.3647    200.81   0.0         0.0         5.137     5.137     5.137     18.116    -1.07656   
 1200        -10.94509   0.5728      -10.37229   4431.37  0.00899     1e-05       5.137     5.137     5.137     18.116    -0.94946   
 1400        -10.80827   0.4371      -10.37117   3381.55  0.0256      3e-05       5.137     5.137     5.137     18.116    -1.02765   
 1600        -10.71855   0.35002     -10.36853   2707.88  0.02493     3e-05       5.137     5.137     5.137     18.116    -1.03987   
 1800        -10.75384   0.38511     -10.36873   2979.33  0.02296     2e-05       5.137     5.137     5.137     18.116    -1.00335   
 2000        -10.73736   0.36837     -10.36899   2849.83  0.03241     3e-05       5.137     5.137     5.137     18.116    -1.02195   
 2200        -10.7335    0.36474     -10.36875   2821.79  0.03037     2e-05       5.137     5.137     5.137     18.116    -1.01803   
 2400        -10.7515    0.38266     -10.36884   2960.43  0.03333     2e-05       5.137     5.137     5.137     18.116    -1.01382   
 2600        -10.75656   0.38754     -10.36902   2998.16  0.03643     2e-05       5.137     5.137     5.137     18.116    -1.01673   
 2800        -10.7526    0.38377     -10.36883   2968.99  0.03614     2e-05       5.137     5.137     5.137     18.116    -1.01494   
 3000        -10.75111   0.38221     -10.3689    2956.92  0.03897     2e-05       5.137     5.137     5.137     18.116    -1.01669   
 3200        -10.73262   0.36391     -10.36871   2815.37  0.04252     2e-05       5.137     5.137     5.137     18.116    -1.02281   
 3400        -10.76332   0.39427     -10.36906   3050.18  0.04341     2e-05       5.137     5.137     5.137     18.116    -1.0135    
 3600        -10.77046   0.40134     -10.36912   3104.9   0.04712     2e-05       5.137     5.137     5.137     18.116    -1.01108   

Time averages:
             Epot        Ekin        Etot        Temp     MSD         Self_diff   Pressure    Spec_heat  
             eV/atom     eV/atom     eV/atom     K        Å^2         mm^2/s      eV/Å^3      J/(K*Kg)   
             -10.75029   0.38139     -10.3689    2950.59  0.03637     2e-05       -1.01529    169.67746  