Material ID: 0075
Unit cell composition: Ag500Lu125
Material:  Ag4Lu
Site positions of initial unit cell:
 Ag          Ag          Ag          Ag          Lu         
 0.00000     1.73007     -0.94776    1.77100     -0.90684   
 0.00000     1.51587     2.67169     -0.76441    0.39142    
 0.00000     1.92892     0.98770     3.82515     2.88393    
Properties:
 Time        Epot        Ekin        Etot        Temp     MSD         Self_diff   LC_a      LC_b      LC_c      Volume      Pressure   
 fs          eV/atom     eV/atom     eV/atom     K        Å^2         mm^2/s      Å         Å         Å         Å^3/atom    eV/Å^3     
 1000        -8.17709    0.0254      -8.1517     196.47   0.0         0.0         5.032     5.032     5.032     17.029    -2.17245   
 1200        -8.7879     0.62498     -8.16292    4835.07  0.01237     2e-05       5.032     5.032     5.032     17.029    -2.00306   
 1400        -8.88571    0.71668     -8.16903    5544.49  0.02844     3e-05       5.032     5.032     5.032     17.029    -1.98979   
 1600        -8.83662    0.67253     -8.16409    5202.93  0.03057     3e-05       5.032     5.032     5.032     17.029    -2.00364   
 1800        -8.87786    0.71266     -8.1652     5513.39  0.04087     4e-05       5.032     5.032     5.032     17.029    -2.00981   
 2000        -8.94725    0.78128     -8.16597    6044.22  0.04651     4e-05       5.032     5.032     5.032     17.029    -1.99512   
 2200        -8.88736    0.72282     -8.16454    5591.99  0.05476     4e-05       5.032     5.032     5.032     17.029    -2.01178   
 2400        -8.89244    0.72753     -8.16492    5628.41  0.05865     4e-05       5.032     5.032     5.032     17.029    -2.00908   
 2600        -8.90865    0.74374     -8.16491    5753.81  0.06304     4e-05       5.032     5.032     5.032     17.029    -2.00665   
 2800        -8.93636    0.77067     -8.1657     5962.14  0.06829     4e-05       5.032     5.032     5.032     17.029    -1.99881   
 3000        -8.96332    0.79736     -8.16597    6168.62  0.0764      4e-05       5.032     5.032     5.032     17.029    -1.98996   
 3200        -8.95798    0.79238     -8.1656     6130.09  0.0835      4e-05       5.032     5.032     5.032     17.029    -1.99005   
 3400        -8.94183    0.77639     -8.16545    6006.4   0.09153     4e-05       5.032     5.032     5.032     17.029    -1.9955    
 3600        -8.96116    0.79523     -8.16593    6152.17  0.10259     5e-05       5.032     5.032     5.032     17.029    -1.99191   
 3800        -8.96078    0.79522     -8.16556    6152.1   0.113       5e-05       5.032     5.032     5.032     17.029    -1.99119   

Time averages:
             Epot        Ekin        Etot        Temp     MSD         Self_diff   Pressure    Spec_heat  
             eV/atom     eV/atom     eV/atom     K        Å^2         mm^2/s      eV/Å^3      J/(K*Kg)   
             -8.93571    0.77026     -8.16545    5958.99  0.07583     4e-05       -1.998      214.36082  