Material ID: 0060
Unit cell composition: Ag500La250
Material:  Ag2La
Site positions of initial unit cell:
 Ag          Ag          Ag          Ag          La          La         
 -0.05603    4.14556     1.09494     2.99459     1.13767     2.95187    
 -0.37375    2.19763     2.73709     -0.91321    0.79954     1.02434    
 3.07014     1.02338     2.24008     1.85344     0.19332     3.90020    
Properties:
 Time        Epot        Ekin        Etot        Temp     MSD         Self_diff   LC_a      LC_b      LC_c      Volume      Pressure   
 fs          eV/atom     eV/atom     eV/atom     K        Å^2         mm^2/s      Å         Å         Å         Å^3/atom    eV/Å^3     
 1000        -12.52171   0.02646     -12.49525   204.71   0.0         0.0         5.824     5.824     5.824     22.145    -1.82245   
 1200        -13.8711    1.35725     -12.51385   10500.13 0.01549     2e-05       5.824     5.824     5.824     22.145    -1.52431   
 1400        -13.10753   0.60159     -12.50594   4654.11  0.06182     7e-05       5.824     5.824     5.824     22.145    -1.68006   
 1600        -13.18053   0.67835     -12.50218   5247.94  0.02573     3e-05       5.824     5.824     5.824     22.145    -1.67954   
 1800        -13.0604    0.55704     -12.50336   4309.44  0.01988     2e-05       5.824     5.824     5.824     22.145    -1.70917   
 2000        -13.19707   0.69034     -12.50673   5340.7   0.02946     2e-05       5.824     5.824     5.824     22.145    -1.67856   
 2200        -13.26406   0.75825     -12.50582   5866.07  0.03383     3e-05       5.824     5.824     5.824     22.145    -1.65837   
 2400        -13.26992   0.76421     -12.50571   5912.22  0.04244     3e-05       5.824     5.824     5.824     22.145    -1.65449   
 2600        -13.27998   0.77351     -12.50647   5984.12  0.05123     3e-05       5.824     5.824     5.824     22.145    -1.65145   
 2800        -13.23043   0.72487     -12.50556   5607.82  0.0585      3e-05       5.824     5.824     5.824     22.145    -1.6609    
 3000        -13.22448   0.71846     -12.50601   5558.26  0.06401     4e-05       5.824     5.824     5.824     22.145    -1.66077   
 3200        -13.23308   0.72693     -12.50615   5623.76  0.07029     4e-05       5.824     5.824     5.824     22.145    -1.65946   
 3400        -13.22199   0.71607     -12.50592   5539.8   0.07313     4e-05       5.824     5.824     5.824     22.145    -1.66159   
 3600        -13.23088   0.72486     -12.50602   5607.77  0.078       4e-05       5.824     5.824     5.824     22.145    -1.65978   
 3800        -13.27811   0.7712      -12.50691   5966.25  0.08159     4e-05       5.824     5.824     5.824     22.145    -1.65026   
 4000        -13.23994   0.73407     -12.50588   5678.99  0.08693     4e-05       5.824     5.824     5.824     22.145    -1.65819   

Time averages:
             Epot        Ekin        Etot        Temp     MSD         Self_diff   Pressure    Spec_heat  
             eV/atom     eV/atom     eV/atom     K        Å^2         mm^2/s      eV/Å^3      J/(K*Kg)   
             -13.24729   0.74124     -12.50605   5734.51  0.06399     4e-05       -1.65753    184.3654   