Material ID: 0056
Unit cell composition: Ag375Ge125
Material:  Ag3Ge
Site positions of initial unit cell:
 Ag          Ag          Ag          Ge         
 -0.00000    1.49448     1.49448     -0.00000   
 1.72568     0.86284     0.86284     1.72568    
 0.00000     7.10450     2.38304     4.74377    
Properties:
 Time        Epot        Ekin        Etot        Temp     MSD         Self_diff   LC_a      LC_b      LC_c      Volume      Pressure   
 fs          eV/atom     eV/atom     eV/atom     K        Å^2         mm^2/s      Å         Å         Å         Å^3/atom    eV/Å^3     
 1000        -12.72136   0.02566     -12.6957    198.5    0.0         0.0         2.929     2.929     9.298     17.272    0.58359    
 1200        -13.03342   0.33642     -12.697     2602.65  0.1586      0.00022     2.929     2.929     9.298     17.272    0.56203    
 1400        -13.08123   0.38401     -12.69722   2970.81  0.27838     0.00033     2.929     2.929     9.298     17.272    0.52698    
 1600        -13.09106   0.39392     -12.69714   3047.49  0.34393     0.00036     2.929     2.929     9.298     17.272    0.50112    
 1800        -13.10736   0.41011     -12.69725   3172.74  0.39076     0.00036     2.929     2.929     9.298     17.272    0.48966    
 2000        -13.11838   0.4211      -12.69728   3257.78  0.42692     0.00036     2.929     2.929     9.298     17.272    0.48918    
 2200        -13.09665   0.3995      -12.69715   3090.66  0.45926     0.00035     2.929     2.929     9.298     17.272    0.46205    
 2400        -13.11504   0.41777     -12.69726   3232.04  0.48346     0.00034     2.929     2.929     9.298     17.272    0.46793    
 2600        -13.10314   0.406       -12.69714   3140.98  0.45389     0.00029     2.929     2.929     9.298     17.272    0.48231    
 2800        -13.12273   0.42544     -12.6973    3291.32  0.45423     0.00027     2.929     2.929     9.298     17.272    0.47305    
 3000        -13.11496   0.4177      -12.69726   3231.45  0.45684     0.00025     2.929     2.929     9.298     17.272    0.47232    
 3200        -13.10957   0.41238     -12.69719   3190.34  0.48472     0.00025     2.929     2.929     9.298     17.272    0.46355    

Time averages:
             Epot        Ekin        Etot        Temp     MSD         Self_diff   Pressure    Spec_heat  
             eV/atom     eV/atom     eV/atom     K        Å^2         mm^2/s      eV/Å^3      J/(K*Kg)   
             -13.10601   0.40879     -12.69722   3162.56  0.42324     0.00031     0.48281     181.34775  