Material ID: 0082
Unit cell composition: Ag250I250
Material:  AgI
Site positions of initial unit cell:
 Ag          Ag          I           I          
 1.09909     3.29728     3.29728     1.09909    
 0.91788     3.59923     3.24916     1.26794    
 4.73411     1.36070     4.51839     1.57642    
Properties:
 Time        Epot        Ekin        Etot        Temp     MSD         Self_diff   LC_a      LC_b      LC_c      Volume      Pressure   
 fs          eV/atom     eV/atom     eV/atom     K        Å^2         mm^2/s      Å         Å         Å         Å^3/atom    eV/Å^3     
 1000        -6.1588     0.02577     -6.13303    199.35   0.0         0.0         4.396     4.35      6.097     29.138    0.29709    
 1200        -6.27366    0.14062     -6.13304    1087.86  0.17223     0.00024     4.396     4.35      6.097     29.138    0.27098    
 1400        -7.18275    1.04878     -6.13397    8113.7   2.29863     0.00274     4.396     4.35      6.097     29.138    0.09744    
 1600        -7.25282    1.11848     -6.13434    8652.96  4.92845     0.00513     4.396     4.35      6.097     29.138    0.11423    
 1800        -7.44421    1.30975     -6.13446    10132.65 7.91866     0.00733     4.396     4.35      6.097     29.138    0.08806    
 2000        -7.53242    1.39775     -6.13467    10813.47 10.91993    0.0091      4.396     4.35      6.097     29.138    0.08766    
 2200        -7.58422    1.44979     -6.13443    11216.1  14.33065    0.01086     4.396     4.35      6.097     29.138    0.09587    
 2400        -7.64659    1.51208     -6.13451    11698.0  17.57266    0.0122      4.396     4.35      6.097     29.138    0.09857    
 2600        -7.58005    1.44578     -6.13426    11185.08 20.76736    0.01331     4.396     4.35      6.097     29.138    0.08661    
 2800        -7.69602    1.56119     -6.13484    12077.89 23.41593    0.01394     4.396     4.35      6.097     29.138    0.06757    
 3000        -7.70121    1.56633     -6.13488    12117.66 25.73906    0.0143      4.396     4.35      6.097     29.138    0.07536    

Time averages:
             Epot        Ekin        Etot        Temp     MSD         Self_diff   Pressure    Spec_heat  
             eV/atom     eV/atom     eV/atom     K        Å^2         mm^2/s      eV/Å^3      J/(K*Kg)   
             -7.3894     1.25506     -6.13434    9709.54  12.80636    0.00988     0.10823     -3.1179    