Material ID: 0049
Unit cell composition: Ag375Cr125
Material:  Ag3Cr
Site positions of initial unit cell:
 Ag          Ag          Ag          Cr         
 0.00000     2.53682     0.85638     3.39320    
 0.00000     0.00000     2.38790     2.38790    
 0.00000     1.45996     1.45996     0.00000    
Properties:
 Time        Epot        Ekin        Etot        Temp     MSD         Self_diff   LC_a      LC_b      LC_c      Volume      Pressure   
 fs          eV/atom     eV/atom     eV/atom     K        Å^2         mm^2/s      Å         Å         Å         Å^3/atom    eV/Å^3     
 1000        -11.21831   0.02764     -11.19067   213.86   0.0         0.0         5.277     5.277     5.277     19.897    0.62987    
 1200        -11.236     0.04525     -11.19075   350.07   0.02428     3e-05       5.277     5.277     5.277     19.897    0.63452    
 1400        -11.23893   0.0482      -11.19074   372.86   0.00854     1e-05       5.277     5.277     5.277     19.897    0.63582    
 1600        -11.22791   0.03718     -11.19072   287.67   0.01561     2e-05       5.277     5.277     5.277     19.897    0.63185    
 1800        -11.24416   0.05341     -11.19075   413.21   0.01304     1e-05       5.277     5.277     5.277     19.897    0.63815    
 2000        -11.26194   0.07115     -11.19079   550.44   0.01427     1e-05       5.277     5.277     5.277     19.897    0.6446     
 2200        -11.24299   0.05225     -11.19074   404.21   0.01201     1e-05       5.277     5.277     5.277     19.897    0.63758    
 2400        -11.24195   0.0512      -11.19075   396.13   0.01766     1e-05       5.277     5.277     5.277     19.897    0.63718    
 2600        -11.24881   0.05805     -11.19076   449.07   0.02022     1e-05       5.277     5.277     5.277     19.897    0.63933    
 2800        -11.23908   0.04835     -11.19074   374.03   0.01412     1e-05       5.277     5.277     5.277     19.897    0.63578    
 3000        -11.22868   0.03796     -11.19072   293.66   0.03029     2e-05       5.277     5.277     5.277     19.897    0.63194    

Time averages:
             Epot        Ekin        Etot        Temp     MSD         Self_diff   Pressure    Spec_heat  
             eV/atom     eV/atom     eV/atom     K        Å^2         mm^2/s      eV/Å^3      J/(K*Kg)   
             -11.24105   0.0503      -11.19075   389.14   0.017       1e-05       0.63667     -12.74154  