Material ID: 0073
Unit cell composition: Ag125Cd375
Material:  AgCd3
Site positions of initial unit cell:
 Ag          Cd          Cd          Cd         
 -0.00000    0.00000     0.00000     -0.00000   
 1.83532     0.00000     0.00000     1.83532    
 4.82304     2.31213     7.33395     0.00000    
Properties:
 Time        Epot        Ekin        Etot        Temp     MSD         Self_diff   LC_a      LC_b      LC_c      Volume      Pressure   
 fs          eV/atom     eV/atom     eV/atom     K        Å^2         mm^2/s      Å         Å         Å         Å^3/atom    eV/Å^3     
 1000        -1.62091    0.02467     -1.59624    190.84   0.0         0.0         3.242     3.242     9.839     22.396    0.09526    
 1200        -1.63312    0.03687     -1.59624    285.26   0.14317     0.0002      3.242     3.242     9.839     22.396    0.05743    
 1400        -1.66373    0.06748     -1.59625    522.04   0.42283     0.0005      3.242     3.242     9.839     22.396    0.03709    
 1600        -1.68648    0.09022     -1.59626    697.98   0.71047     0.00074     3.242     3.242     9.839     22.396    0.03109    
 1800        -1.69346    0.0972      -1.59626    752.0    1.03324     0.00096     3.242     3.242     9.839     22.396    0.02491    
 2000        -1.70085    0.10457     -1.59628    809.01   1.45972     0.00122     3.242     3.242     9.839     22.396    0.02744    
 2200        -1.70574    0.10947     -1.59627    846.93   1.90246     0.00144     3.242     3.242     9.839     22.396    0.02471    
 2400        -1.70452    0.10826     -1.59626    837.54   2.32397     0.00161     3.242     3.242     9.839     22.396    0.02212    
 2600        -1.71039    0.11411     -1.59628    882.81   2.57901     0.00165     3.242     3.242     9.839     22.396    0.02411    
 2800        -1.70756    0.1113      -1.59626    861.03   3.00965     0.00179     3.242     3.242     9.839     22.396    0.02453    
 3000        -1.71173    0.11545     -1.59628    893.19   3.41304     0.0019      3.242     3.242     9.839     22.396    0.02341    

Time averages:
             Epot        Ekin        Etot        Temp     MSD         Self_diff   Pressure    Spec_heat  
             eV/atom     eV/atom     eV/atom     K        Å^2         mm^2/s      eV/Å^3      J/(K*Kg)   
             -1.69176    0.09549     -1.59626    738.78   1.69976     0.00131     0.02968     -5.66336   