Material ID: 0037
Unit cell composition: Ag500I500
Material:  AgI
Site positions of initial unit cell:
 Ag          Ag          Ag          Ag          I           I           I           I          
 0.00000     2.42432     -0.00000    0.00000     0.00000     2.42432     -0.00000    0.00000    
 0.00000     1.39968     2.79936     0.00000     0.00000     1.39968     2.79936     0.00000    
 3.88914     6.81385     14.05747    11.13276    0.09060     3.69364     10.93725    7.33422    
Properties:
 Time        Epot        Ekin        Etot        Temp     MSD         Self_diff   LC_a      LC_b      LC_c      Volume      Pressure   
 fs          eV/atom     eV/atom     eV/atom     K        Å^2         mm^2/s      Å         Å         Å         Å^3/atom    eV/Å^3     
 1000        -4.5318     0.02629     -4.50551    203.36   0.0         0.0         4.849     4.849     14.487    36.869    0.10088    
 1200        -4.69577    0.19023     -4.50555    1471.66  0.58825     0.00082     4.849     4.849     14.487    36.869    0.15329    
 1400        -5.36614    0.86015     -4.506      6654.39  2.1344      0.00254     4.849     4.849     14.487    36.869    0.0981     
 1600        -5.84718    1.34056     -4.50662    10371.07 6.00091     0.00625     4.849     4.849     14.487    36.869    0.07805    
 1800        -6.06122    1.5543      -4.50693    12024.57 10.54673    0.00977     4.849     4.849     14.487    36.869    0.06435    
 2000        -6.18972    1.68268     -4.50703    13017.82 16.02678    0.01336     4.849     4.849     14.487    36.869    0.06667    
 2200        -6.23993    1.73283     -4.5071     13405.75 21.23781    0.01609     4.849     4.849     14.487    36.869    0.06626    
 2400        -6.27702    1.77004     -4.50698    13693.62 26.37893    0.01832     4.849     4.849     14.487    36.869    0.05522    
 2600        -6.2414     1.73429     -4.50712    13417.05 31.58824    0.02025     4.849     4.849     14.487    36.869    0.06131    
 2800        -6.34655    1.83907     -4.50748    14227.68 37.33199    0.02222     4.849     4.849     14.487    36.869    0.05736    
 3000        -6.39352    1.88593     -4.50759    14590.22 42.81126    0.02378     4.849     4.849     14.487    36.869    0.06077    

Time averages:
             Epot        Ekin        Etot        Temp     MSD         Self_diff   Pressure    Spec_heat  
             eV/atom     eV/atom     eV/atom     K        Å^2         mm^2/s      eV/Å^3      J/(K*Kg)   
             -5.96584    1.45901     -4.50684    11287.38 19.46453    0.01473     0.07614     -1.31294   