Material ID: 0066
Unit cell composition: Ag1000Li2250
Material:  Ag4Li9
Site positions of initial unit cell:
 Ag          Ag          Ag          Ag          Ag          Ag          Ag          Ag          Li          Li          Li          Li          Li          Li          Li          Li          Li          Li          Li          Li          Li          Li          Li          Li          Li          Li         
 10.73339    8.58663     13.29975    6.02027     7.87535     5.05528     12.72540    11.44467    4.60474     16.25462    11.42788    9.32902     6.62261     7.89214     9.99100     12.69741    8.04492     11.27510    6.52080     12.79922    8.17717     4.88078     9.66001     11.14286    14.43923    9.66001    
 6.76269     5.25984     1.56530     6.76839     1.96049     0.01814     4.85175     4.45922     2.51805     4.50709     2.37921     4.32671     2.43207     4.90642     0.02448     1.91912     0.00297     2.26428     4.49298     0.00542     0.06079     2.41691     4.37067     6.80072     4.44459     2.35351    
 5.26489     6.76661     6.76956     1.57035     4.46068     2.51806     4.51071     1.96382     0.02002     4.85511     4.90820     0.02771     1.92093     2.38288     4.32673     2.43350     2.26428     0.00466     0.00877     4.49299     6.80077     4.44640     4.37393     0.06587     2.42023     2.35526    
Properties:
 Time        Epot        Ekin        Etot        Temp     MSD         Self_diff   LC_a      LC_b      LC_c      Volume      Pressure   
 fs          eV/atom     eV/atom     eV/atom     K        Å^2         mm^2/s      Å         Å         Å         Å^3/atom    eV/Å^3     
 1000        -8.16298    0.02572     -8.13726    199.0    0.0         0.0         9.467     8.225     8.168     16.302    0.45269    
 1200        -8.24326    0.10474     -8.13851    810.34   0.17256     0.00024     9.467     8.225     8.168     16.302    0.42796    
 1400        -8.25977    0.1209      -8.13887    935.31   0.29162     0.00035     9.467     8.225     8.168     16.302    0.40838    
 1600        -8.29439    0.15521     -8.13918    1200.78  0.63028     0.00066     9.467     8.225     8.168     16.302    0.35526    
 1800        -8.37471    0.23438     -8.14033    1813.23  1.63951     0.00152     9.467     8.225     8.168     16.302    0.25287    
 2000        -8.43333    0.29215     -8.14118    2260.18  2.87837     0.0024      9.467     8.225     8.168     16.302    0.18133    
 2200        -8.4615     0.3194      -8.1421     2471.0   3.69858     0.0028      9.467     8.225     8.168     16.302    0.16009    
 2400        -8.48837    0.34628     -8.14208    2678.97  4.14868     0.00288     9.467     8.225     8.168     16.302    0.14708    
 2600        -8.5032     0.36097     -8.14223    2792.56  4.48753     0.00288     9.467     8.225     8.168     16.302    0.14803    
 2800        -8.51667    0.37496     -8.14171    2900.8   4.99889     0.00298     9.467     8.225     8.168     16.302    0.13239    
 3000        -8.52078    0.37978     -8.14101    2938.08  5.2139      0.0029      9.467     8.225     8.168     16.302    0.13762    

Time averages:
             Epot        Ekin        Etot        Temp     MSD         Self_diff   Pressure    Spec_heat  
             eV/atom     eV/atom     eV/atom     K        Å^2         mm^2/s      eV/Å^3      J/(K*Kg)   
             -8.4096     0.26888     -8.14072    2080.12  2.81599     0.00215     0.2351      -1.05586   