Material ID: 0038
Unit cell composition: Ag500I500
Material:  AgI
Site positions of initial unit cell:
 Ag          Ag          Ag          Ag          I           I           I           I          
 0.00000     2.42432     -0.00000    0.00000     0.00000     2.42432     -0.00000    0.00000    
 0.00000     1.39968     2.79936     0.00000     0.00000     1.39968     2.79936     0.00000    
 3.88914     6.81385     14.05747    11.13276    0.09060     3.69364     10.93725    7.33422    
Properties:
 Time        Epot        Ekin        Etot        Temp     MSD         Self_diff   LC_a      LC_b      LC_c      Volume      Pressure   
 fs          eV/atom     eV/atom     eV/atom     K        Å^2         mm^2/s      Å         Å         Å         Å^3/atom    eV/Å^3     
 1000        -4.28945    0.02572     -4.26373    198.94   0.0         0.0         4.946     4.946     14.777    39.126    0.11451    
 1200        -4.44423    0.18044     -4.26378    1395.98  0.30916     0.00043     4.946     4.946     14.777    39.126    0.1315     
 1400        -5.39777    1.13326     -4.26451    8767.32  2.27692     0.00271     4.946     4.946     14.777    39.126    0.06501    
 1600        -6.10808    1.84247     -4.26561    14253.99 6.88972     0.00718     4.946     4.946     14.777    39.126    0.0418     
 1800        -5.92834    1.66302     -4.26532    12865.72 11.14181    0.01032     4.946     4.946     14.777    39.126    0.05004    
 2000        -5.88252    1.61767     -4.26484    12514.88 15.77906    0.01315     4.946     4.946     14.777    39.126    0.05698    
 2200        -5.9611     1.69594     -4.26516    13120.35 20.67085    0.01566     4.946     4.946     14.777    39.126    0.05187    
 2400        -5.97332    1.70799     -4.26533    13213.6  25.73245    0.01787     4.946     4.946     14.777    39.126    0.05644    
 2600        -5.96139    1.6963      -4.26509    13123.16 32.26374    0.02068     4.946     4.946     14.777    39.126    0.05462    
 2800        -6.06064    1.79496     -4.26568    13886.45 38.61607    0.02299     4.946     4.946     14.777    39.126    0.05052    
 3000        -6.12547    1.85982     -4.26564    14388.24 45.25819    0.02514     4.946     4.946     14.777    39.126    0.05686    

Time averages:
             Epot        Ekin        Etot        Temp     MSD         Self_diff   Pressure    Spec_heat  
             eV/atom     eV/atom     eV/atom     K        Å^2         mm^2/s      eV/Å^3      J/(K*Kg)   
             -5.78429    1.51919     -4.2651     11752.97 19.8938     0.01508     0.06156     -1.57737   