Material ID: Ar0
Unit cell composition: Ar500
Material: Ar
Properties:
 Time        Epot        Ekin        Etot        Temp     MSD         Self_diff   LC_a      LC_b      LC_c      Volume      Pressure    DebyeT   Lindemann  
 fs          eV/atom     eV/atom     eV/atom     K        Å^2         mm^2/s      Å         Å         Å         Å^3/atom    Pa          K        1          
 0           -0.00544    0.03826     0.03282     295.98   0.0         __________  5.26      5.26      5.26      36.383    50032496.92774 inf      0.0        
 100         -0.0062     0.03901     0.03282     301.83   0.18598     0.0031      5.26      5.26      5.26      36.383    55710427.16491 133.18   0.02319    
 200         -0.00854    0.04135     0.03282     319.91   0.75644     0.0063      5.26      5.26      5.26      36.383    56581237.42338 67.98    0.04677    
 300         -0.00964    0.04246     0.03282     328.45   1.68201     0.00934     5.26      5.26      5.26      36.383    -3133866.67089 46.2     0.06974    
 400         -0.01067    0.04349     0.03282     336.42   2.86832     0.01195     5.26      5.26      5.26      36.383    -30113229.98837 35.8     0.09107    
 500         -0.01184    0.04466     0.03282     345.47   4.26364     0.01421     5.26      5.26      5.26      36.383    -14602606.82616 29.76    0.11103    
 600         -0.01245    0.04526     0.03282     350.18   5.84764     0.01624     5.26      5.26      5.26      36.383    9063926.02852 25.58    0.13003    
 700         -0.01269    0.04551     0.03282     352.07   7.6155      0.01813     5.26      5.26      5.26      36.383    17634532.10731 22.48    0.14839    
 800         -0.01278    0.0456      0.03282     352.75   9.59457     0.01999     5.26      5.26      5.26      36.383    9089212.03266 20.04    0.16656    
 900         -0.01223    0.04505     0.03282     348.48   11.7288     0.02172     5.26      5.26      5.26      36.383    -7898207.45236 18.02    0.18416    
 1000        -0.01217    0.04498     0.03282     348.01   13.93185    0.02322     5.26      5.26      5.26      36.383    -10572284.76844 16.52    0.20071    

Time averages:
             Epot        Ekin        Etot        Temp     MSD         Self_diff   Pressure    Spec_heat   DebyeT   Lindemann  
             eV/atom     eV/atom     eV/atom     K        Å^2         mm^2/s      Pa          J/(K*Kg)    K        1          
             -0.01092    0.04374     0.03282     338.36   5.84748     0.01568     8175913.90506 314.06915   41.56    0.11717    