Material ID: Cu4
Unit cell composition: Cu500
Material: Cu
Properties:
 Time        Epot        Ekin        Etot        Temp     MSD         Self_diff   LC_a      LC_b      LC_c      Volume      Pressure    DebyeT   Lindemann  
 fs          eV/atom     eV/atom     eV/atom     K        Å^2         mm^2/s      Å         Å         Å         Å^3/atom    Pa          K        1          
 0           -16.21257   0.04107     -16.1715    317.74   0.0         __________  3.744     3.744     3.744     13.12     93238405099.98364 inf      0.0        
 100         -16.2552    0.08331     -16.17189   644.54   0.0155      0.00026     3.744     3.744     3.744     13.12     96409818353.09488 534.42   0.00941    
 200         -16.3655    0.19295     -16.17255   1492.7   0.00438     4e-05       3.744     3.744     3.744     13.12     104601373286.7395 1529.38  0.005      
 300         -16.39445   0.22178     -16.17267   1715.78  0.01579     9e-05       3.744     3.744     3.744     13.12     107029677723.22002 864.11   0.00949    
 400         -16.38555   0.2131      -16.17244   1648.63  0.01418     6e-05       3.744     3.744     3.744     13.12     106580344536.21086 893.68   0.009      
 500         -16.34871   0.1764      -16.17231   1364.69  0.02164     7e-05       3.744     3.744     3.744     13.12     104115101342.58308 658.28   0.01111    
 600         -16.37264   0.20029     -16.17235   1549.51  0.02383     7e-05       3.744     3.744     3.744     13.12     105629019989.39777 668.42   0.01166    
 700         -16.35929   0.18695     -16.17234   1446.34  0.02744     7e-05       3.744     3.744     3.744     13.12     104761492124.26474 601.8    0.01251    
 800         -16.36481   0.19245     -16.17236   1488.86  0.03458     7e-05       3.744     3.744     3.744     13.12     105064187501.51099 543.89   0.01405    
 900         -16.35111   0.17878     -16.17234   1383.09  0.04067     8e-05       3.744     3.744     3.744     13.12     104180953205.75072 483.39   0.01523    
 1000        -16.35825   0.18589     -16.17236   1438.13  0.04631     8e-05       3.744     3.744     3.744     13.12     104631607143.84663 461.9    0.01626    
 1100        -16.34265   0.17034     -16.17231   1317.82  0.05643     9e-05       3.744     3.744     3.744     13.12     103514555163.40942 400.56   0.01795    
 1200        -16.35995   0.18759     -16.17236   1451.25  0.06137     9e-05       3.744     3.744     3.744     13.12     104689443003.85344 403.08   0.01871    
 1300        -16.34759   0.17527     -16.17232   1355.92  0.07332     9e-05       3.744     3.744     3.744     13.12     103821767389.48923 356.45   0.02046    
 1400        -16.36074   0.18839     -16.17235   1457.47  0.0817      0.0001      3.744     3.744     3.744     13.12     104769583544.04468 350.09   0.02159    
 1500        -16.35177   0.17945     -16.17232   1388.29  0.09231     0.0001      3.744     3.744     3.744     13.12     104164961560.4392 321.44   0.02295    
 1600        -16.35869   0.18635     -16.17234   1441.68  0.10445     0.00011     3.744     3.744     3.744     13.12     104685747640.31456 307.93   0.02442    
 1700        -16.35524   0.1829      -16.17234   1414.99  0.11495     0.00011     3.744     3.744     3.744     13.12     104448861099.97546 290.81   0.02561    
 1800        -16.3572    0.18484     -16.17236   1429.96  0.12964     0.00012     3.744     3.744     3.744     13.12     104563495397.45634 275.28   0.0272     
 1900        -16.35609   0.18372     -16.17236   1421.35  0.14164     0.00012     3.744     3.744     3.744     13.12     104506054213.92688 262.57   0.02843    

Time averages:
             Epot        Ekin        Etot        Temp     MSD         Self_diff   Pressure    Spec_heat   DebyeT   Lindemann  
             eV/atom     eV/atom     eV/atom     K        Å^2         mm^2/s      Pa          J/(K*Kg)    K        1          
             -16.35482   0.18247     -16.17234   1411.69  0.09021     0.0001      104379607615.67558 196.74065   343.01   0.02236    