Material ID: 0016
Unit cell composition: Ag125I125
Material:  AgI
Site positions of initial unit cell:
 Ag          I          
 0.00000     0.00000    
 0.00000     0.00000    
 7.86387     5.30161    
Properties:
 Time        Epot        Ekin        Etot        Temp     MSD         Self_diff   LC_a      LC_b      LC_c      Volume      Pressure   
 fs          eV/atom     eV/atom     eV/atom     K        Å^2         mm^2/s      Å         Å         Å         Å^3/atom    eV/Å^3     
 1000        -0.26389    0.02621     -0.23768    202.75   0.0         0.0         10.152    10.152    7.726     344.763   -0.01433   
 1200        -0.725      0.48483     -0.24017    3750.79  1.46585     0.00204     10.152    10.152    7.726     344.763   -0.00113   
 1400        -0.62668    0.38674     -0.23994    2991.99  0.63058     0.00075     10.152    10.152    7.726     344.763   -0.00048   
 1600        -0.4675     0.22775     -0.23975    1761.95  2.15674     0.00225     10.152    10.152    7.726     344.763   0.00095    
 1800        -0.43839    0.19869     -0.2397     1537.17  2.55764     0.00237     10.152    10.152    7.726     344.763   0.00133    
 2000        -0.54747    0.30768     -0.23979    2380.29  2.87256     0.00239     10.152    10.152    7.726     344.763   0.00098    
 2200        -0.53899    0.29925     -0.23974    2315.1   3.72424     0.00282     10.152    10.152    7.726     344.763   0.00067    
 2400        -0.57554    0.33573     -0.2398     2597.36  5.71168     0.00397     10.152    10.152    7.726     344.763   0.00033    
 2600        -0.61829    0.37859     -0.2397     2928.92  8.82153     0.00565     10.152    10.152    7.726     344.763   -0.00022   
 2800        -0.65567    0.41598     -0.23969    3218.14  13.65478    0.00813     10.152    10.152    7.726     344.763   0.00042    
 3000        -0.80991    0.57014     -0.23977    4410.84  19.8931     0.01105     10.152    10.152    7.726     344.763   0.00087    
 3200        -0.90024    0.66034     -0.2399     5108.59  28.61182    0.0149      10.152    10.152    7.726     344.763   0.00178    
 3400        -0.97901    0.73931     -0.2397     5719.55  38.16858    0.01871     10.152    10.152    7.726     344.763   0.00107    

Time averages:
             Epot        Ekin        Etot        Temp     MSD         Self_diff   Pressure    Spec_heat  
             eV/atom     eV/atom     eV/atom     K        Å^2         mm^2/s      eV/Å^3      J/(K*Kg)   
             -0.6531     0.41335     -0.23975    3197.79  12.61727    0.00778     0.00082     -3.71047   