Material ID: 0001
Unit cell composition: Ac125Ag125
Material:  AcAg
Site positions of initial unit cell:
 Ac          Ag         
 0.00000     1.98708    
 0.00000     1.98708    
 0.00000     1.98708    
Properties:
 Time        Epot        Ekin        Etot        Temp     MSD         Self_diff   LC_a      LC_b      LC_c      Volume      Pressure   
 fs          eV/atom     eV/atom     eV/atom     K        Å^2         mm^2/s      Å         Å         Å         Å^3/atom    eV/Å^3     
 1000        -13.99472   0.0269      -13.96782   208.1    0.0         0.0         3.895     3.895     3.895     29.538    -0.96322   
 1200        -13.98252   0.01479     -13.96773   114.45   0.00535     1e-05       3.895     3.895     3.895     29.538    -0.96517   
 1400        -13.98409   0.01635     -13.96775   126.47   0.00086     0.0         3.895     3.895     3.895     29.538    -0.9649    
 1600        -13.99325   0.0254      -13.96785   196.51   0.00522     1e-05       3.895     3.895     3.895     29.538    -0.96336   
 1800        -13.99072   0.02288     -13.96783   177.04   0.00238     0.0         3.895     3.895     3.895     29.538    -0.96378   
 2000        -14.0008    0.03286     -13.96794   254.22   0.00608     1e-05       3.895     3.895     3.895     29.538    -0.96209   
 2200        -14.00654   0.03851     -13.96803   297.92   0.00468     0.0         3.895     3.895     3.895     29.538    -0.96111   
 2400        -14.01396   0.04587     -13.96809   354.89   0.00787     1e-05       3.895     3.895     3.895     29.538    -0.9599    
 2600        -14.0203    0.05211     -13.96818   403.17   0.0079      1e-05       3.895     3.895     3.895     29.538    -0.9588    
 2800        -14.02855   0.06027     -13.96828   466.24   0.01073     1e-05       3.895     3.895     3.895     29.538    -0.95744   
 3000        -14.03601   0.06763     -13.96837   523.22   0.012       1e-05       3.895     3.895     3.895     29.538    -0.95619   
 3200        -14.04519   0.0767      -13.96848   593.39   0.01455     1e-05       3.895     3.895     3.895     29.538    -0.95466   
 3400        -14.05362   0.08503     -13.96859   657.82   0.01698     1e-05       3.895     3.895     3.895     29.538    -0.95322   
 3600        -14.05873   0.09007     -13.96866   696.8    0.01956     1e-05       3.895     3.895     3.895     29.538    -0.95236   

Time averages:
             Epot        Ekin        Etot        Temp     MSD         Self_diff   Pressure    Spec_heat  
             eV/atom     eV/atom     eV/atom     K        Å^2         mm^2/s      eV/Å^3      J/(K*Kg)   
             -14.02544   0.05719     -13.96824   442.47   0.01027     1e-05       -0.95795    -3.29938   