Material ID: 0224
Unit cell composition: Co500
Material:  Co
Site positions of initial unit cell:
 Co          Co          Co          Co         
 0.00000     -0.00000    0.00000     1.24710    
 0.00000     1.44003     0.00000     0.72001    
 0.00000     2.02148     4.04297     6.06445    
Properties:
 Time        Epot        Ekin        Etot        Temp     MSD         Self_diff   LC_a      LC_b      LC_c      Volume      Pressure    DebyeT   Lindemann  
 fs          eV/atom     eV/atom     eV/atom     K        Å^2         mm^2/s      Å         Å         Å         Å^3/atom    Pa          K        1          
 500         -9.6861     0.02466     -9.66144    190.77   0.0         0.0         2.594     2.594     8.409     12.251    100157980006.61832 inf      0.0        
 600         -9.77402    0.1124      -9.66162    869.57   0.01045     3e-05       2.594     2.594     8.409     12.251    110217263160.69695 785.03   0.01115    
 700         -9.77958    0.11802     -9.66155    913.08   0.01109     3e-05       2.594     2.594     8.409     12.251    110692435350.859 780.97   0.01148    
 800         -9.70132    0.03987     -9.66145    308.44   0.0266      6e-05       2.594     2.594     8.409     12.251    102680179231.64522 293.11   0.01778    
 900         -9.72565    0.06414     -9.66151    496.19   0.03214     6e-05       2.594     2.594     8.409     12.251    105900219698.47379 338.17   0.01955    
 1000        -9.75228    0.09078     -9.6615     702.34   0.02878     5e-05       2.594     2.594     8.409     12.251    108312721891.89085 425.16   0.0185     
 1100        -9.73036    0.06888     -9.66148    532.9    0.02228     3e-05       2.594     2.594     8.409     12.251    106360811089.268 420.9    0.01628    
 1200        -9.71708    0.05562     -9.66146    430.26   0.02503     3e-05       2.594     2.594     8.409     12.251    104997504985.7268 356.86   0.01725    
 1300        -9.74537    0.08387     -9.66151    648.82   0.03439     4e-05       2.594     2.594     8.409     12.251    107746431092.31398 373.85   0.02022    
 1400        -9.74182    0.08032     -9.6615     621.37   0.05029     6e-05       2.594     2.594     8.409     12.251    107755505667.4983 302.55   0.02445    
 1500        -9.73304    0.07155     -9.66149    553.53   0.05773     6e-05       2.594     2.594     8.409     12.251    106661733227.55035 266.51   0.0262     

Time averages:
             Epot        Ekin        Etot        Temp     MSD         Self_diff   Pressure    Spec_heat   DebyeT   Lindemann  
             eV/atom     eV/atom     eV/atom     K        Å^2         mm^2/s      Pa          J/(K*Kg)    K        1          
             -9.74005    0.07855     -9.66151    607.65   0.02988     5e-05       107132480539.59232 273.86168   434.31   0.01829    