Material ID: 0137
Unit cell composition: Zn12500
Material:  Zn
Site positions of initial unit cell:
 Zn          Zn          Zn          Zn          Zn          Zn          Zn          Zn          Zn          Zn          Zn          Zn          Zn          Zn          Zn          Zn          Zn          Zn          Zn          Zn          Zn          Zn          Zn          Zn          Zn          Zn          Zn          Zn          Zn          Zn          Zn          Zn          Zn          Zn          Zn          Zn          Zn          Zn          Zn          Zn          Zn          Zn          Zn          Zn          Zn          Zn          Zn          Zn          Zn          Zn          Zn          Zn          Zn          Zn          Zn          Zn          Zn          Zn          Zn          Zn          Zn          Zn          Zn          Zn          Zn          Zn          Zn          Zn          Zn          Zn          Zn          Zn          Zn          Zn          Zn          Zn          Zn          Zn          Zn          Zn          Zn          Zn          Zn          Zn          Zn          Zn          Zn          Zn          Zn          Zn          Zn          Zn          Zn          Zn          Zn          Zn          Zn          Zn          Zn          Zn         
 0.25500     3.48141     10.89956    2.84102     2.96104     4.58905     7.50644     2.63138     3.62172     6.50867     6.65799     5.30738     1.47935     1.02863     7.55623     8.84662     0.90130     1.18810     2.21918     8.28786     9.21896     6.60692     1.69896     -0.06160    1.85117     10.77836    10.68702    6.62485     1.57429     3.63082     7.08576     8.09683     11.98019    0.47985     11.10658    1.17440     8.73017     4.98116     6.80228     9.02913     10.09546    3.86232     5.88914     8.72409     1.29967     9.84743     10.71383    1.60130     5.08543     2.78928     2.08885     11.27007    5.28543     6.09486     7.74082     5.34971     4.26019     0.09544     11.48843    9.38396     10.60431    10.41922    3.87019     0.82395     4.66491     3.38796     5.41567     5.94256     9.64806     8.13671     7.90146     8.28785     7.23746     3.01432     11.72848    8.75252     2.48437     7.72081     9.56880     5.07715     5.73969     1.12522     1.22439     3.05370     10.57338    9.71027     7.33949     5.27343     5.89695     10.98152    6.85365     3.51165     8.19235     9.26759     6.66492     8.54248     3.84928     1.36604     1.63137     11.33849   
 6.73741     1.73571     1.79534     8.68884     2.39053     10.30254    11.02725    2.20325     3.13842     9.47556     4.77430     3.48065     7.52070     0.86601     2.35306     8.38917     3.23262     11.61053    11.22827    6.36464     3.00606     7.28367     5.53713     9.29398     9.45948     4.33627     2.42226     8.64025     4.96853     4.72376     6.79904     1.91139     1.11774     10.62615    4.32573     5.38141     7.01804     5.30147     8.43540     3.65682     3.28993     9.23552     4.36904     6.89521     9.17525     0.57077     5.19296     2.80529     1.12667     6.83421     6.90251     7.06491     9.58626     -0.06781    4.36686     7.37964     1.84015     9.64250     0.01349     9.23033     7.33213     8.73725     4.43489     7.34065     7.12373     6.08722     9.98966     0.82334     10.99420    8.86264     9.63748     5.13264     0.10358     8.00555     2.11887     10.80306    11.45876    4.82277     6.28950     1.22307     6.02352     0.00951     4.42535     10.72083    9.02569     1.80629     2.64658     3.40594     5.98389     9.75695     2.38896     10.53419    0.31964     11.11028    0.17957     0.48367     7.99678     3.43219     0.33435     5.73148    
 5.69004     1.93834     4.19122     2.94926     6.68337     7.72635     1.89924     9.28904     11.49590    6.05938     4.24681     2.40225     10.19318    2.60687     10.79111    7.20720     11.09907    0.51500     3.50051     3.06674     6.13602     11.11504    0.24303     0.37099     7.85791     8.34348     1.55759     8.59077     9.30011     7.76760     5.94426     1.74070     9.66842     9.87330     4.96436     3.57582     9.41098     11.39561    1.82294     3.45537     10.78813    5.39541     6.70291     0.45104     5.21990     11.13445    1.81516     4.48215     10.95501    4.97237     7.55480     8.24003     10.68181    5.29200     1.17472     3.98277     4.49987     2.90517     0.54785     1.50126     3.36471     10.32130    4.83173     1.77638     6.80039     2.42408     3.34734     2.74487     3.45217     4.14244     11.07537    7.65999     9.32442     0.35007     6.80192     8.85528     6.18395     10.25571    5.71568     7.87535     8.89475     5.12441     6.79018     9.81036     5.30403     8.59620     8.02176     9.47371     1.85053     7.83114     5.19419     1.30109     6.92387     6.17672     0.35605     4.24889     9.23270     1.96787     7.68546     10.71529   
Properties:
 Time        Epot        Ekin        Etot        Temp     MSD         Self_diff   LC_a      LC_b      LC_c      Volume      Pressure    DebyeT   Lindemann  
 fs          eV/atom     eV/atom     eV/atom     K        Å^2         mm^2/s      Å         Å         Å         Å^3/atom    Pa          K        1          
 500         -0.92079    0.02602     -0.89477    201.29   0.0         0.0         11.811    11.792    11.579    16.021    13278911587.93278 inf      0.0        
 600         -0.91977    0.02499     -0.89477    193.35   0.06576     0.00018     11.811    11.792    11.579    16.021    11385193709.68161 140.13   3e-05      
 700         -0.9331     0.03833     -0.89478    296.5    0.19572     0.00047     11.811    11.792    11.579    16.021    9696612419.08993 100.58   4e-05      
 800         -0.94611    0.05134     -0.89478    397.15   0.36508     0.00076     11.811    11.792    11.579    16.021    8625005892.75634 85.23    6e-05      
 900         -0.95939    0.06462     -0.89478    499.9    0.59423     0.0011      11.811    11.792    11.579    16.021    7359139126.31025 74.95    8e-05      
 1000        -0.9716     0.07682     -0.89478    594.32   0.87274     0.00145     11.811    11.792    11.579    16.021    6392596700.29383 67.43    9e-05      
 1100        -0.98149    0.08671     -0.89478    670.8    1.18696     0.0018      11.811    11.792    11.579    16.021    5605427057.30333 61.43    0.00011    
 1200        -0.98894    0.09415     -0.89478    728.41   1.5129      0.0021      11.811    11.792    11.579    16.021    5123437781.56254 56.7     0.00012    
 1300        -0.99545    0.10067     -0.89478    778.8    1.84646     0.00237     11.811    11.792    11.579    16.021    4847874403.52391 53.07    0.00014    
 1400        -1.00054    0.10576     -0.89478    818.18   2.19103     0.00261     11.811    11.792    11.579    16.021    4628622766.71318 49.94    0.00015    
 1500        -1.00524    0.11046     -0.89478    854.55   2.53728     0.00282     11.811    11.792    11.579    16.021    4398537597.31959 47.42    0.00016    

Time averages:
             Epot        Ekin        Etot        Temp     MSD         Self_diff   Pressure    Spec_heat   DebyeT   Lindemann  
             eV/atom     eV/atom     eV/atom     K        Å^2         mm^2/s      Pa          J/(K*Kg)    K        1          
             -0.97016    0.07539     -0.89478    583.2    1.13682     0.00172     6806244745.45545 -23.13253   73.69    0.0001     