Material ID: 0281
Unit cell composition: Mg125
Material:  Mg
Site positions of initial unit cell:
 Mg         
 0.00000    
 0.00000    
 0.00000    
Properties:
 Time        Epot        Ekin        Etot        Temp     MSD         Self_diff   LC_a      LC_b      LC_c      Volume      Pressure    DebyeT   Lindemann  
 fs          eV/atom     eV/atom     eV/atom     K        Å^2         mm^2/s      Å         Å         Å         Å^3/atom    Pa          K        1          
 500         -0.46229    0.02863     -0.43366    221.52   0.0         0.0         3.029     3.029     3.029     21.328    4741049988.52129 inf      0.0        
 600         -0.45017    0.01652     -0.43366    127.77   0.13696     0.00038     3.029     3.029     3.029     21.328    3597120181.09183 129.45   0.02443    
 700         -0.45073    0.01707     -0.43366    132.04   0.28919     0.00069     3.029     3.029     3.029     21.328    3350516734.32916 90.56    0.0355     
 800         -0.45212    0.01846     -0.43366    142.81   0.35675     0.00074     3.029     3.029     3.029     21.328    3319378623.50296 84.8     0.03943    
 900         -0.45194    0.01828     -0.43366    141.42   0.38903     0.00072     3.029     3.029     3.029     21.328    3381402225.87499 80.81    0.04118    
 1000        -0.45031    0.01665     -0.43366    128.81   0.41532     0.00069     3.029     3.029     3.029     21.328    3271472151.59418 74.64    0.04255    
 1100        -0.45191    0.01825     -0.43366    141.16   0.42865     0.00065     3.029     3.029     3.029     21.328    3313819266.82361 76.91    0.04323    
 1200        -0.45299    0.01933     -0.43366    149.52   0.4655      0.00065     3.029     3.029     3.029     21.328    3346008966.8433 75.96    0.04505    
 1300        -0.45269    0.01903     -0.43366    147.2    0.51249     0.00066     3.029     3.029     3.029     21.328    3282871628.89702 71.83    0.04726    
 1400        -0.45211    0.01845     -0.43366    142.7    0.58716     0.0007      3.029     3.029     3.029     21.328    3115830893.50579 66.07    0.05059    
 1500        -0.45339    0.01973     -0.43366    152.62   0.67232     0.00075     3.029     3.029     3.029     21.328    3074574032.28472 63.86    0.05414    

Time averages:
             Epot        Ekin        Etot        Temp     MSD         Self_diff   Pressure    Spec_heat   DebyeT   Lindemann  
             eV/atom     eV/atom     eV/atom     K        Å^2         mm^2/s      Pa          J/(K*Kg)    K        1          
             -0.45184    0.01818     -0.43366    140.6    0.42534     0.00069     3305299470.47476 514.26818   81.49    0.04234    