Material ID: 0288
Unit cell composition: Mg125
Material:  Mg
Site positions of initial unit cell:
 Mg         
 0.00000    
 0.00000    
 0.00000    
Properties:
 Time        Epot        Ekin        Etot        Temp     MSD         Self_diff   LC_a      LC_b      LC_c      Volume      Pressure    DebyeT   Lindemann  
 fs          eV/atom     eV/atom     eV/atom     K        Å^2         mm^2/s      Å         Å         Å         Å^3/atom    Pa          K        1          
 500         -0.38073    0.02587     -0.35486    200.14   0.0         0.0         3.162     3.162     3.162     24.331    3903874402.68457 inf      0.0        
 600         -0.37695    0.02209     -0.35486    170.88   0.17499     0.00049     3.162     3.162     3.162     24.331    2995925320.98493 132.44   0.02646    
 700         -0.38229    0.02743     -0.35486    212.22   0.52275     0.00124     3.162     3.162     3.162     24.331    2345200649.17991 85.4     0.04574    
 800         -0.38495    0.03009     -0.35486    232.8    0.85969     0.00179     3.162     3.162     3.162     24.331    1860874148.96053 69.74    0.05865    
 900         -0.39074    0.03588     -0.35486    277.57   1.138       0.00211     3.162     3.162     3.162     24.331    1672426075.19364 66.19    0.06748    
 1000        -0.39281    0.03794     -0.35486    293.54   1.51708     0.00253     3.162     3.162     3.162     24.331    1598073626.88178 58.95    0.07791    
 1100        -0.39663    0.04177     -0.35486    323.13   1.94437     0.00295     3.162     3.162     3.162     24.331    1647509129.5099 54.64    0.0882     
 1200        -0.39713    0.04226     -0.35486    326.96   2.39806     0.00333     3.162     3.162     3.162     24.331    1253937282.32372 49.49    0.09796    
 1300        -0.39625    0.04139     -0.35486    320.23   2.84136     0.00364     3.162     3.162     3.162     24.331    802550252.61745 44.99    0.10663    
 1400        -0.40189    0.04703     -0.35486    363.82   3.07808     0.00366     3.162     3.162     3.162     24.331    1202604840.96142 46.08    0.11098    
 1500        -0.4022     0.04734     -0.35486    366.2    3.40685     0.00379     3.162     3.162     3.162     24.331    1314447647.98113 43.94    0.11676    

Time averages:
             Epot        Ekin        Etot        Temp     MSD         Self_diff   Pressure    Spec_heat   DebyeT   Lindemann  
             eV/atom     eV/atom     eV/atom     K        Å^2         mm^2/s      Pa          J/(K*Kg)    K        1          
             -0.39218    0.03732     -0.35486    288.74   1.78812     0.00278     1669354897.45944 529.34312   65.19    0.07968    