Material ID: 0085
Unit cell composition: Cu250
Material:  Cu
Site positions of initial unit cell:
 Cu          Cu         
 -0.00000    1.27560    
 1.47293     0.73646    
 1.04750     3.14251    
Properties:
 Time        Epot        Ekin        Etot        Temp     MSD         Self_diff   LC_a      LC_b      LC_c      Volume      Pressure    DebyeT   Lindemann  
 fs          eV/atom     eV/atom     eV/atom     K        Å^2         mm^2/s      Å         Å         Å         Å^3/atom    Pa          K        1          
 500         -14.72101   0.02592     -14.69509   200.54   0.0         0.0         2.449     2.449     4.022     10.448    -482068001538.2633 inf      0.0        
 600         -14.75363   0.05837     -14.69527   451.56   0.00125     0.0         2.449     2.449     4.022     10.448    -479737954697.4136 1575.67  0.00266    
 700         -14.75687   0.06132     -14.69556   474.38   0.00561     1e-05       2.449     2.449     4.022     10.448    -479259302893.49567 762.3    0.00564    
 800         -14.80626   0.10947     -14.69679   846.94   0.01017     2e-05       2.449     2.449     4.022     10.448    -475158147510.6563 756.45   0.0076     
 900         -14.98911   0.28919     -14.69992   2237.26  0.01404     3e-05       2.449     2.449     4.022     10.448    -461123340455.7168 1046.44  0.00893    
 1000        -15.04309   0.34111     -14.70198   2638.97  0.02067     3e-05       2.449     2.449     4.022     10.448    -456440444736.59735 936.47   0.01083    
 1100        -15.07587   0.3733      -14.70256   2888.0   0.02879     4e-05       2.449     2.449     4.022     10.448    -453824411589.96326 830.24   0.01278    
 1200        -15.02062   0.31907     -14.70156   2468.43  0.03916     5e-05       2.449     2.449     4.022     10.448    -457984553836.4 658.07   0.01491    
 1300        -15.0624    0.36106     -14.70134   2793.26  0.05002     6e-05       2.449     2.449     4.022     10.448    -454892223222.89795 619.38   0.01685    
 1400        -15.03427   0.33317     -14.7011    2577.5   0.06217     7e-05       2.449     2.449     4.022     10.448    -456975576498.3056 533.68   0.01879    
 1500        -15.01786   0.31639     -14.70147   2447.73  0.07421     8e-05       2.449     2.449     4.022     10.448    -458219604533.55615 476.05   0.02053    

Time averages:
             Epot        Ekin        Etot        Temp     MSD         Self_diff   Pressure    Spec_heat   DebyeT   Lindemann  
             eV/atom     eV/atom     eV/atom     K        Å^2         mm^2/s      Pa          J/(K*Kg)    K        1          
             -14.956     0.25625     -14.69976   1982.4   0.03061     4e-05       -463361555997.5002 278.28536   819.48   0.01195    