Material ID: 0104
Unit cell composition: Cu125
Material:  Cu
Site positions of initial unit cell:
 Cu         
 0.00000    
 0.00000    
 0.00000    
Properties:
 Time        Epot        Ekin        Etot        Temp     MSD         Self_diff   LC_a      LC_b      LC_c      Volume      Pressure    DebyeT   Lindemann  
 fs          eV/atom     eV/atom     eV/atom     K        Å^2         mm^2/s      Å         Å         Å         Å^3/atom    Pa          K        1          
 500         -15.88636   0.02789     -15.85847   215.75   0.0         0.0         2.587     2.587     2.587     13.333    102766239383.81812 inf      0.0        
 600         -15.94524   0.08678     -15.85846   671.36   0.04061     0.00011     2.587     2.587     2.587     13.333    104188463241.30678 337.03   0.01558    
 700         -15.92678   0.06834     -15.85844   528.68   0.08761     0.00021     2.587     2.587     2.587     13.333    102659841048.03561 203.61   0.02288    
 800         -15.93483   0.07639     -15.85845   590.95   0.15304     0.00032     2.587     2.587     2.587     13.333    102078230008.12457 162.88   0.03024    
 900         -15.94163   0.08317     -15.85847   643.41   0.20682     0.00038     2.587     2.587     2.587     13.333    101587525126.40138 146.19   0.03515    
 1000        -15.94831   0.08982     -15.85848   694.9    0.20507     0.00034     2.587     2.587     2.587     13.333    101840283852.37376 152.58   0.03501    
 1100        -15.94867   0.09019     -15.85848   697.75   0.18542     0.00028     2.587     2.587     2.587     13.333    102572009712.60968 160.79   0.03329    
 1200        -15.95182   0.09333     -15.85849   722.04   0.27488     0.00038     2.587     2.587     2.587     13.333    102302786340.43436 134.34   0.04053    
 1300        -15.95202   0.09354     -15.85848   723.63   0.29517     0.00038     2.587     2.587     2.587     13.333    101707591490.65137 129.78   0.042      
 1400        -15.95209   0.09362     -15.85848   724.26   0.27544     0.00033     2.587     2.587     2.587     13.333    102435490656.02367 134.41   0.04057    
 1500        -15.96746   0.10895     -15.85851   842.89   0.34629     0.00038     2.587     2.587     2.587     13.333    103036981381.60226 129.32   0.04549    

Time averages:
             Epot        Ekin        Etot        Temp     MSD         Self_diff   Pressure    Spec_heat   DebyeT   Lindemann  
             eV/atom     eV/atom     eV/atom     K        Å^2         mm^2/s      Pa          J/(K*Kg)    K        1          
             -15.94688   0.08841     -15.85847   683.99   0.20704     0.00033     102440920285.75635 198.09105   169.09   0.03407    