Material ID: 0087
Unit cell composition: Cu250
Material:  Cu
Site positions of initial unit cell:
 Cu          Cu         
 -0.00000    1.27560    
 1.47293     0.73646    
 1.04750     3.14251    
Properties:
 Time        Epot        Ekin        Etot        Temp     MSD         Self_diff   LC_a      LC_b      LC_c      Volume      Pressure    DebyeT   Lindemann  
 fs          eV/atom     eV/atom     eV/atom     K        Å^2         mm^2/s      Å         Å         Å         Å^3/atom    Pa          K        1          
 500         -17.01027   0.02694     -16.98333   208.42   0.0         0.0         2.551     2.551     4.19      11.809    -26568093571.48084 inf      0.0        
 600         -16.99395   0.01072     -16.98323   82.94    0.00059     0.0         2.551     2.551     4.19      11.809    -27728917586.1343 985.21   0.00175    
 700         -16.99749   0.01424     -16.98325   110.17   0.0015      0.0         2.551     2.551     4.19      11.809    -27475199944.41834 711.34   0.0028     
 800         -16.99756   0.01431     -16.98325   110.7    0.00302     1e-05       2.551     2.551     4.19      11.809    -27468873048.08204 501.63   0.00398    
 900         -16.99879   0.01552     -16.98326   120.09   0.00518     1e-05       2.551     2.551     4.19      11.809    -27378743736.33742 399.15   0.00521    
 1000        -16.99782   0.01457     -16.98325   112.72   0.00796     1e-05       2.551     2.551     4.19      11.809    -27451216672.85848 311.89   0.00645    
 1100        -16.99528   0.01204     -16.98324   93.15    0.01138     2e-05       2.551     2.551     4.19      11.809    -27630566322.0866 237.11   0.00772    
 1200        -16.99848   0.01522     -16.98326   117.77   0.01534     2e-05       2.551     2.551     4.19      11.809    -27404078470.76741 229.66   0.00896    
 1300        -16.99635   0.0131      -16.98324   101.36   0.01998     3e-05       2.551     2.551     4.19      11.809    -27555706369.36998 186.67   0.01023    
 1400        -16.99985   0.01658     -16.98327   128.26   0.02516     3e-05       2.551     2.551     4.19      11.809    -27307482792.76494 187.16   0.01147    
 1500        -16.9952    0.01197     -16.98323   92.61    0.03106     3e-05       2.551     2.551     4.19      11.809    -27639149968.48228 143.13   0.01275    

Time averages:
             Epot        Ekin        Etot        Temp     MSD         Self_diff   Pressure    Spec_heat   DebyeT   Lindemann  
             eV/atom     eV/atom     eV/atom     K        Å^2         mm^2/s      Pa          J/(K*Kg)    K        1          
             -16.99708   0.01383     -16.98325   106.98   0.01212     2e-05       -27503993491.13018 200.47929   389.3    0.00713    