Material ID: 0093
Unit cell composition: Cu250
Material:  Cu
Site positions of initial unit cell:
 Cu          Cu         
 -2.43060    3.15641    
 2.03828     0.31539    
 0.62975     1.88924    
Properties:
 Time        Epot        Ekin        Etot        Temp     MSD         Self_diff   LC_a      LC_b      LC_c      Volume      Pressure    DebyeT   Lindemann  
 fs          eV/atom     eV/atom     eV/atom     K        Å^2         mm^2/s      Å         Å         Å         Å^3/atom    Pa          K        1          
 500         -14.74659   0.02549     -14.72111   197.18   0.0         0.0         4.263     4.263     2.569     13.147    -21148129879.87133 inf      0.0        
 600         -14.90863   0.18622     -14.72241   1440.66  0.00813     2e-05       4.263     4.263     2.569     13.147    -6854644795.71092 1103.39  0.0055     
 700         -15.29424   0.57171     -14.72253   4422.94  0.72278     0.00172     4.263     4.263     2.569     13.147    31498436876.27474 205.04   0.05189    
 800         -15.3897    0.6672      -14.72249   5161.71  0.76484     0.00159     4.263     4.263     2.569     13.147    41956671319.11124 215.33   0.05338    
 900         -15.40513   0.68261     -14.72253   5280.87  1.22437     0.00227     4.263     4.263     2.569     13.147    44375534703.12049 172.14   0.06754    
 1000        -15.43839   0.71556     -14.72283   5535.85  1.0019      0.00167     4.263     4.263     2.569     13.147    46882583675.38515 194.84   0.0611     
 1100        -15.49352   0.77062     -14.7229    5961.77  1.08388     0.00164     4.263     4.263     2.569     13.147    50457379361.43717 194.39   0.06355    
 1200        -15.45857   0.73569     -14.72289   5691.52  1.27545     0.00177     4.263     4.263     2.569     13.147    48490547364.15022 175.09   0.06894    
 1300        -15.38148   0.65881     -14.72267   5096.79  1.12275     0.00144     4.263     4.263     2.569     13.147    42087714238.66073 176.6    0.06468    
 1400        -15.41742   0.6945      -14.72292   5372.93  1.19557     0.00142     4.263     4.263     2.569     13.147    45038874495.43705 175.71   0.06674    
 1500        -15.51312   0.78988     -14.72324   6110.76  1.22039     0.00136     4.263     4.263     2.569     13.147    52313813715.21917 185.48   0.06743    
 1600        -15.43257   0.70971     -14.72286   5490.54  1.23162     0.00128     4.263     4.263     2.569     13.147    47083344268.23103 175.01   0.06774    
 1700        -15.47917   0.75632     -14.72285   5851.13  1.23888     0.00121     4.263     4.263     2.569     13.147    48854683844.28183 180.13   0.06794    
 1800        -15.50493   0.782       -14.72293   6049.85  1.40436     0.0013      4.263     4.263     2.569     13.147    48394599996.65627 172.04   0.07234    

Time averages:
             Epot        Ekin        Etot        Temp     MSD         Self_diff   Pressure    Spec_heat   DebyeT   Lindemann  
             eV/atom     eV/atom     eV/atom     K        Å^2         mm^2/s      Pa          J/(K*Kg)    K        1          
             -15.45243   0.72957     -14.72286   5644.2   1.19992     0.00145     47397907566.25791 197.14423   180.14   0.0668     