Material ID: 0091
Unit cell composition: Cu250
Material:  Cu
Site positions of initial unit cell:
 Cu          Cu         
 -2.43060    3.15641    
 2.03828     0.31539    
 0.62975     1.88924    
Properties:
 Time        Epot        Ekin        Etot        Temp     MSD         Self_diff   LC_a      LC_b      LC_c      Volume      Pressure    DebyeT   Lindemann  
 fs          eV/atom     eV/atom     eV/atom     K        Å^2         mm^2/s      Å         Å         Å         Å^3/atom    Pa          K        1          
 500         -13.07314   0.0263      -13.04684   203.48   0.0         0.0         4.096     4.096     2.469     11.66     -323091323537.65784 inf      0.0        
 600         -14.33651   1.28548     -13.05103   9944.94  0.22061     0.00061     4.096     4.096     2.469     11.66     -247377085563.82065 556.51   0.02984    
 700         -14.54202   1.48576     -13.05625   11494.39 1.28996     0.00307     4.096     4.096     2.469     11.66     -222925034487.72287 247.42   0.07216    
 800         -14.4279    1.37084     -13.05706   10605.28 2.11753     0.00441     4.096     4.096     2.469     11.66     -234012509788.91772 185.5    0.09245    
 900         -14.63058   1.57281     -13.05777   12167.83 2.5082      0.00464     4.096     4.096     2.469     11.66     -217057499339.96927 182.56   0.10062    
 1000        -14.6934    1.63456     -13.05883   12645.54 2.54664     0.00424     4.096     4.096     2.469     11.66     -210924248539.58536 184.7    0.10138    
 1100        -14.68211   1.62321     -13.0589    12557.69 2.53894     0.00385     4.096     4.096     2.469     11.66     -211179325972.49796 184.34   0.10123    
 1200        -14.73228   1.67403     -13.05825   12950.91 2.74518     0.00381     4.096     4.096     2.469     11.66     -209545942001.24734 180.03   0.10526    
 1300        -14.77296   1.71397     -13.05899   13259.88 2.71594     0.00348     4.096     4.096     2.469     11.66     -207646397113.13043 183.15   0.1047     
 1400        -14.75992   1.70032     -13.0596    13154.28 2.90901     0.00346     4.096     4.096     2.469     11.66     -209047143447.47556 176.26   0.10836    
 1500        -14.81449   1.75506     -13.05943   13577.74 2.99624     0.00333     4.096     4.096     2.469     11.66     -204024626277.58255 176.45   0.10997    
 1600        -14.9739    1.91397     -13.05993   14807.17 3.16108     0.00329     4.096     4.096     2.469     11.66     -193623626987.7163 179.39   0.11295    
 1700        -14.98055   1.92008     -13.06047   14854.38 3.1833      0.00312     4.096     4.096     2.469     11.66     -193364739142.3266 179.05   0.11335    
 1800        -14.83661   1.77759     -13.05901   13752.09 3.18297     0.00295     4.096     4.096     2.469     11.66     -202572921820.5554 172.29   0.11334    
 1900        -14.80016   1.74073     -13.05943   13466.89 3.13784     0.00275     4.096     4.096     2.469     11.66     -205242635298.94705 171.71   0.11254    
 2000        -14.92148   1.86168     -13.0598    14402.61 3.18416     0.00265     4.096     4.096     2.469     11.66     -196663462820.8383 176.28   0.11337    
 2100        -14.93157   1.8721      -13.05947   14483.25 3.24828     0.00258     4.096     4.096     2.469     11.66     -196676420758.2672 175.02   0.1145     
 2200        -14.89538   1.83593     -13.05944   14203.42 3.2087      0.00243     4.096     4.096     2.469     11.66     -198337898830.83536 174.39   0.1138     
 2300        -14.84448   1.78501     -13.05947   13809.44 3.32172     0.00241     4.096     4.096     2.469     11.66     -202418275849.41705 169.0    0.11579    

Time averages:
             Epot        Ekin        Etot        Temp     MSD         Self_diff   Pressure    Spec_heat   DebyeT   Lindemann  
             eV/atom     eV/atom     eV/atom     K        Å^2         mm^2/s      Pa          J/(K*Kg)    K        1          
             -14.87585   1.81625     -13.0596    14051.13 3.15333     0.00283     -200197175123.39615 196.66986   174.98   0.1128     