Material ID: 0111
Unit cell composition: Cu125
Material:  Cu
Site positions of initial unit cell:
 Cu         
 0.00000    
 0.00000    
 0.00000    
Properties:
 Time        Epot        Ekin        Etot        Temp     MSD         Self_diff   LC_a      LC_b      LC_c      Volume      Pressure    DebyeT   Lindemann  
 fs          eV/atom     eV/atom     eV/atom     K        Å^2         mm^2/s      Å         Å         Å         Å^3/atom    Pa          K        1          
 500         -16.64861   0.02266     -16.62596   175.27   0.0         0.0         2.509     2.509     2.509     11.174    -167197032384.62418 inf      0.0        
 600         -16.63729   0.01142     -16.62587   88.36    0.00048     0.0         2.509     2.509     2.509     11.174    -168015468761.158 1126.7   0.00174    
 700         -16.63596   0.01011     -16.62585   78.21    0.0015      0.0         2.509     2.509     2.509     11.174    -168114285051.8527 598.4    0.00309    
 800         -16.63783   0.01195     -16.62588   92.48    0.00318     1e-05       2.509     2.509     2.509     11.174    -167971486718.2623 447.21   0.00449    
 900         -16.63933   0.01344     -16.62589   103.99   0.00548     1e-05       2.509     2.509     2.509     11.174    -167870878629.43198 360.99   0.0059     
 1000        -16.63558   0.00972     -16.62586   75.2     0.00853     1e-05       2.509     2.509     2.509     11.174    -168134015462.3451 246.12   0.00736    
 1100        -16.63716   0.01129     -16.62587   87.37    0.01217     2e-05       2.509     2.509     2.509     11.174    -168025667918.13156 222.12   0.00879    
 1200        -16.63699   0.01114     -16.62585   86.18    0.01647     2e-05       2.509     2.509     2.509     11.174    -168044613026.7699 189.58   0.01023    
 1300        -16.63875   0.01287     -16.62589   99.55    0.02148     3e-05       2.509     2.509     2.509     11.174    -167903397911.50195 178.46   0.01168    
 1400        -16.63909   0.01319     -16.6259    102.08   0.02716     3e-05       2.509     2.509     2.509     11.174    -167877759989.94833 160.7    0.01313    
 1500        -16.63528   0.00942     -16.62586   72.86    0.03356     4e-05       2.509     2.509     2.509     11.174    -168149558374.93738 122.14   0.0146     

Time averages:
             Epot        Ekin        Etot        Temp     MSD         Self_diff   Pressure    Spec_heat   DebyeT   Lindemann  
             eV/atom     eV/atom     eV/atom     K        Å^2         mm^2/s      Pa          J/(K*Kg)    K        1          
             -16.63733   0.01145     -16.62587   88.63    0.013       2e-05       -168010713184.43393 198.1055    365.24   0.0081     