Material ID: 0119
Unit cell composition: Cu750
Material:  Cu
Site positions of initial unit cell:
 Cu          Cu          Cu          Cu          Cu          Cu         
 1.27030     0.00000     0.00000     1.27030     0.00000     0.00000    
 0.73341     0.00000     1.46681     0.73341     0.00000     1.46681    
 22.70256    0.04679     20.62708    16.47537    18.55082    14.38716   
Properties:
 Time        Epot        Ekin        Etot        Temp     MSD         Self_diff   LC_a      LC_b      LC_c      Volume      Pressure    DebyeT   Lindemann  
 fs          eV/atom     eV/atom     eV/atom     K        Å^2         mm^2/s      Å         Å         Å         Å^3/atom    Pa          K        1          
 500         -13.88966   0.02666     -13.863     206.24   0.0         0.0         2.642     2.642     25.734    25.931    29703456861.26087 inf      0.0        
 600         -14.65411   0.79068     -13.86343   6116.97  0.15264     0.00042     2.642     2.642     25.734    25.931    24247923138.71572 524.72   4e-05      
 700         -14.40878   0.54563     -13.86316   4221.16  0.16039     0.00038     2.642     2.642     25.734    25.931    14157388318.95589 425.22   4e-05      
 800         -14.23046   0.36701     -13.86345   2839.35  0.0952      0.0002      2.642     2.642     25.734    25.931    48621393515.43444 452.67   3e-05      
 900         -14.51014   0.64637     -13.86377   5000.58  0.1247      0.00023     2.642     2.642     25.734    25.931    30940966803.41132 524.89   4e-05      
 1000        -14.32766   0.46401     -13.86366   3589.71  0.23184     0.00039     2.642     2.642     25.734    25.931    -7031434303.63491 326.15   5e-05      
 1100        -14.35393   0.49048     -13.86344   3794.56  0.13684     0.00021     2.642     2.642     25.734    25.931    35482125643.15055 436.48   4e-05      
 1200        -14.28385   0.42054     -13.86331   3253.44  0.12918     0.00018     2.642     2.642     25.734    25.931    38844456963.0608 415.97   4e-05      
 1300        -14.47996   0.61636     -13.8636    4768.37  0.18734     0.00024     2.642     2.642     25.734    25.931    13081113955.21499 418.17   4e-05      
 1400        -14.34277   0.47915     -13.86362   3706.85  0.23066     0.00027     2.642     2.642     25.734    25.931    7771990620.87545 332.28   5e-05      
 1500        -14.36443   0.50094     -13.86349   3875.44  0.19372     0.00022     2.642     2.642     25.734    25.931    27582378277.25465 370.73   4e-05      
 1600        -14.33208   0.46871     -13.86337   3626.08  0.17625     0.00018     2.642     2.642     25.734    25.931    29847738483.5508 375.96   4e-05      
 1700        -14.35733   0.49389     -13.86344   3820.91  0.22161     0.00022     2.642     2.642     25.734    25.931    19380324046.53194 344.17   5e-05      
 1800        -14.35257   0.48896     -13.86361   3782.77  0.26405     0.00024     2.642     2.642     25.734    25.931    6091126204.55512 313.73   5e-05      
 1900        -14.41463   0.55101     -13.86362   4262.81  0.21947     0.00019     2.642     2.642     25.734    25.931    19241374090.15498 365.3    5e-05      

Time averages:
             Epot        Ekin        Etot        Temp     MSD         Self_diff   Pressure    Spec_heat   DebyeT   Lindemann  
             eV/atom     eV/atom     eV/atom     K        Å^2         mm^2/s      Pa          J/(K*Kg)    K        1          
             -14.36092   0.4974      -13.86352   3848.09  0.1991      0.00022     19029119398.07143 204.64931   369.89   5e-05      