Material ID: 0028
Unit cell composition: Au125
Material:  Au
Site positions of initial unit cell:
 Au         
 0.00000    
 0.00000    
 0.00000    
Properties:
 Time        Epot        Ekin        Etot        Temp     MSD         Self_diff   LC_a      LC_b      LC_c      Volume      Pressure    DebyeT   Lindemann  
 fs          eV/atom     eV/atom     eV/atom     K        Å^2         mm^2/s      Å         Å         Å         Å^3/atom    Pa          K        1          
 500         -13.58569   0.02798     -13.55771   216.47   0.0         0.0         3.009     3.009     3.009     19.255    160414849559.02112 inf      0.0        
 600         -13.56716   0.00945     -13.55771   73.09    0.01097     3e-05       3.009     3.009     3.009     19.255    156755577483.53134 121.51   0.00696    
 700         -13.58739   0.02968     -13.55771   229.62   0.02068     5e-05       3.009     3.009     3.009     19.255    154311659201.12817 156.88   0.00956    
 800         -13.74988   0.19216     -13.55772   1486.62  0.12417     0.00026     3.009     3.009     3.009     19.255    131951946004.69801 162.9    0.02343    
 900         -13.90474   0.34699     -13.55775   2684.43  0.5203      0.00096     3.009     3.009     3.009     19.255    63976437275.19718 106.94   0.04795    
 1000        -13.93708   0.3793      -13.55777   2934.43  0.81584     0.00136     3.009     3.009     3.009     19.255    57971025797.90535 89.29    0.06004    
 1100        -14.03183   0.47398     -13.55786   3666.84  1.10921     0.00168     3.009     3.009     3.009     19.255    34731559545.06668 85.6     0.07001    
 1200        -14.02164   0.46382     -13.55781   3588.3   1.18878     0.00165     3.009     3.009     3.009     19.255    53347109024.33265 81.8     0.07248    
 1300        -14.06354   0.50565     -13.55789   3911.88  1.42196     0.00182     3.009     3.009     3.009     19.255    37007451742.50125 78.09    0.07927    
 1400        -14.16618   0.60826     -13.55792   4705.73  1.47291     0.00175     3.009     3.009     3.009     19.255    38062388147.57488 84.15    0.08068    
 1500        -14.11296   0.55509     -13.55787   4294.35  1.48621     0.00165     3.009     3.009     3.009     19.255    34524029169.93098 80.03    0.08104    

Time averages:
             Epot        Ekin        Etot        Temp     MSD         Self_diff   Pressure    Spec_heat   DebyeT   Lindemann  
             eV/atom     eV/atom     eV/atom     K        Å^2         mm^2/s      Pa          J/(K*Kg)    K        1          
             -13.91424   0.35644     -13.5578    2757.53  0.8171      0.00124     76263918339.18665 80.4206     104.72   0.05314    