Material ID: 0260
Unit cell composition: Mg500
Material:  Mg
Site positions of initial unit cell:
 Mg          Mg          Mg          Mg         
 0.00000     -0.00000    0.00000     1.60186    
 0.00000     1.84967     0.00000     0.92483    
 0.00000     2.58032     5.16064     7.74097    
Properties:
 Time        Epot        Ekin        Etot        Temp     MSD         Self_diff   LC_a      LC_b      LC_c      Volume      Pressure    DebyeT   Lindemann  
 fs          eV/atom     eV/atom     eV/atom     K        Å^2         mm^2/s      Å         Å         Å         Å^3/atom    Pa          K        1          
 500         -0.49414    0.02626     -0.46787    203.18   0.0         0.0         3.076     3.076     9.908     20.292    4772313464.26014 inf      0.0        
 600         -0.48214    0.01427     -0.46787    110.39   0.12201     0.00034     3.076     3.076     9.908     20.292    3912016674.37665 127.48   0.03212    
 700         -0.48508    0.01721     -0.46787    133.12   0.17013     0.00041     3.076     3.076     9.908     20.292    3962517840.86661 118.55   0.03793    
 800         -0.48573    0.01786     -0.46787    138.14   0.1644      0.00034     3.076     3.076     9.908     20.292    4032639095.54525 122.85   0.03729    
 900         -0.48545    0.01758     -0.46787    135.98   0.15422     0.00029     3.076     3.076     9.908     20.292    4031973830.42818 125.85   0.03611    
 1000        -0.48575    0.01787     -0.46787    138.29   0.16228     0.00027     3.076     3.076     9.908     20.292    4017907421.02243 123.72   0.03705    
 1100        -0.48643    0.01856     -0.46787    143.59   0.17987     0.00027     3.076     3.076     9.908     20.292    4053691132.44004 119.75   0.039      
 1200        -0.48547    0.01759     -0.46787    136.09   0.21303     0.0003      3.076     3.076     9.908     20.292    3932840523.48565 107.12   0.04245    
 1300        -0.48569    0.01782     -0.46787    137.82   0.23032     0.0003      3.076     3.076     9.908     20.292    3956639615.99194 103.68   0.04413    
 1400        -0.48524    0.01736     -0.46787    134.32   0.2411      0.00029     3.076     3.076     9.908     20.292    3895848722.67713 100.04   0.04516    
 1500        -0.48562    0.01774     -0.46787    137.26   0.24084     0.00027     3.076     3.076     9.908     20.292    3936783121.22001 101.18   0.04513    

Time averages:
             Epot        Ekin        Etot        Temp     MSD         Self_diff   Pressure    Spec_heat   DebyeT   Lindemann  
             eV/atom     eV/atom     eV/atom     K        Å^2         mm^2/s      Pa          J/(K*Kg)    K        1          
             -0.48526    0.01739     -0.46787    134.5    0.18782     0.0003      3973285797.80539 518.61271   115.02   0.03964    