Material ID: 0304
Unit cell composition: Pd125
Material:  Pd
Site positions of initial unit cell:
 Pd         
 0.00000    
 0.00000    
 0.00000    
Properties:
 Time        Epot        Ekin        Etot        Temp     MSD         Self_diff   LC_a      LC_b      LC_c      Volume      Pressure    DebyeT   Lindemann  
 fs          eV/atom     eV/atom     eV/atom     K        Å^2         mm^2/s      Å         Å         Å         Å^3/atom    Pa          K        1          
 500         -9.94609    0.02659     -9.9195     205.71   0.0         0.0         2.91      2.91      2.91      17.424    97286567549.52486 inf      0.0        
 600         -9.93274    0.01324     -9.9195     102.44   0.00188     1e-05       2.91      2.91      2.91      17.424    96373059082.41226 473.41   0.00298    
 700         -9.93168    0.01218     -9.9195     94.22    0.00183     0.0         2.91      2.91      2.91      17.424    96324045544.94981 459.39   0.00294    
 800         -9.93353    0.01404     -9.9195     108.58   0.00233     0.0         2.91      2.91      2.91      17.424    96482255267.1366 437.38   0.00332    
 900         -9.93417    0.01467     -9.9195     113.49   0.00217     0.0         2.91      2.91      2.91      17.424    96499023443.6015 463.29   0.0032     
 1000        -9.92762    0.00812     -9.9195     62.83    0.00316     1e-05       2.91      2.91      2.91      17.424    96053139056.0122 285.82   0.00386    
 1100        -9.93185    0.01236     -9.9195     95.59    0.00327     0.0         2.91      2.91      2.91      17.424    96377899372.56052 346.31   0.00393    
 1200        -9.93068    0.01118     -9.9195     86.49    0.0036      1e-05       2.91      2.91      2.91      17.424    96281647471.48087 313.79   0.00413    
 1300        -9.93146    0.01196     -9.9195     92.54    0.00401     1e-05       2.91      2.91      2.91      17.424    96319436988.74445 307.67   0.00435    
 1400        -9.93412    0.01462     -9.9195     113.13   0.00381     0.0         2.91      2.91      2.91      17.424    96489695114.7586 349.13   0.00424    
 1500        -9.93411    0.01461     -9.9195     113.02   0.00466     1e-05       2.91      2.91      2.91      17.424    96473182457.5009 315.51   0.00469    

Time averages:
             Epot        Ekin        Etot        Temp     MSD         Self_diff   Pressure    Spec_heat   DebyeT   Lindemann  
             eV/atom     eV/atom     eV/atom     K        Å^2         mm^2/s      Pa          J/(K*Kg)    K        1          
             -9.9322     0.0127      -9.9195     98.23    0.00307     0.0         96367338379.91576 119.0393    375.17   0.00376    