Material ID: 0302
Unit cell composition: Pd125
Material:  Pd
Site positions of initial unit cell:
 Pd         
 0.00000    
 0.00000    
 0.00000    
Properties:
 Time        Epot        Ekin        Etot        Temp     MSD         Self_diff   LC_a      LC_b      LC_c      Volume      Pressure    DebyeT   Lindemann  
 fs          eV/atom     eV/atom     eV/atom     K        Å^2         mm^2/s      Å         Å         Å         Å^3/atom    Pa          K        1          
 500         -11.01363   0.02273     -10.9909    175.84   0.0         0.0         2.798     2.798     2.798     15.49     72098757745.47028 inf      0.0        
 600         -11.00041   0.00952     -10.99089   73.62    0.00124     0.0         2.798     2.798     2.798     15.49     71302167805.28473 494.02   0.00251    
 700         -11.00225   0.01136     -10.99089   87.87    0.00244     1e-05       2.798     2.798     2.798     15.49     71414064479.59161 384.61   0.00353    
 800         -11.00185   0.01096     -10.99089   84.79    0.00452     1e-05       2.798     2.798     2.798     15.49     71405509968.12546 277.33   0.00481    
 900         -11.00313   0.01223     -10.99089   94.63    0.00709     1e-05       2.798     2.798     2.798     15.49     71474124223.84967 233.97   0.00602    
 1000        -11.00065   0.00976     -10.99089   75.52    0.01074     2e-05       2.798     2.798     2.798     15.49     71332449893.40164 169.88   0.00741    
 1100        -11.00081   0.00992     -10.99089   76.73    0.01512     2e-05       2.798     2.798     2.798     15.49     71337968623.2556 144.29   0.00879    
 1200        -11.00323   0.01233     -10.9909    95.38    0.02025     3e-05       2.798     2.798     2.798     15.49     71491345113.77194 138.99   0.01017    
 1300        -11.00063   0.00974     -10.99089   75.34    0.02615     3e-05       2.798     2.798     2.798     15.49     71311681139.31517 108.72   0.01156    
 1400        -11.00415   0.01326     -10.99089   102.58   0.03251     4e-05       2.798     2.798     2.798     15.49     71527586474.27866 113.77   0.01289    
 1500        -11.00256   0.01167     -10.99089   90.29    0.04006     4e-05       2.798     2.798     2.798     15.49     71433512557.6358 96.15    0.01431    

Time averages:
             Epot        Ekin        Etot        Temp     MSD         Self_diff   Pressure    Spec_heat   DebyeT   Lindemann  
             eV/atom     eV/atom     eV/atom     K        Å^2         mm^2/s      Pa          J/(K*Kg)    K        1          
             -11.00197   0.01107     -10.99089   85.67    0.01601     2e-05       71403041027.85103 118.18312   216.17   0.0082     