Material ID: 0079
Unit cell composition: Fe125
Material:  Fe
Site positions of initial unit cell:
 Fe         
 0.00000    
 0.00000    
 0.00000    
Properties:
 Time        Epot        Ekin        Etot        Temp     MSD         Self_diff   LC_a      LC_b      LC_c      Volume      Pressure    DebyeT   Lindemann  
 fs          eV/atom     eV/atom     eV/atom     K        Å^2         mm^2/s      Å         Å         Å         Å^3/atom    Pa          K        1          
 500         -9.3396     0.02443     -9.31517    189.01   0.0         0.0         2.681     2.681     2.681     13.626    82584945669.34546 inf      0.0        
 600         -9.32893    0.01378     -9.31515    106.61   0.00128     0.0         2.681     2.681     2.681     13.626    81825369906.02805 808.25   0.00266    
 700         -9.32737    0.01222     -9.31515    94.56    0.00283     1e-05       2.681     2.681     2.681     13.626    81705355392.79602 510.85   0.00397    
 800         -9.33051    0.01535     -9.31516    118.78   0.00541     1e-05       2.681     2.681     2.681     13.626    81941881201.40302 414.11   0.00549    
 900         -9.32717    0.01202     -9.31515    92.98    0.00936     2e-05       2.681     2.681     2.681     13.626    81702460486.79482 278.66   0.00722    
 1000        -9.32851    0.01336     -9.31515    103.35   0.01404     2e-05       2.681     2.681     2.681     13.626    81792730380.3147 239.92   0.00884    
 1100        -9.32764    0.01249     -9.31515    96.62    0.02002     3e-05       2.681     2.681     2.681     13.626    81755211893.2904 194.24   0.01055    
 1200        -9.3257     0.01056     -9.31515    81.66    0.02695     4e-05       2.681     2.681     2.681     13.626    81606131791.68495 153.9    0.01225    
 1300        -9.3265     0.01136     -9.31515    87.86    0.03473     4e-05       2.681     2.681     2.681     13.626    81640639447.27785 140.62   0.0139     
 1400        -9.328      0.01285     -9.31515    99.38    0.04373     5e-05       2.681     2.681     2.681     13.626    81766957334.55208 133.28   0.0156     
 1500        -9.32735    0.0122      -9.31515    94.4     0.05379     6e-05       2.681     2.681     2.681     13.626    81720541122.17294 117.12   0.0173     

Time averages:
             Epot        Ekin        Etot        Temp     MSD         Self_diff   Pressure    Spec_heat   DebyeT   Lindemann  
             eV/atom     eV/atom     eV/atom     K        Å^2         mm^2/s      Pa          J/(K*Kg)    K        1          
             -9.32777    0.01262     -9.31515    97.62    0.02121     3e-05       81745727895.6315 224.83169   299.09   0.00978    