Material ID: 0179
Unit cell composition: Ti125
Material:  Ti
Site positions of initial unit cell:
 Ti         
 0.00000    
 0.00000    
 0.00000    
Properties:
 Time        Epot        Ekin        Etot        Temp     MSD         Self_diff   LC_a      LC_b      LC_c      Volume      Pressure    DebyeT   Lindemann  
 fs          eV/atom     eV/atom     eV/atom     K        Å^2         mm^2/s      Å         Å         Å         Å^3/atom    Pa          K        1          
 500         -8.66567    0.02395     -8.64172    185.28   0.0         0.0         2.929     2.929     2.929     19.334    -111525498058.53864 inf      0.0        
 600         -8.6792     0.03756     -8.64165    290.55   0.06888     0.00019     2.929     2.929     2.929     19.334    -112652117086.64444 196.14   0.01792    
 700         -8.71308    0.0714      -8.64168    552.39   0.11867     0.00028     2.929     2.929     2.929     19.334    -111202436305.40633 206.05   0.02353    
 800         -8.73402    0.09233     -8.64169    714.3    0.19643     0.00041     2.929     2.929     2.929     19.334    -110766977776.32022 182.12   0.03027    
 900         -8.73206    0.09037     -8.6417     699.11   0.19783     0.00037     2.929     2.929     2.929     19.334    -110887465208.90005 179.53   0.03038    
 1000        -8.74413    0.10238     -8.64175    792.06   0.20983     0.00035     2.929     2.929     2.929     19.334    -110520699925.14375 185.55   0.03128    
 1100        -8.74214    0.10041     -8.64173    776.78   0.21387     0.00032     2.929     2.929     2.929     19.334    -110465035503.08887 182.01   0.03158    
 1200        -8.74715    0.10538     -8.64177    815.24   0.29414     0.00041     2.929     2.929     2.929     19.334    -110459658910.8614 158.99   0.03704    
 1300        -8.74263    0.10089     -8.64174    780.52   0.31348     0.0004      2.929     2.929     2.929     19.334    -110727185846.20384 150.7    0.03824    
 1400        -8.75117    0.10938     -8.64179    846.24   0.35014     0.00042     2.929     2.929     2.929     19.334    -110341109258.569 148.47   0.04041    
 1500        -8.74304    0.10126     -8.64179    783.36   0.39818     0.00044     2.929     2.929     2.929     19.334    -110754751338.94122 133.95   0.04309    

Time averages:
             Epot        Ekin        Etot        Temp     MSD         Self_diff   Pressure    Spec_heat   DebyeT   Lindemann  
             eV/atom     eV/atom     eV/atom     K        Å^2         mm^2/s      Pa          J/(K*Kg)    K        1          
             -8.73286    0.09114     -8.64173    705.05   0.23614     0.00038     -110877743716.0079 269.65691   172.35   0.03237    