Material ID: 0282
Unit cell composition: Mg125
Material:  Mg
Site positions of initial unit cell:
 Mg         
 0.00000    
 0.00000    
 0.00000    
Properties:
 Time        Epot        Ekin        Etot        Temp     MSD         Self_diff   LC_a      LC_b      LC_c      Volume      Pressure    DebyeT   Lindemann  
 fs          eV/atom     eV/atom     eV/atom     K        Å^2         mm^2/s      Å         Å         Å         Å^3/atom    Pa          K        1          
 500         -0.42427    0.02258     -0.40169    174.71   0.0         0.0         3.091     3.091     3.091     22.661    4390998829.95598 inf      0.0        
 600         -0.41607    0.01438     -0.40169    111.27   0.13656     0.00038     3.091     3.091     3.091     22.661    3344985866.86424 120.98   0.02391    
 700         -0.4212     0.01951     -0.40169    150.91   0.31629     0.00075     3.091     3.091     3.091     22.661    3024471046.22703 92.58    0.03639    
 800         -0.42336    0.02167     -0.40169    167.63   0.47016     0.00098     3.091     3.091     3.091     22.661    2765289352.89409 80.03    0.04437    
 900         -0.42436    0.02267     -0.40169    175.41   0.61271     0.00113     3.091     3.091     3.091     22.661    2719945621.22592 71.71    0.05065    
 1000        -0.42545    0.02376     -0.40169    183.78   0.77722     0.0013      3.091     3.091     3.091     22.661    2641594677.00687 65.17    0.05704    
 1100        -0.42717    0.02548     -0.40169    197.11   0.98171     0.00149     3.091     3.091     3.091     22.661    2500377784.30231 60.05    0.06411    
 1200        -0.42769    0.026       -0.40169    201.11   1.22945     0.00171     3.091     3.091     3.091     22.661    2216460264.43566 54.21    0.07174    
 1300        -0.42649    0.0248      -0.40169    191.86   1.42881     0.00183     3.091     3.091     3.091     22.661    2131698860.72211 49.11    0.07734    
 1400        -0.42692    0.02523     -0.40169    195.19   1.60629     0.00191     3.091     3.091     3.091     22.661    1920944005.53501 46.72    0.082      
 1500        -0.43009    0.0284      -0.40169    219.71   1.84679     0.00205     3.091     3.091     3.091     22.661    1909093107.17586 46.23    0.08793    

Time averages:
             Epot        Ekin        Etot        Temp     MSD         Self_diff   Pressure    Spec_heat   DebyeT   Lindemann  
             eV/atom     eV/atom     eV/atom     K        Å^2         mm^2/s      Pa          J/(K*Kg)    K        1          
             -0.42488    0.02319     -0.40169    179.4    0.9406      0.00146     2517486058.63891 522.26501   68.68    0.05955    