Material ID: 0011
Unit cell composition: Ag500
Material:  Ag
Site positions of initial unit cell:
 Ag          Ag          Ag          Ag         
 0.00000     0.00000     -0.00000    1.47560    
 0.00000     0.00000     1.70388     0.85194    
 0.00000     4.79288     2.39644     7.18932    
Properties:
 Time        Epot        Ekin        Etot        Temp     MSD         Self_diff   LC_a      LC_b      LC_c      Volume      Pressure    DebyeT   Lindemann  
 fs          eV/atom     eV/atom     eV/atom     K        Å^2         mm^2/s      Å         Å         Å         Å^3/atom    Pa          K        1          
 500         -13.3669    0.02641     -13.34048   204.35   0.0         0.0         2.892     2.892     9.394     17.013    51877359618.85838 inf      0.0        
 600         -13.4392    0.09858     -13.34063   762.61   0.00327     1e-05       2.892     2.892     9.394     17.013    55748568345.67529 972.03   0.00559    
 700         -13.41627   0.07568     -13.34059   585.48   0.0115      3e-05       2.892     2.892     9.394     17.013    54412524942.62325 453.96   0.01049    
 800         -13.36625   0.02575     -13.3405    199.22   0.01163     2e-05       2.892     2.892     9.394     17.013    51865413267.89514 263.3    0.01055    
 900         -13.44904   0.10839     -13.34065   838.54   0.00904     2e-05       2.892     2.892     9.394     17.013    56392794144.24973 612.71   0.0093     
 1000        -13.40715   0.06657     -13.34058   515.02   0.0047      1e-05       2.892     2.892     9.394     17.013    53858519657.63674 666.27   0.0067     
 1100        -13.38192   0.04137     -13.34055   320.04   0.00335     1e-05       2.892     2.892     9.394     17.013    52682018237.23113 622.13   0.00566    
 1200        -13.46002   0.11935     -13.34067   923.32   0.0054      1e-05       2.892     2.892     9.394     17.013    57090271783.81609 831.92   0.00719    
 1300        -13.40465   0.06407     -13.34058   495.63   0.01473     2e-05       2.892     2.892     9.394     17.013    53692971468.16577 368.97   0.01187    
 1400        -13.39822   0.0576      -13.34062   445.62   0.01427     2e-05       2.892     2.892     9.394     17.013    53628009094.79855 355.51   0.01168    
 1500        -13.45835   0.11769     -13.34067   910.48   0.0111      1e-05       2.892     2.892     9.394     17.013    57092558752.55926 576.25   0.0103     

Time averages:
             Epot        Ekin        Etot        Temp     MSD         Self_diff   Pressure    Spec_heat   DebyeT   Lindemann  
             eV/atom     eV/atom     eV/atom     K        Å^2         mm^2/s      Pa          J/(K*Kg)    K        1          
             -13.41811   0.0775      -13.3406    599.6    0.0089      2e-05       54646364969.4651 199.14048   572.31   0.00893    