Material ID: 0239
Unit cell composition: Ni250
Material:  Ni
Site positions of initial unit cell:
 Ni          Ni         
 -0.00000    1.23714    
 1.42853     0.71426    
 1.01755     3.05264    
Properties:
 Time        Epot        Ekin        Etot        Temp     MSD         Self_diff   LC_a      LC_b      LC_c      Volume      Pressure    DebyeT   Lindemann  
 fs          eV/atom     eV/atom     eV/atom     K        Å^2         mm^2/s      Å         Å         Å         Å^3/atom    Pa          K        1          
 500         -15.28748   0.02413     -15.26335   186.66   0.0         0.0         2.573     2.573     4.233     12.137    197111005562.4193 inf      0.0        
 600         -15.33579   0.07228     -15.26351   559.15   0.00219     1e-05       2.573     2.573     4.233     12.137    202574412043.47952 1377.63  0.00335    
 700         -15.28974   0.02637     -15.26337   204.04   0.00762     2e-05       2.573     2.573     4.233     12.137    197455047201.77817 446.28   0.00626    
 800         -15.33234   0.06885     -15.26348   532.68   0.00548     1e-05       2.573     2.573     4.233     12.137    202151468056.13177 850.0    0.00531    
 900         -15.30194   0.03854     -15.2634    298.2    0.00505     1e-05       2.573     2.573     4.233     12.137    199040377106.45212 663.07   0.00509    
 1000        -15.31199   0.04856     -15.26342   375.68   0.00832     1e-05       2.573     2.573     4.233     12.137    200485847142.8882 579.48   0.00654    
 1100        -15.30523   0.04182     -15.26341   323.53   0.01077     2e-05       2.573     2.573     4.233     12.137    199922932885.69788 472.67   0.00744    
 1200        -15.30836   0.04495     -15.26342   347.72   0.01011     1e-05       2.573     2.573     4.233     12.137    200182626906.936 505.89   0.0072     
 1300        -15.32167   0.05825     -15.26343   450.61   0.00871     1e-05       2.573     2.573     4.233     12.137    201249014024.5904 620.38   0.00669    
 1400        -15.30766   0.04425     -15.26341   342.33   0.00938     1e-05       2.573     2.573     4.233     12.137    200075375956.71988 520.98   0.00694    
 1500        -15.31039   0.04697     -15.26342   363.38   0.00997     1e-05       2.573     2.573     4.233     12.137    200353560222.34055 520.7    0.00715    

Time averages:
             Epot        Ekin        Etot        Temp     MSD         Self_diff   Pressure    Spec_heat   DebyeT   Lindemann  
             eV/atom     eV/atom     eV/atom     K        Å^2         mm^2/s      Pa          J/(K*Kg)    K        1          
             -15.31251   0.04908     -15.26343   379.73   0.00776     1e-05       200349066154.70148 235.09425   655.71   0.0062     