Material ID: 0242
Unit cell composition: Ni250
Material:  Ni
Site positions of initial unit cell:
 Ni          Ni         
 -0.00000    1.20834    
 1.39527     0.69764    
 5.74724     7.76811    
Properties:
 Time        Epot        Ekin        Etot        Temp     MSD         Self_diff   LC_a      LC_b      LC_c      Volume      Pressure    DebyeT   Lindemann  
 fs          eV/atom     eV/atom     eV/atom     K        Å^2         mm^2/s      Å         Å         Å         Å^3/atom    Pa          K        1          
 500         -11.47536   0.02645     -11.44891   204.61   0.0         0.0         2.417     2.417     13.515    34.18     -4721031431.6718 inf      0.0        
 600         -11.46389   0.01503     -11.44886   116.24   0.0027      1e-05       2.417     2.417     13.515    34.18     -7279829342.96284 565.88   0.00149    
 700         -11.46435   0.01549     -11.44886   119.84   0.00957     2e-05       2.417     2.417     13.515    34.18     -7524582135.32499 305.19   0.00281    
 800         -11.46607   0.01719     -11.44887   133.02   0.02091     4e-05       2.417     2.417     13.515    34.18     -5458726684.58591 217.52   0.00415    
 900         -11.46773   0.01885     -11.44888   145.86   0.03687     7e-05       2.417     2.417     13.515    34.18     -6107488922.48751 171.53   0.00551    
 1000        -11.46494   0.01607     -11.44887   124.34   0.05763     0.0001      2.417     2.417     13.515    34.18     -7882997581.98272 126.68   0.00689    
 1100        -11.46587   0.01699     -11.44888   131.45   0.08276     0.00013     2.417     2.417     13.515    34.18     -6120482769.78509 108.7    0.00825    
 1200        -11.46477   0.01591     -11.44886   123.09   0.11242     0.00016     2.417     2.417     13.515    34.18     -5290356270.58077 90.25    0.00962    
 1300        -11.46257   0.01371     -11.44886   106.1    0.14691     0.00019     2.417     2.417     13.515    34.18     -7826842679.87646 73.29    0.011      
 1400        -11.46418   0.01531     -11.44887   118.42   0.18575     0.00022     2.417     2.417     13.515    34.18     -6874017606.72228 68.86    0.01237    
 1500        -11.46376   0.01489     -11.44887   115.19   0.22923     0.00025     2.417     2.417     13.515    34.18     -5232151907.35829 61.14    0.01374    

Time averages:
             Epot        Ekin        Etot        Temp     MSD         Self_diff   Pressure    Spec_heat   DebyeT   Lindemann  
             eV/atom     eV/atom     eV/atom     K        Å^2         mm^2/s      Pa          J/(K*Kg)    K        1          
             -11.46481   0.01594     -11.44887   123.36   0.08847     0.00013     -6559747590.16669 214.59138   178.9    0.00758    