Material ID: 0218
Unit cell composition: Co250
Material:  Co
Site positions of initial unit cell:
 Co          Co         
 -0.00000    1.25039    
 1.44383     0.72191    
 1.00833     3.02500    
Properties:
 Time        Epot        Ekin        Etot        Temp     MSD         Self_diff   LC_a      LC_b      LC_c      Volume      Pressure    DebyeT   Lindemann  
 fs          eV/atom     eV/atom     eV/atom     K        Å^2         mm^2/s      Å         Å         Å         Å^3/atom    Pa          K        1          
 500         -10.20888   0.02318     -10.1857    179.3    0.0         0.0         2.551     2.551     4.114     11.591    90616979340.99504 inf      0.0        
 600         -10.20484   0.01913     -10.18571   148.03   0.00097     0.0         2.551     2.551     4.114     11.591    90332489788.67007 1064.81  0.00227    
 700         -10.21299   0.02724     -10.18575   210.76   0.002       0.0         2.551     2.551     4.114     11.591    91065340620.49603 884.14   0.00327    
 800         -10.21731   0.03155     -10.18576   244.06   0.0035      1e-05       2.551     2.551     4.114     11.591    91436158129.89899 719.07   0.00432    
 900         -10.20839   0.02267     -10.18573   175.35   0.00587     1e-05       2.551     2.551     4.114     11.591    90673134265.79292 470.42   0.0056     
 1000        -10.20121   0.01551     -10.18569   120.03   0.00822     1e-05       2.551     2.551     4.114     11.591    90028555491.48784 328.8    0.00663    
 1100        -10.20172   0.01603     -10.18569   123.99   0.01106     2e-05       2.551     2.551     4.114     11.591    90075907760.57526 288.11   0.00769    
 1200        -10.2105    0.02477     -10.18573   191.62   0.01379     2e-05       2.551     2.551     4.114     11.591    90846023204.71783 320.8    0.00859    
 1300        -10.21571   0.02996     -10.18575   231.8    0.01695     2e-05       2.551     2.551     4.114     11.591    91305360303.6187 318.32   0.00952    
 1400        -10.21571   0.02996     -10.18574   231.81   0.02069     2e-05       2.551     2.551     4.114     11.591    91297296538.80838 288.09   0.01052    
 1500        -10.20677   0.02106     -10.18571   162.96   0.02523     3e-05       2.551     2.551     4.114     11.591    90527103599.09726 218.73   0.01161    

Time averages:
             Epot        Ekin        Etot        Temp     MSD         Self_diff   Pressure    Spec_heat   DebyeT   Lindemann  
             eV/atom     eV/atom     eV/atom     K        Å^2         mm^2/s      Pa          J/(K*Kg)    K        1          
             -10.20952   0.02379     -10.18573   184.04   0.01083     2e-05       90758736970.31631 228.2043    490.13   0.007      