Material ID: 0083
Unit cell composition: Cu125
Material:  Cu
Site positions of initial unit cell:
 Cu         
 0.00000    
 0.00000    
 0.00000    
Properties:
 Time        Epot        Ekin        Etot        Temp     MSD         Self_diff   LC_a      LC_b      LC_c      Volume      Pressure    DebyeT   Lindemann  
 fs          eV/atom     eV/atom     eV/atom     K        Å^2         mm^2/s      Å         Å         Å         Å^3/atom    Pa          K        1          
 500         -16.25472   0.02551     -16.22921   197.34   0.0         0.0         2.541     2.541     2.541     12.602    42248882739.87915 inf      0.0        
 600         -16.34184   0.11264     -16.2292    871.42   0.06386     0.00018     2.541     2.541     2.541     12.602    45132209650.35599 306.18   0.01989    
 700         -16.37008   0.14081     -16.22926   1089.38  0.08407     0.0002      2.541     2.541     2.541     12.602    47216297212.18285 298.36   0.02282    
 800         -16.34674   0.11752     -16.22922   909.2    0.12396     0.00026     2.541     2.541     2.541     12.602    45572791189.45301 224.48   0.02771    
 900         -16.33861   0.1094      -16.22921   846.36   0.18062     0.00033     2.541     2.541     2.541     12.602    43759495857.47398 179.42   0.03344    
 1000        -16.35192   0.12257     -16.22935   948.23   0.14553     0.00024     2.541     2.541     2.541     12.602    45161470535.67836 211.58   0.03002    
 1100        -16.35981   0.1305      -16.22931   1009.59  0.18546     0.00028     2.541     2.541     2.541     12.602    45697737374.26267 193.39   0.03389    
 1200        -16.368     0.13866     -16.22934   1072.75  0.15366     0.00021     2.541     2.541     2.541     12.602    46578672498.95876 219.01   0.03085    
 1300        -16.36251   0.13317     -16.22933   1030.28  0.1991      0.00026     2.541     2.541     2.541     12.602    45912683803.95077 188.55   0.03511    
 1400        -16.35444   0.12513     -16.22931   968.06   0.15631     0.00019     2.541     2.541     2.541     12.602    45463844441.23323 206.27   0.03111    
 1500        -16.3544    0.12512     -16.22927   968.01   0.13731     0.00015     2.541     2.541     2.541     12.602    44923274093.83132 220.07   0.02916    

Time averages:
             Epot        Ekin        Etot        Temp     MSD         Self_diff   Pressure    Spec_heat   DebyeT   Lindemann  
             eV/atom     eV/atom     eV/atom     K        Å^2         mm^2/s      Pa          J/(K*Kg)    K        1          
             -16.35484   0.12555     -16.22928   971.33   0.14299     0.00024     45541847665.73808 197.08648   224.73   0.0294     