Material ID: 0098
Unit cell composition: Cu125
Material:  Cu
Site positions of initial unit cell:
 Cu         
 1.14480    
 8.27375    
 11.12788   
Properties:
 Time        Epot        Ekin        Etot        Temp     MSD         Self_diff   LC_a      LC_b      LC_c      Volume      Pressure    DebyeT   Lindemann  
 fs          eV/atom     eV/atom     eV/atom     K        Å^2         mm^2/s      Å         Å         Å         Å^3/atom    Pa          K        1          
 500         0.23308     0.02571     0.25879     198.89   0.0         0.0         2.335     12.08     23.203    640.413   -4568499625.85652 inf      0.0        
 600         -0.83876    1.0977      0.25894     8492.19  2.27977     0.00633     2.335     12.08     23.203    640.413   376723235.0639 159.97   0.12931    
 700         -0.40398    0.66283     0.25886     5127.92  8.23837     0.01962     2.335     12.08     23.203    640.413   72862537.74323 65.39    0.24581    
 800         -0.40759    0.66644     0.25884     5155.78  16.09925    0.03354     2.335     12.08     23.203    640.413   37839471.69906 46.91    0.34362    
 900         -0.32736    0.58617     0.25881     4534.83  25.72919    0.04765     2.335     12.08     23.203    640.413   62964818.791 34.8     0.43439    
 1000        -0.44465    0.70338     0.25874     5441.63  36.52404    0.06087     2.335     12.08     23.203    640.413   57888742.02685 31.99    0.51756    
 1100        -0.4588     0.71759     0.25879     5551.5   49.30789    0.07471     2.335     12.08     23.203    640.413   114791119.30773 27.81    0.60135    
 1200        -0.47881    0.73769     0.25887     5707.0   63.35303    0.08799     2.335     12.08     23.203    640.413   23353063.86686 24.88    0.68164    
 1300        -0.51809    0.7769      0.25881     6010.34  79.26406    0.10162     2.335     12.08     23.203    640.413   34769455.65362 22.82    0.76245    
 1400        -0.60616    0.8649      0.25874     6691.2   96.17834    0.1145      2.335     12.08     23.203    640.413   80764714.51498 21.86    0.83986    
 1500        -0.50399    0.76285     0.25885     5901.64  112.96405   0.12552     2.335     12.08     23.203    640.413   51994433.99566 18.95    0.91021    
 1600        -0.51128    0.77012     0.25884     5957.89  130.22616   0.13565     2.335     12.08     23.203    640.413   44868064.40125 17.73    0.97728    

Time averages:
             Epot        Ekin        Etot        Temp     MSD         Self_diff   Pressure    Spec_heat   DebyeT   Lindemann  
             eV/atom     eV/atom     eV/atom     K        Å^2         mm^2/s      Pa          J/(K*Kg)    K        1          
             -0.46607    0.72489     0.25882     5607.97  61.78844    0.08689     58209642.20002 197.59066   31.31    0.63142    