Material ID: 0232
Unit cell composition: Co3500
Material:  Co
Site positions of initial unit cell:
 Co          Co          Co          Co          Co          Co          Co          Co          Co          Co          Co          Co          Co          Co          Co          Co          Co          Co          Co          Co          Co          Co          Co          Co          Co          Co          Co          Co         
 7.58022     0.78682     3.39670     4.97034     8.14338     0.22365     3.95987     4.40717     3.02858     5.33845     1.15494     7.21210     2.10631     6.26073     6.28983     2.07721     3.71839     4.64865     0.46513     7.90190     5.74270     2.62434     1.55918     6.80785     2.62434     5.74270     6.80785     1.55918    
 0.78682     7.58022     3.39670     4.97034     3.02858     5.33845     1.15494     7.21210     8.14338     0.22365     3.95987     4.40717     3.71839     4.64865     0.46513     7.90190     2.10631     6.26073     6.28983     2.07721     2.62434     5.74270     1.55918     6.80785     5.74270     2.62434     6.80785     1.55918    
 2.27774     2.27774     0.00000     0.00000     2.27774     2.27774     0.00000     0.00000     2.27774     2.27774     0.00000     0.00000     2.27774     2.27774     0.00000     0.00000     2.27774     2.27774     0.00000     0.00000     1.13689     1.13689     3.41463     3.41463     3.41858     3.41858     1.14085     1.14085    
Properties:
 Time        Epot        Ekin        Etot        Temp     MSD         Self_diff   LC_a      LC_b      LC_c      Volume      Pressure    DebyeT   Lindemann  
 fs          eV/atom     eV/atom     eV/atom     K        Å^2         mm^2/s      Å         Å         Å         Å^3/atom    Pa          K        1          
 500         -9.2049     0.02604     -9.17886    201.46   0.0         0.0         8.367     8.367     4.555     11.39     -10908133135.67226 inf      0.0        
 600         -9.23247    0.05354     -9.17893    414.21   0.07629     0.00021     8.367     8.367     4.555     11.39     -14895711245.70637 200.55   3e-05      
 700         -9.28601    0.10689     -9.17912    826.93   0.04073     0.0001      8.367     8.367     4.555     11.39     -10814944557.82943 387.81   2e-05      
 800         -9.27806    0.09896     -9.1791     765.57   0.10678     0.00022     8.367     8.367     4.555     11.39     -12674114979.90202 230.46   3e-05      
 900         -9.30523    0.12614     -9.17908    975.89   0.23811     0.00044     8.367     8.367     4.555     11.39     -7112806022.95676 174.25   5e-05      
 1000        -9.34016    0.16106     -9.1791     1245.98  0.47993     0.0008      8.367     8.367     4.555     11.39     -2040176495.10637 138.68   7e-05      
 1100        -9.36126    0.18215     -9.17911    1409.18  0.66422     0.00101     8.367     8.367     4.555     11.39     1051940171.82706 125.37   8e-05      
 1200        -9.37469    0.19554     -9.17914    1512.78  0.7918      0.0011      8.367     8.367     4.555     11.39     3128479498.59287 118.97   9e-05      
 1300        -9.38775    0.20857     -9.17918    1613.54  0.87542     0.00112     8.367     8.367     4.555     11.39     4075552991.50869 116.85   9e-05      
 1400        -9.39646    0.21727     -9.17919    1680.86  0.92981     0.00111     8.367     8.367     4.555     11.39     5079109254.0453 115.72   0.0001     
 1500        -9.4068     0.22758     -9.17922    1760.64  1.00535     0.00112     8.367     8.367     4.555     11.39     6239578780.24233 113.9    0.0001     

Time averages:
             Epot        Ekin        Etot        Temp     MSD         Self_diff   Pressure    Spec_heat   DebyeT   Lindemann  
             eV/atom     eV/atom     eV/atom     K        Å^2         mm^2/s      Pa          J/(K*Kg)    K        1          
             -9.33689    0.15777     -9.17912    1220.56  0.52084     0.00078     -2796309260.52847 -160.30994  172.26   7e-05      