Material ID: 0005
Unit cell composition: Ag125
Material:  Ag
Site positions of initial unit cell:
 Ag         
 0.00000    
 0.00000    
 0.00000    
Properties:
 Time        Epot        Ekin        Etot        Temp     MSD         Self_diff   LC_a      LC_b      LC_c      Volume      Pressure    DebyeT   Lindemann  
 fs          eV/atom     eV/atom     eV/atom     K        Å^2         mm^2/s      Å         Å         Å         Å^3/atom    Pa          K        1          
 500         -13.73302   0.02932     -13.7037    226.83   0.0         0.0         2.824     2.824     2.824     15.93     4894804142.81115 inf      0.0        
 600         -13.71825   0.01459     -13.70367   112.84   0.00048     0.0         2.824     2.824     2.824     15.93     4104611620.0531 978.19   0.00155    
 700         -13.71464   0.01098     -13.70366   84.93    0.00069     0.0         2.824     2.824     2.824     15.93     3916948586.37873 708.18   0.00185    
 800         -13.71707   0.01341     -13.70366   103.74   0.00076     0.0         2.824     2.824     2.824     15.93     4046783221.51847 742.37   0.00195    
 900         -13.71605   0.01239     -13.70366   95.86    0.001       0.0         2.824     2.824     2.824     15.93     3984611362.36147 622.35   0.00224    
 1000        -13.71663   0.01297     -13.70366   100.32   0.00125     0.0         2.824     2.824     2.824     15.93     4017503273.81485 570.96   0.0025     
 1100        -13.7189    0.01524     -13.70366   117.88   0.00147     0.0         2.824     2.824     2.824     15.93     4138233438.35052 569.54   0.00272    
 1200        -13.71591   0.01224     -13.70366   94.72    0.00197     0.0         2.824     2.824     2.824     15.93     3983572018.5995 441.49   0.00314    
 1300        -13.71573   0.01207     -13.70366   93.35    0.00229     0.0         2.824     2.824     2.824     15.93     3967483095.69505 405.93   0.00339    
 1400        -13.72364   0.01996     -13.70368   154.4    0.00256     0.0         2.824     2.824     2.824     15.93     4391198649.08568 494.5    0.00358    
 1500        -13.72137   0.0177      -13.70368   136.9    0.00317     0.0         2.824     2.824     2.824     15.93     4272900410.10869 418.16   0.00399    

Time averages:
             Epot        Ekin        Etot        Temp     MSD         Self_diff   Pressure    Spec_heat   DebyeT   Lindemann  
             eV/atom     eV/atom     eV/atom     K        Å^2         mm^2/s      Pa          J/(K*Kg)    K        1          
             -13.71782   0.01415     -13.70367   109.49   0.00156     0.0         4082384567.59661 118.40789   595.17   0.00269    