Material ID: 0168
Unit cell composition: Ti250
Material:  Ti
Site positions of initial unit cell:
 Ti          Ti         
 -0.00000    1.46691    
 1.69384     0.84692    
 1.16425     3.49276    
Properties:
 Time        Epot        Ekin        Etot        Temp     MSD         Self_diff   LC_a      LC_b      LC_c      Volume      Pressure    DebyeT   Lindemann  
 fs          eV/atom     eV/atom     eV/atom     K        Å^2         mm^2/s      Å         Å         Å         Å^3/atom    Pa          K        1          
 500         -8.51995    0.02724     -8.49272    210.71   0.0         0.0         2.992     2.992     4.75      18.419    -164294179000.54803 inf      0.0        
 600         -8.51604    0.02337     -8.49267    180.79   0.00089     0.0         2.992     2.992     4.75      18.419    -164535988671.56516 1363.57  0.00187    
 700         -8.51097    0.01829     -8.49268    141.52   0.00293     1e-05       2.992     2.992     4.75      18.419    -164728565595.88586 663.22   0.00341    
 800         -8.51551    0.02279     -8.49272    176.33   0.00474     1e-05       2.992     2.992     4.75      18.419    -164538476319.31055 582.66   0.00433    
 900         -8.52381    0.03103     -8.49279    240.04   0.00669     1e-05       2.992     2.992     4.75      18.419    -164193168452.0776 572.0    0.00514    
 1000        -8.52008    0.02726     -8.49281    210.93   0.01016     2e-05       2.992     2.992     4.75      18.419    -164316282132.559 435.12   0.00634    
 1100        -8.53513    0.0422      -8.49292    326.5    0.01483     2e-05       2.992     2.992     4.75      18.419    -163682347814.72266 448.14   0.00766    
 1200        -8.54312    0.0501      -8.49302    387.58   0.02062     3e-05       2.992     2.992     4.75      18.419    -163316732578.76196 414.1    0.00903    
 1300        -8.5498     0.0567      -8.49311    438.64   0.0263      3e-05       2.992     2.992     4.75      18.419    -163016106852.8415 390.03   0.0102     
 1400        -8.54567    0.05253     -8.49315    406.37   0.03276     4e-05       2.992     2.992     4.75      18.419    -163179320864.68427 336.38   0.01138    
 1500        -8.56541    0.07212     -8.49329    557.91   0.0396      4e-05       2.992     2.992     4.75      18.419    -162380563196.35077 358.46   0.01251    

Time averages:
             Epot        Ekin        Etot        Temp     MSD         Self_diff   Pressure    Spec_heat   DebyeT   Lindemann  
             eV/atom     eV/atom     eV/atom     K        Å^2         mm^2/s      Pa          J/(K*Kg)    K        1          
             -8.53255    0.03964     -8.49292    306.66   0.01595     2e-05       -163788755247.87595 344.01991   556.37   0.00719    