Material ID: 0066
Unit cell composition: Fe250
Material:  Fe
Site positions of initial unit cell:
 Fe          Fe         
 1.19209     0.00000    
 1.21211     0.00000    
 1.85485     0.00000    
Properties:
 Time        Epot        Ekin        Etot        Temp     MSD         Self_diff   LC_a      LC_b      LC_c      Volume      Pressure    DebyeT   Lindemann  
 fs          eV/atom     eV/atom     eV/atom     K        Å^2         mm^2/s      Å         Å         Å         Å^3/atom    Pa          K        1          
 500         -8.1986     0.02586     -8.17274    200.08   0.0         0.0         2.374     2.374     3.636     10.247    -334785133383.843 inf      0.0        
 600         -8.20093    0.02808     -8.17285    217.26   0.00178     0.0         2.374     2.374     3.636     10.247    -334546551889.3879 976.16   0.00341    
 700         -8.22932    0.05605     -8.17327    433.6    0.00182     0.0         2.374     2.374     3.636     10.247    -332312950980.036 1366.0   0.00344    
 800         -8.24767    0.07414     -8.17353    573.6    0.00489     1e-05       2.374     2.374     3.636     10.247    -330870428857.32007 957.67   0.00565    
 900         -8.24369    0.07026     -8.17343    543.59   0.00681     1e-05       2.374     2.374     3.636     10.247    -331195349319.5189 789.76   0.00667    
 1000        -8.21995    0.04688     -8.17307    362.7    0.01146     2e-05       2.374     2.374     3.636     10.247    -333056614999.46124 497.4    0.00865    
 1100        -8.20699    0.03418     -8.17281    264.43   0.01479     2e-05       2.374     2.374     3.636     10.247    -334086206568.4121 373.88   0.00983    
 1200        -8.21587    0.04297     -8.1729     332.42   0.02019     3e-05       2.374     2.374     3.636     10.247    -333392226106.5591 358.8    0.01148    
 1300        -8.22328    0.05021     -8.17307    388.41   0.02501     3e-05       2.374     2.374     3.636     10.247    -332704939323.8208 348.43   0.01278    
 1400        -8.25159    0.07836     -8.17323    606.22   0.03099     4e-05       2.374     2.374     3.636     10.247    -330571564543.34546 391.09   0.01423    
 1500        -8.22401    0.05094     -8.17307    394.09   0.03822     4e-05       2.374     2.374     3.636     10.247    -332556809127.81793 283.92   0.0158     

Time averages:
             Epot        Ekin        Etot        Temp     MSD         Self_diff   Pressure    Spec_heat   DebyeT   Lindemann  
             eV/atom     eV/atom     eV/atom     K        Å^2         mm^2/s      Pa          J/(K*Kg)    K        1          
             -8.22633    0.05321     -8.17312    411.63   0.0156      2e-05       -332529364171.56793 253.43191   634.31   0.00919    