Material ID: 0191
Unit cell composition: Ti375
Material:  Ti
Site positions of initial unit cell:
 Ti          Ti          Ti         
 0.00000     -0.00000    2.28843    
 0.00000     2.64245     1.32122    
 0.00000     1.41434     1.41434    
Properties:
 Time        Epot        Ekin        Etot        Temp     MSD         Self_diff   LC_a      LC_b      LC_c      Volume      Pressure    DebyeT   Lindemann  
 fs          eV/atom     eV/atom     eV/atom     K        Å^2         mm^2/s      Å         Å         Å         Å^3/atom    Pa          K        1          
 500         -0.10646    0.02467     -0.08178    190.88   0.0         0.0         4.485     4.485     2.772     16.099    -700937559104.3782 inf      0.0        
 600         -1.41102    1.3232      -0.08783    10236.72 0.28267     0.00079     4.485     4.485     2.772     16.099    -647133641149.5875 574.72   5e-05      
 700         -1.42802    1.33884     -0.08918    10357.74 0.59802     0.00142     4.485     4.485     2.772     16.099    -647831115880.7759 397.46   8e-05      
 800         -1.55307    1.46122     -0.09185    11304.47 1.02838     0.00214     4.485     4.485     2.772     16.099    -641564597120.6919 316.64   0.0001     
 900         -1.45684    1.36751     -0.08933    10579.57 0.97156     0.0018      4.485     4.485     2.772     16.099    -646136437828.4506 315.15   0.0001     
 1000        -1.61679    1.52454     -0.09225    11794.39 1.21798     0.00203     4.485     4.485     2.772     16.099    -638733922288.6649 297.19   0.00011    
 1100        -1.53164    1.4411      -0.09054    11148.84 1.09646     0.00166     4.485     4.485     2.772     16.099    -642859393812.9421 304.53   0.0001     
 1200        -1.53072    1.4406      -0.09012    11145.0  1.02398     0.00142     4.485     4.485     2.772     16.099    -643483321462.0543 315.07   0.0001     
 1300        -1.59631    1.50448     -0.09182    11639.21 1.07624     0.00138     4.485     4.485     2.772     16.099    -639985297597.2178 314.07   0.0001     
 1400        -1.58717    1.49663     -0.09054    11578.47 1.2161      0.00145     4.485     4.485     2.772     16.099    -640541803264.6193 294.68   0.00011    
 1500        -1.38877    1.30032     -0.08845    10059.69 1.37766     0.00153     4.485     4.485     2.772     16.099    -649635975606.2999 258.07   0.00012    
 1600        -1.55175    1.46152     -0.09023    11306.8  1.44655     0.00151     4.485     4.485     2.772     16.099    -642037173697.9742 267.0    0.00012    
 1700        -1.58241    1.49182     -0.09059    11541.25 1.52709     0.0015      4.485     4.485     2.772     16.099    -640362882939.0554 262.55   0.00012    
 1800        -1.60557    1.51315     -0.09242    11706.25 1.45866     0.00135     4.485     4.485     2.772     16.099    -639702619447.4069 270.55   0.00012    
 1900        -1.5621     1.47063     -0.09147    11377.3  1.58245     0.00139     4.485     4.485     2.772     16.099    -641888404646.3804 256.08   0.00013    
 2000        -1.51365    1.42153     -0.09212    10997.46 1.58033     0.00132     4.485     4.485     2.772     16.099    -643993507868.5844 251.93   0.00013    
 2100        -1.55504    1.46329     -0.09174    11320.56 1.38321     0.0011      4.485     4.485     2.772     16.099    -641801068281.8904 273.21   0.00012    
 2200        -1.58954    1.4973      -0.09224    11583.67 1.46211     0.00111     4.485     4.485     2.772     16.099    -640569733863.7047 268.81   0.00012    

Time averages:
             Epot        Ekin        Etot        Temp     MSD         Self_diff   Pressure    Spec_heat   DebyeT   Lindemann  
             eV/atom     eV/atom     eV/atom     K        Å^2         mm^2/s      Pa          J/(K*Kg)    K        1          
             -1.55323    1.46207     -0.09116    11311.07 1.41104     0.00136     -642051846721.3132 261.41984   271.69   0.00012    