Material ID: 0303
Unit cell composition: Pd125
Material:  Pd
Site positions of initial unit cell:
 Pd         
 0.00000    
 0.00000    
 0.00000    
Properties:
 Time        Epot        Ekin        Etot        Temp     MSD         Self_diff   LC_a      LC_b      LC_c      Volume      Pressure    DebyeT   Lindemann  
 fs          eV/atom     eV/atom     eV/atom     K        Å^2         mm^2/s      Å         Å         Å         Å^3/atom    Pa          K        1          
 500         -10.52661   0.02616     -10.50045   202.37   0.0         0.0         2.854     2.854     2.854     16.438    90169393010.28877 inf      0.0        
 600         -10.51379   0.01335     -10.50044   103.27   0.00134     0.0         2.854     2.854     2.854     16.438    89314004685.63614 562.13   0.00257    
 700         -10.51319   0.01275     -10.50044   98.65    0.00145     0.0         2.854     2.854     2.854     16.438    89250095113.43555 528.13   0.00267    
 800         -10.51382   0.01339     -10.50044   103.56   0.00117     0.0         2.854     2.854     2.854     16.438    89297574043.65416 602.06   0.0024     
 900         -10.51316   0.01272     -10.50044   98.42    0.00181     0.0         2.854     2.854     2.854     16.438    89263961993.76826 472.05   0.00298    
 1000        -10.51322   0.01278     -10.50044   98.86    0.00212     0.0         2.854     2.854     2.854     16.438    89271398721.6752 437.75   0.00322    
 1100        -10.51378   0.01334     -10.50044   103.18   0.00218     0.0         2.854     2.854     2.854     16.438    89298817250.77829 440.27   0.00327    
 1200        -10.51328   0.01284     -10.50044   99.31    0.00279     0.0         2.854     2.854     2.854     16.438    89273183667.73497 382.12   0.0037     
 1300        -10.51393   0.01349     -10.50044   104.33   0.00295     0.0         2.854     2.854     2.854     16.438    89307048655.38824 381.05   0.0038     
 1400        -10.50987   0.00944     -10.50044   73.01    0.00358     0.0         2.854     2.854     2.854     16.438    89047306470.80531 289.27   0.00419    
 1500        -10.51291   0.01247     -10.50044   96.49    0.00405     0.0         2.854     2.854     2.854     16.438    89234719850.79555 312.55   0.00446    

Time averages:
             Epot        Ekin        Etot        Temp     MSD         Self_diff   Pressure    Spec_heat   DebyeT   Lindemann  
             eV/atom     eV/atom     eV/atom     K        Å^2         mm^2/s      Pa          J/(K*Kg)    K        1          
             -10.5131    0.01266     -10.50044   97.91    0.00234     0.0         89255811045.36716 117.81198   440.74   0.00333    