Material ID: 0233
Unit cell composition: Co3500
Material:  Co
Site positions of initial unit cell:
 Co          Co          Co          Co          Co          Co          Co          Co          Co          Co          Co          Co          Co          Co          Co          Co          Co          Co          Co          Co          Co          Co          Co          Co          Co          Co          Co          Co         
 7.58022     0.78682     3.39670     4.97034     8.14338     0.22365     3.95987     4.40717     3.02858     5.33845     1.15494     7.21210     2.10631     6.26073     6.28983     2.07721     3.71839     4.64865     0.46513     7.90190     5.74270     2.62434     1.55918     6.80785     2.62434     5.74270     6.80785     1.55918    
 0.78682     7.58022     3.39670     4.97034     3.02858     5.33845     1.15494     7.21210     8.14338     0.22365     3.95987     4.40717     3.71839     4.64865     0.46513     7.90190     2.10631     6.26073     6.28983     2.07721     2.62434     5.74270     1.55918     6.80785     5.74270     2.62434     6.80785     1.55918    
 2.27774     2.27774     0.00000     0.00000     2.27774     2.27774     0.00000     0.00000     2.27774     2.27774     0.00000     0.00000     2.27774     2.27774     0.00000     0.00000     2.27774     2.27774     0.00000     0.00000     1.13689     1.13689     3.41463     3.41463     3.41858     3.41858     1.14085     1.14085    
Properties:
 Time        Epot        Ekin        Etot        Temp     MSD         Self_diff   LC_a      LC_b      LC_c      Volume      Pressure    DebyeT   Lindemann  
 fs          eV/atom     eV/atom     eV/atom     K        Å^2         mm^2/s      Å         Å         Å         Å^3/atom    Pa          K        1          
 500         -8.96317    0.02581     -8.93735    199.71   0.0         0.0         8.534     8.534     4.647     12.087    28348057459.47018 inf      0.0        
 600         -9.08926    0.15138     -8.93788    1171.13  0.0899      0.00025     8.534     8.534     4.647     12.087    33235787734.96188 310.65   3e-05      
 700         -9.07772    0.14002     -8.9377     1083.22  0.07479     0.00018     8.534     8.534     4.647     12.087    34117827445.66718 327.57   3e-05      
 800         -9.10742    0.16946     -8.93796    1310.98  0.1073      0.00022     8.534     8.534     4.647     12.087    33894066352.24711 300.85   3e-05      
 900         -9.10961    0.17171     -8.9379     1328.4   0.21512     0.0004      8.534     8.534     4.647     12.087    35011290530.60156 213.88   5e-05      
 1000        -9.1213     0.18342     -8.93788    1418.98  0.31078     0.00052     8.534     8.534     4.647     12.087    37139035920.9666 183.91   6e-05      
 1100        -9.13702    0.19914     -8.93788    1540.63  0.46299     0.0007      8.534     8.534     4.647     12.087    39577229186.28574 157.01   7e-05      
 1200        -9.14936    0.21146     -8.9379     1635.94  0.60564     0.00084     8.534     8.534     4.647     12.087    41809964216.66558 141.46   8e-05      
 1300        -9.15946    0.22155     -8.9379     1714.01  0.69793     0.00089     8.534     8.534     4.647     12.087    43403145429.78608 134.88   8e-05      
 1400        -9.16624    0.22833     -8.93791    1766.43  0.78597     0.00094     8.534     8.534     4.647     12.087    44490879265.01667 129.03   9e-05      
 1500        -9.17325    0.23534     -8.93791    1820.66  0.85891     0.00095     8.534     8.534     4.647     12.087    45433433929.21416 125.31   9e-05      

Time averages:
             Epot        Ekin        Etot        Temp     MSD         Self_diff   Pressure    Spec_heat   DebyeT   Lindemann  
             eV/atom     eV/atom     eV/atom     K        Å^2         mm^2/s      Pa          J/(K*Kg)    K        1          
             -9.12906    0.19118     -8.93788    1479.04  0.42093     0.00063     38811266001.14126 425.42148   202.45   6e-05      