Material ID: 0096
Unit cell composition: Cu125
Material:  Cu
Site positions of initial unit cell:
 Cu         
 1.14480    
 8.27375    
 11.12788   
Properties:
 Time        Epot        Ekin        Etot        Temp     MSD         Self_diff   LC_a      LC_b      LC_c      Volume      Pressure    DebyeT   Lindemann  
 fs          eV/atom     eV/atom     eV/atom     K        Å^2         mm^2/s      Å         Å         Å         Å^3/atom    Pa          K        1          
 500         3.3655      0.02365     3.38915     182.99   0.0         0.0         2.244     11.606    22.293    567.986   -10013957171.5477 inf      0.0        
 600         -0.39229    3.78132     3.38903     29253.62 6.72959     0.01869     2.244     11.606    22.293    567.986   89012827.72113 172.82   0.23123    
 700         -0.25626    3.64555     3.38929     28203.23 33.72436    0.0803      2.244     11.606    22.293    567.986   106158167.43178 75.8     0.51763    
 800         -0.25499    3.64424     3.38924     28193.09 80.31581    0.16732     2.244     11.606    22.293    567.986   106755070.39805 49.11    0.79881    
 900         -0.3318     3.72094     3.38914     28786.49 141.61206   0.26224     2.244     11.606    22.293    567.986   99009193.17003 37.37    1.06071    
 1000        -0.31256    3.70178     3.38922     28638.24 218.16726   0.36361     2.244     11.606    22.293    567.986   49652696.39158 30.03    1.31656    
 1100        -0.29633    3.6852      3.38887     28509.98 303.52762   0.45989     2.244     11.606    22.293    567.986   34025614.15688 25.4     1.5529     
 1200        -0.39676    3.78564     3.38888     29287.02 398.36402   0.55328     2.244     11.606    22.293    567.986   23516921.50416 22.47    1.77904    
 1300        -0.34459    3.73383     3.38924     28886.21 491.68173   0.63036     2.244     11.606    22.293    567.986   70005287.16757 20.09    1.97645    
 1400        -0.37969    3.76869     3.389       29155.93 591.64986   0.70435     2.244     11.606    22.293    567.986   102017380.99596 18.4     2.16809    
 1500        -0.30386    3.69285     3.38899     28569.15 702.39992   0.78044     2.244     11.606    22.293    567.986   33828948.65327 16.72    2.36231    
 1600        -0.36854    3.75775     3.38921     29071.24 828.5703    0.86309     2.244     11.606    22.293    567.986   85010350.62371 15.53    2.56572    

Time averages:
             Epot        Ekin        Etot        Temp     MSD         Self_diff   Pressure    Spec_heat   DebyeT   Lindemann  
             eV/atom     eV/atom     eV/atom     K        Å^2         mm^2/s      Pa          J/(K*Kg)    K        1          
             -0.32454    3.71365     3.38911     28730.06 379.00129   0.53162     70997963.0493 196.28275   31.09    1.60982    