Material ID: 0194
Unit cell composition: Ti375
Material:  Ti
Site positions of initial unit cell:
 Ti          Ti          Ti         
 0.00000     -0.00000    2.28843    
 0.00000     2.64245     1.32122    
 0.00000     1.41434     1.41434    
Properties:
 Time        Epot        Ekin        Etot        Temp     MSD         Self_diff   LC_a      LC_b      LC_c      Volume      Pressure    DebyeT   Lindemann  
 fs          eV/atom     eV/atom     eV/atom     K        Å^2         mm^2/s      Å         Å         Å         Å^3/atom    Pa          K        1          
 500         -7.08666    0.0273      -7.05935    211.23   0.0         0.0         4.76      4.76      2.942     19.241    -177894726822.35123 inf      0.0        
 600         -7.79591    0.73229     -7.06362    5665.26  0.32768     0.00091     4.76      4.76      2.942     19.241    -153464681910.3884 397.1    6e-05      
 700         -7.87141    0.80726     -7.06415    6245.28  0.35877     0.00085     4.76      4.76      2.942     19.241    -149991408118.57675 398.46   6e-05      
 800         -7.93009    0.86618     -7.06391    6701.07  0.59184     0.00123     4.76      4.76      2.942     19.241    -147993077569.22388 321.35   8e-05      
 900         -7.99006    0.9254      -7.06466    7159.22  0.72069     0.00133     4.76      4.76      2.942     19.241    -145648728557.80786 301.0    8e-05      
 1000        -7.90723    0.8428      -7.06443    6520.21  0.91295     0.00152     4.76      4.76      2.942     19.241    -149167492066.1479 255.22   0.0001     
 1100        -7.91604    0.85192     -7.06412    6590.73  0.96122     0.00146     4.76      4.76      2.942     19.241    -148914855441.9001 250.07   0.0001     
 1200        -7.89897    0.83447     -7.0645     6455.72  1.25565     0.00174     4.76      4.76      2.942     19.241    -149393337015.23102 216.55   0.00011    
 1300        -7.98843    0.92408     -7.06434    7149.04  1.48331     0.0019      4.76      4.76      2.942     19.241    -146170652491.20612 209.66   0.00012    
 1400        -8.02593    0.96115     -7.06478    7435.81  1.5531      0.00185     4.76      4.76      2.942     19.241    -144427295998.4577 208.97   0.00012    
 1500        -7.9959     0.93173     -7.06418    7208.16  1.35082     0.0015      4.76      4.76      2.942     19.241    -146328630594.87552 220.61   0.00012    
 1600        -7.99633    0.93205     -7.06428    7210.68  1.26573     0.00132     4.76      4.76      2.942     19.241    -145792238531.1717 227.95   0.00011    
 1700        -7.94168    0.8774      -7.06427    6787.9   1.44767     0.00142     4.76      4.76      2.942     19.241    -147757576828.6604 206.8    0.00012    

Time averages:
             Epot        Ekin        Etot        Temp     MSD         Self_diff   Pressure    Spec_heat   DebyeT   Lindemann  
             eV/atom     eV/atom     eV/atom     K        Å^2         mm^2/s      Pa          J/(K*Kg)    K        1          
             -7.95907    0.89472     -7.06435    6921.85  1.1543      0.00156     -147159388509.4682 261.74239   241.82   0.00011    