Material ID: 0053
Unit cell composition: Fe125
Material:  Fe
Site positions of initial unit cell:
 Fe         
 0.00000    
 0.00000    
 0.00000    
Properties:
 Time        Epot        Ekin        Etot        Temp     MSD         Self_diff   LC_a      LC_b      LC_c      Volume      Pressure    DebyeT   Lindemann  
 fs          eV/atom     eV/atom     eV/atom     K        Å^2         mm^2/s      Å         Å         Å         Å^3/atom    Pa          K        1          
 500         -7.71834    0.02642     -7.69192    204.4    0.0         0.0         2.54      2.54      2.442     13.64     -24707421930.91 inf      0.0        
 600         -8.40044    0.70815     -7.69229    5478.52  0.32866     0.00091     2.54      2.54      2.442     13.64     20569531631.02793 360.99   0.04696    
 700         -8.2997     0.60715     -7.69256    4697.09  0.83427     0.00199     2.54      2.54      2.442     13.64     13279378036.95739 209.8    0.07482    
 800         -8.25178    0.55939     -7.69238    4327.67  1.03457     0.00216     2.54      2.54      2.442     13.64     9377161807.48635 180.84   0.08332    
 900         -8.30399    0.61154     -7.69245    4731.05  1.15702     0.00214     2.54      2.54      2.442     13.64     13949069876.62677 178.79   0.08811    
 1000        -8.30871    0.61615     -7.69256    4766.74  1.23068     0.00205     2.54      2.54      2.442     13.64     14022319517.22451 174.01   0.09087    
 1100        -8.31399    0.62166     -7.69233    4809.36  1.51836     0.0023      2.54      2.54      2.442     13.64     13479561185.75771 157.36   0.10093    
 1200        -8.34842    0.65592     -7.69251    5074.41  1.65595     0.0023      2.54      2.54      2.442     13.64     16537693004.79177 154.78   0.10541    
 1300        -8.40278    0.71037     -7.69241    5495.67  1.95976     0.00251     2.54      2.54      2.442     13.64     19848444013.45935 148.06   0.11467    
 1400        -8.42018    0.72766     -7.69251    5629.46  2.09212     0.00249     2.54      2.54      2.442     13.64     21608719198.11434 145.04   0.11848    
 1500        -8.42086    0.72838     -7.69249    5634.96  2.04142     0.00227     2.54      2.54      2.442     13.64     20084629817.7206 146.9    0.11703    
 1600        -8.43041    0.73791     -7.6925     5708.74  2.13657     0.00223     2.54      2.54      2.442     13.64     21165473295.62682 144.53   0.11973    
 1700        -8.45797    0.76554     -7.69243    5922.49  2.24567     0.0022      2.54      2.54      2.442     13.64     22603893522.01461 143.59   0.12275    
 1800        -8.4259     0.73346     -7.69244    5674.3   2.07735     0.00192     2.54      2.54      2.442     13.64     19787291996.83426 146.13   0.11806    

Time averages:
             Epot        Ekin        Etot        Temp     MSD         Self_diff   Pressure    Spec_heat   DebyeT   Lindemann  
             eV/atom     eV/atom     eV/atom     K        Å^2         mm^2/s      Pa          J/(K*Kg)    K        1          
             -8.38332    0.69086     -7.69246    5344.72  1.81149     0.00225     18308709542.81707 224.28654   153.92   0.1096     