Material ID: 0097
Unit cell composition: Cu125
Material:  Cu
Site positions of initial unit cell:
 Cu         
 1.14480    
 8.27375    
 11.12788   
Properties:
 Time        Epot        Ekin        Etot        Temp     MSD         Self_diff   LC_a      LC_b      LC_c      Volume      Pressure    DebyeT   Lindemann  
 fs          eV/atom     eV/atom     eV/atom     K        Å^2         mm^2/s      Å         Å         Å         Å^3/atom    Pa          K        1          
 500         1.52675     0.02835     1.5551      219.36   0.0         0.0         2.29      11.843    22.748    603.475   -6803455118.2553 inf      0.0        
 600         -0.55748    2.11269     1.55521     16344.51 3.9997      0.01111     2.29      11.843    22.748    603.475   227096125.87916 167.56   0.1747     
 700         -0.31989    1.87512     1.55523     14506.59 18.59779    0.04428     2.29      11.843    22.748    603.475   78128392.2277 73.2     0.37671    
 800         -0.28675    1.842       1.55525     14250.39 42.50412    0.08855     2.29      11.843    22.748    603.475   119319404.88479 47.99    0.56949    
 900         -0.31455    1.86981     1.55525     14465.47 75.74969    0.14028     2.29      11.843    22.748    603.475   74828333.71321 36.22    0.76026    
 1000        -0.33541    1.8905      1.55509     14625.56 117.4094    0.19568     2.29      11.843    22.748    603.475   79865286.45016 29.25    0.9465     
 1100        -0.39277    1.94794     1.55517     15069.93 164.60082   0.2494      2.29      11.843    22.748    603.475   56263364.38338 25.08    1.12069    
 1200        -0.29043    1.84572     1.55529     14279.1  214.45023   0.29785     2.29      11.843    22.748    603.475   -6295933.83389 21.39    1.27919    
 1300        -0.29101    1.84624     1.55524     14283.18 265.15705   0.33994     2.29      11.843    22.748    603.475   50240576.30284 19.24    1.4224     
 1400        -0.30365    1.85884     1.5552      14380.66 322.47744   0.3839      2.29      11.843    22.748    603.475   102495105.33185 17.5     1.56863    
 1500        -0.41544    1.97068     1.55524     15245.87 383.14725   0.42572     2.29      11.843    22.748    603.475   46244890.30235 16.53    1.70983    
 1600        -0.39754    1.95276     1.55521     15107.21 446.6688    0.46528     2.29      11.843    22.748    603.475   45823883.20713 15.24    1.84614    

Time averages:
             Epot        Ekin        Etot        Temp     MSD         Self_diff   Pressure    Spec_heat   DebyeT   Lindemann  
             eV/atom     eV/atom     eV/atom     K        Å^2         mm^2/s      Pa          J/(K*Kg)    K        1          
             -0.33474    1.88996     1.55522     14621.4  205.07626   0.2874      64691330.29695 196.34148   30.16    1.15998    