Material ID: 0181
Unit cell composition: Ti12500
Material:  Ti
Site positions of initial unit cell:
 Ti          Ti          Ti          Ti          Ti          Ti          Ti          Ti          Ti          Ti          Ti          Ti          Ti          Ti          Ti          Ti          Ti          Ti          Ti          Ti          Ti          Ti          Ti          Ti          Ti          Ti          Ti          Ti          Ti          Ti          Ti          Ti          Ti          Ti          Ti          Ti          Ti          Ti          Ti          Ti          Ti          Ti          Ti          Ti          Ti          Ti          Ti          Ti          Ti          Ti          Ti          Ti          Ti          Ti          Ti          Ti          Ti          Ti          Ti          Ti          Ti          Ti          Ti          Ti          Ti          Ti          Ti          Ti          Ti          Ti          Ti          Ti          Ti          Ti          Ti          Ti          Ti          Ti          Ti          Ti          Ti          Ti          Ti          Ti          Ti          Ti          Ti          Ti          Ti          Ti          Ti          Ti          Ti          Ti          Ti          Ti          Ti          Ti          Ti          Ti         
 11.74134    7.70295     5.08930     1.58950     6.59659     5.77400     1.79404     1.91847     3.34856     0.26100     1.62087     10.07856    10.98346    7.70050     1.54560     8.74057     0.79979     5.02187     6.95344     11.16854    8.51329     8.89742     7.60963     2.07925     11.80414    8.69104     7.36314     5.90705     5.73983     4.11492     2.41294     10.63301    7.97184     7.25358     4.48229     0.97781     5.85946     6.17268     6.28773     3.92941     8.09718     1.66216     9.84998     8.71660     5.76721     7.35123     10.27468    5.25015     4.69389     6.93485     11.11078    9.64063     3.75089     2.78400     7.46771     10.38766    0.45174     10.83513    7.39172     3.33053     1.50908     6.53723     11.81821    8.94334     3.46909     10.18796    2.16668     4.15507     3.72796     3.32444     11.48836    4.57545     9.23755     4.93354     5.65435     8.30379     2.39747     9.82226     0.81056     3.94358     1.35127     2.62650     9.75194     9.82154     0.87018     2.61672     4.20361     3.28035     0.88315     0.53165     5.17985     6.40377     9.55771     11.20912    2.92313     10.58587    11.16967    8.73416     5.85418     11.83051   
 11.22701    10.63224    6.88172     3.53930     4.47812     8.79534     9.18271     6.75619     4.48324     11.33118    10.33272    6.54343     10.45378    6.93955     11.77224    2.24588     1.56620     4.55164     5.40261     1.11641     4.35091     7.61906     0.38196     2.36038     0.56008     9.24822     1.04521     11.71246    3.43437     8.24293     7.00091     7.81206     5.57375     3.07494     5.64615     4.72972     5.80746     9.17410     10.85369    12.12431    7.70409     1.70164     1.63131     9.40516     11.44944    9.74731     0.19580     11.14367    1.87757     6.91647     8.66408     1.09620     4.84583     12.06056    0.33127     9.09878     4.20076     3.71267     2.62424     10.82638    11.80371    8.81792     5.78874     10.54654    9.52978     3.28555     4.38891     9.22744     1.28875     3.23115     6.63543     6.96049     5.03867     0.75076     7.30309     11.88279    7.01659     4.28230     7.83740     10.47237    9.09661     0.35197     11.25730    11.74003    6.27141     2.04603     2.76922     8.04184     9.10308     4.30101     1.42214     1.60213     6.05525     9.09233     5.72409     6.18091     3.17820     2.80840     3.19214     1.63464    
 9.99199     2.82773     5.14201     4.65217     6.16883     3.04265     10.16882    8.80427     10.15924    2.73353     0.80138     3.69273     6.24663     4.86003     5.10657     5.38271     3.03749     0.24571     10.05900    5.35477     3.17767     10.75604    9.07696     11.85894    0.42170     7.73831     3.24700     4.55948     8.69617     7.69471     11.59329    6.13155     0.51756     1.34397     7.58339     11.87902    2.65169     5.84953     7.81459     6.45064     2.15765     6.60704     2.54210     4.98906     10.80317    0.33503     7.89039     1.52649     11.09187    7.55099     8.91559     10.65971    4.53522     10.78712    0.40082     2.78562     2.28789     4.41267     10.71092    3.31116     7.94757     9.69908     6.88837     10.27829    5.47004     0.65874     7.23344     11.82863    4.07768     2.23559     10.55478    10.07492    6.03127     8.64722     0.47468     6.21729     5.96516     10.47916    1.75034     8.99848     7.25686     1.42538     1.02134     4.02432     4.02831     9.07601     6.51966     2.96339     4.36320     9.28052     1.67425     6.39204     8.49223     11.76800    1.82003     1.10181     7.14939     8.28141     3.84683     9.57021    
Properties:
 Time        Epot        Ekin        Etot        Temp     MSD         Self_diff   LC_a      LC_b      LC_c      Volume      Pressure    DebyeT   Lindemann  
 fs          eV/atom     eV/atom     eV/atom     K        Å^2         mm^2/s      Å         Å         Å         Å^3/atom    Pa          K        1          
 500         5.10596     0.02573     5.13169     199.05   0.0         0.0         11.606    12.12     11.74     16.509    -888742813491.989 inf      0.0        
 600         2.03159     3.00905     5.04064     23279.07 0.52201     0.00145     11.606    12.12     11.74     16.509    -759227944554.3182 637.76   7e-05      
 700         1.80989     3.23082     5.0407      24994.73 0.93352     0.00222     11.606    12.12     11.74     16.509    -749499415631.0715 494.17   0.0001     
 800         1.6936      3.34642     5.04002     25889.04 1.19388     0.00249     11.606    12.12     11.74     16.509    -744339501643.9312 444.72   0.00011    
 900         1.60297     3.43619     5.03916     26583.53 1.40032     0.00259     11.606    12.12     11.74     16.509    -740230429101.924 416.11   0.00012    
 1000        1.56416     3.47439     5.03855     26879.12 1.56502     0.00261     11.606    12.12     11.74     16.509    -738482781233.2836 395.79   0.00013    
 1100        1.54872     3.49078     5.03949     27005.86 1.68593     0.00255     11.606    12.12     11.74     16.509    -737744492987.4161 382.23   0.00013    
 1200        1.53962     3.49909     5.03871     27070.18 1.81168     0.00252     11.606    12.12     11.74     16.509    -737218712893.1914 369.16   0.00013    
 1300        1.53542     3.50365     5.03908     27105.48 1.9214      0.00246     11.606    12.12     11.74     16.509    -737011273353.44 358.7    0.00014    
 1400        1.45969     3.5775      5.03719     27676.81 2.01061     0.00239     11.606    12.12     11.74     16.509    -733753669476.0127 354.33   0.00014    
 1500        1.46473     3.57404     5.03877     27650.02 2.06422     0.00229     11.606    12.12     11.74     16.509    -733987072274.5546 349.53   0.00014    

Time averages:
             Epot        Ekin        Etot        Temp     MSD         Self_diff   Pressure    Spec_heat   DebyeT   Lindemann  
             eV/atom     eV/atom     eV/atom     K        Å^2         mm^2/s      Pa          J/(K*Kg)    K        1          
             1.62504     3.41419     5.03923     26413.38 1.51086     0.00246     -741149529314.9143 310.17791   420.25   0.00012    