Material ID: 0258
Unit cell composition: Ni125
Material:  Ni
Site positions of initial unit cell:
 Ni         
 0.00000    
 0.00000    
 0.00000    
Properties:
 Time        Epot        Ekin        Etot        Temp     MSD         Self_diff   LC_a      LC_b      LC_c      Volume      Pressure    DebyeT   Lindemann  
 fs          eV/atom     eV/atom     eV/atom     K        Å^2         mm^2/s      Å         Å         Å         Å^3/atom    Pa          K        1          
 500         -16.21715   0.02875     -16.1884    222.43   0.0         0.0         2.529     2.529     2.529     11.431    181946446848.05557 inf      0.0        
 600         -16.20182   0.01346     -16.18836   104.1    0.0015      0.0         2.529     2.529     2.529     11.431    180624461099.74588 719.51   0.00306    
 700         -16.20294   0.01458     -16.18836   112.78   0.00387     1e-05       2.529     2.529     2.529     11.431    180732774282.7985 465.35   0.00492    
 800         -16.20341   0.01504     -16.18837   116.37   0.00774     2e-05       2.529     2.529     2.529     11.431    180780605250.06833 334.44   0.00696    
 900         -16.20339   0.01503     -16.18836   116.24   0.01331     2e-05       2.529     2.529     2.529     11.431    180780860436.83057 254.9    0.00912    
 1000        -16.20145   0.01309     -16.18836   101.25   0.02062     3e-05       2.529     2.529     2.529     11.431    180608711226.11325 191.13   0.01136    
 1100        -16.20565   0.01728     -16.18837   133.66   0.02903     4e-05       2.529     2.529     2.529     11.431    180976027332.06955 185.06   0.01348    
 1200        -16.20312   0.01476     -16.18836   114.17   0.0394      5e-05       2.529     2.529     2.529     11.431    180723265827.399 146.82   0.0157     
 1300        -16.20073   0.01237     -16.18836   95.67    0.05155     7e-05       2.529     2.529     2.529     11.431    180553412728.3186 117.49   0.01796    
 1400        -16.20466   0.01629     -16.18837   126.02   0.06474     8e-05       2.529     2.529     2.529     11.431    180867058515.48935 120.33   0.02013    
 1500        -16.20579   0.01742     -16.18837   134.78   0.07968     9e-05       2.529     2.529     2.529     11.431    180969604389.3746 112.17   0.02233    

Time averages:
             Epot        Ekin        Etot        Temp     MSD         Self_diff   Pressure    Spec_heat   DebyeT   Lindemann  
             eV/atom     eV/atom     eV/atom     K        Å^2         mm^2/s      Pa          J/(K*Kg)    K        1          
             -16.2033    0.01493     -16.18836   115.5    0.03114     5e-05       180761678108.82074 214.14627   264.72   0.0125     