Material ID: 0227
Unit cell composition: Co500
Material:  Co
Site positions of initial unit cell:
 Co          Co          Co          Co         
 1.24425     0.00089     1.24397     0.00060    
 5.11995     7.07152     1.05506     3.00645    
 0.71800     1.43624     0.71800     1.43624    
Properties:
 Time        Epot        Ekin        Etot        Temp     MSD         Self_diff   LC_a      LC_b      LC_c      Volume      Pressure    DebyeT   Lindemann  
 fs          eV/atom     eV/atom     eV/atom     K        Å^2         mm^2/s      Å         Å         Å         Å^3/atom    Pa          K        1          
 500         -10.44095   0.02675     -10.41421   206.92   0.0         0.0         2.487     8.127     2.487     10.885    39167332809.7074 inf      0.0        
 600         -10.42917   0.01499     -10.41418   115.94   0.00731     2e-05       2.487     8.127     2.487     10.885    38228852969.68107 342.72   0.00973    
 700         -10.43314   0.01894     -10.41419   146.53   0.00161     0.0         2.487     8.127     2.487     10.885    38586004914.85114 821.88   0.00456    
 800         -10.44376   0.02951     -10.41425   228.33   0.00857     2e-05       2.487     8.127     2.487     10.885    39557804132.41846 444.24   0.01053    
 900         -10.45901   0.04468     -10.41433   345.69   0.0051      1e-05       2.487     8.127     2.487     10.885    41029632965.22848 708.38   0.00812    
 1000        -10.49084   0.07633     -10.4145    590.55   0.01119     2e-05       2.487     8.127     2.487     10.885    43903026796.29732 625.34   0.01203    
 1100        -10.5013    0.08674     -10.41456   671.03   0.01093     2e-05       2.487     8.127     2.487     10.885    44792049651.99832 674.26   0.01189    
 1200        -10.50188   0.08731     -10.41457   675.43   0.01227     2e-05       2.487     8.127     2.487     10.885    44769862059.94382 638.51   0.0126     
 1300        -10.49411   0.07957     -10.41454   615.57   0.0165      2e-05       2.487     8.127     2.487     10.885    44146862548.0342 525.71   0.01461    
 1400        -10.48456   0.07007     -10.41449   542.11   0.01843     2e-05       2.487     8.127     2.487     10.885    43397144309.27364 466.81   0.01544    
 1500        -10.48776   0.07329     -10.41447   567.02   0.02307     3e-05       2.487     8.127     2.487     10.885    43701578518.39129 426.69   0.01728    
 1600        -10.49326   0.07878     -10.41448   609.49   0.02536     3e-05       2.487     8.127     2.487     10.885    44138697130.0785 421.98   0.01811    
 1700        -10.48445   0.06998     -10.41447   541.37   0.03094     3e-05       2.487     8.127     2.487     10.885    43431264406.4162 360.03   0.02       

Time averages:
             Epot        Ekin        Etot        Temp     MSD         Self_diff   Pressure    Spec_heat   DebyeT   Lindemann  
             eV/atom     eV/atom     eV/atom     K        Å^2         mm^2/s      Pa          J/(K*Kg)    K        1          
             -10.48409   0.06963     -10.41447   538.66   0.01624     2e-05       43286792251.80802 254.75601   529.19   0.01406    