Material ID: 0129
Unit cell composition: Zn375
Material:  Zn
Site positions of initial unit cell:
 Zn          Zn          Zn         
 0.00000     4.83683     16.95108   
 0.00000     0.86092     3.01716    
 0.00000     0.50755     1.77875    
Properties:
 Time        Epot        Ekin        Etot        Temp     MSD         Self_diff   LC_a      LC_b      LC_c      Volume      Pressure    DebyeT   Lindemann  
 fs          eV/atom     eV/atom     eV/atom     K        Å^2         mm^2/s      Å         Å         Å         Å^3/atom    Pa          K        1          
 500         -0.87086    0.02612     -0.84474    202.07   0.0         0.0         7.876     7.876     7.876     16.963    10847669113.91949 inf      0.0        
 600         -0.87755    0.03281     -0.84474    253.82   0.06825     0.00019     7.876     7.876     7.876     16.963    10578054113.66213 157.58   3e-05      
 700         -0.92549    0.08074     -0.84475    624.63   0.28943     0.00069     7.876     7.876     7.876     16.963    6149562037.07163 120.05   5e-05      
 800         -0.93862    0.09387     -0.84475    726.24   0.46766     0.00097     7.876     7.876     7.876     16.963    4347203924.69631 101.83   7e-05      
 900         -0.92412    0.07938     -0.84475    614.08   0.60576     0.00112     7.876     7.876     7.876     16.963    5977156338.89114 82.28    8e-05      
 1000        -0.9424     0.09765     -0.84475    755.46   0.90073     0.0015      7.876     7.876     7.876     16.963    5098642504.33473 74.84    9e-05      
 1100        -0.95918    0.11443     -0.84475    885.3    1.28067     0.00194     7.876     7.876     7.876     16.963    4488569828.25977 67.94    0.00011    
 1200        -0.97096    0.12621     -0.84475    976.44   1.72894     0.0024      7.876     7.876     7.876     16.963    4655469141.87597 61.41    0.00013    
 1300        -0.98788    0.14313     -0.84475    1107.29  2.3939      0.00307     7.876     7.876     7.876     16.963    3395063972.61851 55.58    0.00015    
 1400        -1.01407    0.16932     -0.84475    1309.89  3.23951     0.00386     7.876     7.876     7.876     16.963    3067724064.50871 51.96    0.00018    
 1500        -1.03032    0.18556     -0.84476    1435.58  4.35352     0.00484     7.876     7.876     7.876     16.963    1204334282.77761 46.92    0.00021    

Time averages:
             Epot        Ekin        Etot        Temp     MSD         Self_diff   Pressure    Spec_heat   DebyeT   Lindemann  
             eV/atom     eV/atom     eV/atom     K        Å^2         mm^2/s      Pa          J/(K*Kg)    K        1          
             -0.95706    0.11231     -0.84475    868.87   1.53284     0.00227     4896178020.86965 271.27757   82.04    0.00011    