Material ID: 0231
Unit cell composition: Co3500
Material:  Co
Site positions of initial unit cell:
 Co          Co          Co          Co          Co          Co          Co          Co          Co          Co          Co          Co          Co          Co          Co          Co          Co          Co          Co          Co          Co          Co          Co          Co          Co          Co          Co          Co         
 7.58022     0.78682     3.39670     4.97034     8.14338     0.22365     3.95987     4.40717     3.02858     5.33845     1.15494     7.21210     2.10631     6.26073     6.28983     2.07721     3.71839     4.64865     0.46513     7.90190     5.74270     2.62434     1.55918     6.80785     2.62434     5.74270     6.80785     1.55918    
 0.78682     7.58022     3.39670     4.97034     3.02858     5.33845     1.15494     7.21210     8.14338     0.22365     3.95987     4.40717     3.71839     4.64865     0.46513     7.90190     2.10631     6.26073     6.28983     2.07721     2.62434     5.74270     1.55918     6.80785     5.74270     2.62434     6.80785     1.55918    
 2.27774     2.27774     0.00000     0.00000     2.27774     2.27774     0.00000     0.00000     2.27774     2.27774     0.00000     0.00000     2.27774     2.27774     0.00000     0.00000     2.27774     2.27774     0.00000     0.00000     1.13689     1.13689     3.41463     3.41463     3.41858     3.41858     1.14085     1.14085    
Properties:
 Time        Epot        Ekin        Etot        Temp     MSD         Self_diff   LC_a      LC_b      LC_c      Volume      Pressure    DebyeT   Lindemann  
 fs          eV/atom     eV/atom     eV/atom     K        Å^2         mm^2/s      Å         Å         Å         Å^3/atom    Pa          K        1          
 500         -8.30628    0.0258      -8.28048    199.58   0.0         0.0         8.2       8.2       4.464     10.72     -146559360800.05783 inf      0.0        
 600         -8.60071    0.31386     -8.28686    2428.1   0.06885     0.00019     8.2       8.2       4.464     10.72     -127245641862.06123 511.14   3e-05      
 700         -8.71167    0.42371     -8.28796    3277.97  0.08738     0.00021     8.2       8.2       4.464     10.72     -125138551498.31342 527.16   3e-05      
 800         -8.80182    0.51406     -8.28775    3976.98  0.27517     0.00057     8.2       8.2       4.464     10.72     -114052768411.97359 327.21   5e-05      
 900         -8.8519     0.56423     -8.28766    4365.1   0.5324      0.00099     8.2       8.2       4.464     10.72     -107498157692.09315 246.45   7e-05      
 1000        -8.88675    0.599       -8.28775    4634.08  0.73944     0.00123     8.2       8.2       4.464     10.72     -103507424571.68117 215.47   9e-05      
 1100        -8.91914    0.63131     -8.28783    4884.02  0.89015     0.00135     8.2       8.2       4.464     10.72     -100679359094.58022 201.61   9e-05      
 1200        -8.93527    0.64744     -8.28783    5008.8   0.99617     0.00138     8.2       8.2       4.464     10.72     -99378602753.92587 193.0    0.0001     
 1300        -8.96099    0.67309     -8.28791    5207.23  1.09102     0.0014      8.2       8.2       4.464     10.72     -96818390370.29053 188.03   0.0001     
 1400        -8.96389    0.67604     -8.28784    5230.11  1.17754     0.0014      8.2       8.2       4.464     10.72     -96408225576.51556 181.39   0.00011    
 1500        -8.97149    0.68364     -8.28785    5288.92  1.26026     0.0014      8.2       8.2       4.464     10.72     -95789459855.8617 176.32   0.00011    
 1600        -8.97724    0.68936     -8.28788    5333.11  1.28326     0.00134     8.2       8.2       4.464     10.72     -95260927633.3115 175.46   0.00011    

Time averages:
             Epot        Ekin        Etot        Temp     MSD         Self_diff   Pressure    Spec_heat   DebyeT   Lindemann  
             eV/atom     eV/atom     eV/atom     K        Å^2         mm^2/s      Pa          J/(K*Kg)    K        1          
             -8.89802    0.61019     -8.28783    4720.63  0.83328     0.00123     -103453186745.85468 321.18939   243.21   9e-05      