Material ID: 0262
Unit cell composition: Mg500
Material:  Mg
Site positions of initial unit cell:
 Mg          Mg          Mg          Mg         
 0.00000     -0.00000    0.00000     1.60186    
 0.00000     1.84967     0.00000     0.92483    
 0.00000     2.58032     5.16064     7.74097    
Properties:
 Time        Epot        Ekin        Etot        Temp     MSD         Self_diff   LC_a      LC_b      LC_c      Volume      Pressure    DebyeT   Lindemann  
 fs          eV/atom     eV/atom     eV/atom     K        Å^2         mm^2/s      Å         Å         Å         Å^3/atom    Pa          K        1          
 500         -0.41982    0.02582     -0.394      199.76   0.0         0.0         3.204     3.204     10.321    22.936    4437217460.35857 inf      0.0        
 600         -0.40993    0.01593     -0.394      123.24   0.15664     0.00044     3.204     3.204     10.321    22.936    3216015010.8459 118.88   0.03494    
 700         -0.41305    0.01905     -0.394      147.38   0.32598     0.00078     3.204     3.204     10.321    22.936    2977713060.23075 90.12    0.05041    
 800         -0.41619    0.02219     -0.394      171.69   0.47771     0.001       3.204     3.204     10.321    22.936    2884636881.60465 80.35    0.06102    
 900         -0.41835    0.02435     -0.394      188.38   0.64568     0.0012      3.204     3.204     10.321    22.936    2583832862.64533 72.39    0.07094    
 1000        -0.42118    0.02718     -0.394      210.25   0.83326     0.00139     3.204     3.204     10.321    22.936    2336635823.98015 67.32    0.08059    
 1100        -0.42356    0.02956     -0.394      228.72   1.04217     0.00158     3.204     3.204     10.321    22.936    2144949638.15209 62.79    0.09013    
 1200        -0.42564    0.03164     -0.394      244.78   1.25035     0.00174     3.204     3.204     10.321    22.936    1960479018.26429 59.3     0.09872    
 1300        -0.42669    0.03269     -0.394      252.9    1.4629      0.00188     3.204     3.204     10.321    22.936    1806322738.29682 55.73    0.10678    
 1400        -0.42906    0.03506     -0.394      271.2    1.67101     0.00199     3.204     3.204     10.321    22.936    1906344519.78849 53.99    0.11413    
 1500        -0.42966    0.03566     -0.394      275.86   1.88934     0.0021      3.204     3.204     10.321    22.936    1749039152.17896 51.21    0.12135    

Time averages:
             Epot        Ekin        Etot        Temp     MSD         Self_diff   Pressure    Spec_heat   DebyeT   Lindemann  
             eV/atom     eV/atom     eV/atom     K        Å^2         mm^2/s      Pa          J/(K*Kg)    K        1          
             -0.42133    0.02733     -0.394      211.44   0.9755      0.00152     2356596870.59874 602.41235   71.21    0.0829     