Material ID: 0095
Unit cell composition: Cu125
Material:  Cu
Site positions of initial unit cell:
 Cu         
 1.14480    
 8.27375    
 11.12788   
Properties:
 Time        Epot        Ekin        Etot        Temp     MSD         Self_diff   LC_a      LC_b      LC_c      Volume      Pressure    DebyeT   Lindemann  
 fs          eV/atom     eV/atom     eV/atom     K        Å^2         mm^2/s      Å         Å         Å         Å^3/atom    Pa          K        1          
 500         5.95271     0.02692     5.97964     208.27   0.0         0.0         2.198     11.369    21.838    533.916   -14630635382.43282 inf      0.0        
 600         -0.36773    6.34753     5.9798      49106.73 11.2788     0.03133     2.198     11.369    21.838    533.916   55230396.25676 172.95   0.30558    
 700         -0.23809    6.21787     5.97978     48103.58 58.12003    0.13838     2.198     11.369    21.838    533.916   116446400.64982 75.41    0.69369    
 800         -0.37291    6.35245     5.97954     49144.75 138.89442   0.28936     2.198     11.369    21.838    533.916   48924627.26539 49.3     1.07236    
 900         -0.32568    6.3052      5.97951     48779.22 243.4272    0.45079     2.198     11.369    21.838    533.916   19709059.36087 37.1     1.41966    
 1000        -0.26194    6.24168     5.97975     48287.84 367.23679   0.61206     2.198     11.369    21.838    533.916   -133265898.31819 30.06    1.7437     
 1100        -0.30601    6.28531     5.97929     48625.33 511.06175   0.77434     2.198     11.369    21.838    533.916   36345148.74392 25.57    2.05701    
 1200        -0.25996    6.23964     5.97968     48272.05 673.74183   0.93575     2.198     11.369    21.838    533.916   8126847.88863 22.19    2.36182    
 1300        -0.40632    6.38561     5.97929     49401.3  853.99051   1.09486     2.198     11.369    21.838    533.916   142022652.65999 19.94    2.65905    
 1400        -0.27265    6.25241     5.97976     48370.82 1031.36628  1.22782     2.198     11.369    21.838    533.916   45148992.08769 17.95    2.92217    
 1500        -0.29769    6.27735     5.97965     48563.74 1226.73227  1.36304     2.198     11.369    21.838    533.916   91385536.19571 16.49    3.18695    
 1600        -0.34036    6.31966     5.9793      48891.09 1444.10966  1.50428     2.198     11.369    21.838    533.916   -24790386.75502 15.25    3.4578     

Time averages:
             Epot        Ekin        Etot        Temp     MSD         Self_diff   Pressure    Spec_heat   DebyeT   Lindemann  
             eV/atom     eV/atom     eV/atom     K        Å^2         mm^2/s      Pa          J/(K*Kg)    K        1          
             -0.30816    6.28772     5.97955     48643.97 654.86807   0.91692     35005297.97788 196.27092   30.93    2.15742    