Material ID: 0225
Unit cell composition: Co500
Material:  Co
Site positions of initial unit cell:
 Co          Co          Co          Co         
 1.24425     0.00089     1.24397     0.00060    
 5.11995     7.07152     1.05506     3.00645    
 0.71800     1.43624     0.71800     1.43624    
Properties:
 Time        Epot        Ekin        Etot        Temp     MSD         Self_diff   LC_a      LC_b      LC_c      Volume      Pressure    DebyeT   Lindemann  
 fs          eV/atom     eV/atom     eV/atom     K        Å^2         mm^2/s      Å         Å         Å         Å^3/atom    Pa          K        1          
 500         -9.74724    0.02464     -9.7226     190.61   0.0         0.0         2.387     7.802     2.387     9.63      -192665746365.45303 inf      0.0        
 600         -10.06924   0.34401     -9.72524    2661.37  0.02313     6e-05       2.387     7.802     2.387     9.63      -164620408588.1638 923.27   0.01802    
 700         -9.91942    0.19514     -9.72428    1509.69  0.02106     5e-05       2.387     7.802     2.387     9.63      -174906995558.1822 728.78   0.01719    
 800         -10.11713   0.39144     -9.72569    3028.28  0.01273     3e-05       2.387     7.802     2.387     9.63      -159059569012.12457 1327.45  0.01337    
 900         -10.20007   0.47421     -9.72586    3668.69  0.01122     2e-05       2.387     7.802     2.387     9.63      -152207739641.03177 1556.56  0.01255    
 1000        -10.03022   0.30518     -9.72505    2360.94  0.03151     5e-05       2.387     7.802     2.387     9.63      -165728012657.61008 745.07   0.02103    
 1100        -9.99175    0.2673      -9.72445    2067.93  0.03031     5e-05       2.387     7.802     2.387     9.63      -169176462894.3244 710.94   0.02062    
 1200        -9.986      0.26149     -9.72451    2022.98  0.04512     6e-05       2.387     7.802     2.387     9.63      -169987985726.2673 576.31   0.02516    
 1300        -9.96457    0.24006     -9.72451    1857.18  0.17394     0.00022     2.387     7.802     2.387     9.63      -172032573127.31128 281.24   0.04941    
 1400        -10.06163   0.33682     -9.7248     2605.79  0.16261     0.00019     2.387     7.802     2.387     9.63      -163393621723.49643 344.54   0.04777    
 1500        -9.96049    0.23627     -9.72422    1827.86  0.15261     0.00017     2.387     7.802     2.387     9.63      -172002661022.8863 297.87   0.04628    
 1600        -9.98253    0.25819     -9.72434    1997.44  0.29301     0.00031     2.387     7.802     2.387     9.63      -170264429509.79498 224.72   0.06413    
 1700        -10.01691   0.29155     -9.72536    2255.54  0.5769      0.00057     2.387     7.802     2.387     9.63      -166893182248.63385 170.19   0.08998    
 1800        -10.04406   0.31942     -9.72464    2471.13  0.67802     0.00063     2.387     7.802     2.387     9.63      -165005392599.48297 164.32   0.09755    
 1900        -10.02562   0.30074     -9.72488    2326.62  0.66092     0.00058     2.387     7.802     2.387     9.63      -166819051829.98077 161.49   0.09631    
 2000        -10.05323   0.3284      -9.72484    2540.58  0.72017     0.0006      2.387     7.802     2.387     9.63      -164308094609.40283 161.66   0.10054    
 2100        -10.03107   0.30636     -9.7247     2370.14  0.95221     0.00076     2.387     7.802     2.387     9.63      -165705302111.91638 135.79   0.1156     

Time averages:
             Epot        Ekin        Etot        Temp     MSD         Self_diff   Pressure    Spec_heat   DebyeT   Lindemann  
             eV/atom     eV/atom     eV/atom     K        Å^2         mm^2/s      Pa          J/(K*Kg)    K        1          
             -10.01261   0.28793     -9.72468    2227.53  0.44155     0.00045     -167641229450.9173 220.18005   251.81   0.07327    