Material ID: 0263
Unit cell composition: Mg500
Material:  Mg
Site positions of initial unit cell:
 Mg          Mg          Mg          Mg         
 0.00000     -0.00000    0.00000     1.60186    
 0.00000     1.84967     0.00000     0.92483    
 0.00000     2.58032     5.16064     7.74097    
Properties:
 Time        Epot        Ekin        Etot        Temp     MSD         Self_diff   LC_a      LC_b      LC_c      Volume      Pressure    DebyeT   Lindemann  
 fs          eV/atom     eV/atom     eV/atom     K        Å^2         mm^2/s      Å         Å         Å         Å^3/atom    Pa          K        1          
 500         -0.38337    0.02798     -0.35539    216.5    0.0         0.0         3.268     3.268     10.528    24.34     3978137075.47936 inf      0.0        
 600         -0.37665    0.02126     -0.35539    164.5    0.19327     0.00054     3.268     3.268     10.528    24.34     2760791332.68134 123.65   0.03805    
 700         -0.38244    0.02705     -0.35539    209.27   0.46034     0.0011      3.268     3.268     10.528    24.34     2455092015.72254 90.36    0.05873    
 800         -0.38536    0.02997     -0.35539    231.83   0.76315     0.00159     3.268     3.268     10.528    24.34     2115600011.28082 73.87    0.07561    
 900         -0.39033    0.03494     -0.35539    270.3    1.05686     0.00196     3.268     3.268     10.528    24.34     2034485044.91365 67.78    0.08898    
 1000        -0.39354    0.03815     -0.35539    295.14   1.391       0.00232     3.268     3.268     10.528    24.34     1844930648.05022 61.74    0.10208    
 1100        -0.39511    0.03972     -0.35539    307.27   1.74628     0.00265     3.268     3.268     10.528    24.34     1692607570.48516 56.22    0.11438    
 1200        -0.39765    0.04226     -0.35539    326.92   2.07956     0.00289     3.268     3.268     10.528    24.34     1686740594.71883 53.14    0.12482    
 1300        -0.39894    0.04355     -0.35539    336.89   2.50082     0.00321     3.268     3.268     10.528    24.34     1555125786.78398 49.19    0.13688    
 1400        -0.39862    0.04323     -0.35539    334.46   2.92386     0.00348     3.268     3.268     10.528    24.34     1426991061.55176 45.33    0.148      
 1500        -0.40607    0.05068     -0.35539    392.08   3.40041     0.00378     3.268     3.268     10.528    24.34     1531361886.05192 45.51    0.15961    

Time averages:
             Epot        Ekin        Etot        Temp     MSD         Self_diff   Pressure    Spec_heat   DebyeT   Lindemann  
             eV/atom     eV/atom     eV/atom     K        Å^2         mm^2/s      Pa          J/(K*Kg)    K        1          
             -0.39247    0.03708     -0.35539    286.87   1.65155     0.00255     1910372595.22402 594.47363   66.68    0.10471    