Material ID: 0012
Unit cell composition: Ag500
Material:  Ag
Site positions of initial unit cell:
 Ag          Ag          Ag          Ag         
 0.00000     0.00000     -0.00000    1.47560    
 0.00000     0.00000     1.70388     0.85194    
 0.00000     4.79288     2.39644     7.18932    
Properties:
 Time        Epot        Ekin        Etot        Temp     MSD         Self_diff   LC_a      LC_b      LC_c      Volume      Pressure    DebyeT   Lindemann  
 fs          eV/atom     eV/atom     eV/atom     K        Å^2         mm^2/s      Å         Å         Å         Å^3/atom    Pa          K        1          
 500         -13.00179   0.02533     -12.97646   195.96   0.0         0.0         2.951     2.951     9.586     18.076    87101480458.2628 inf      0.0        
 600         -12.98692   0.01047     -12.97644   81.04    0.00125     0.0         2.951     2.951     9.586     18.076    86375199967.29794 511.33   0.00339    
 700         -12.98966   0.01321     -12.97645   102.21   0.00163     0.0         2.951     2.951     9.586     18.076    86532072442.90802 503.02   0.00388    
 800         -12.98819   0.01174     -12.97645   90.86    0.00207     0.0         2.951     2.951     9.586     18.076    86454717747.01285 421.1    0.00436    
 900         -12.98956   0.01311     -12.97645   101.43   0.00236     0.0         2.951     2.951     9.586     18.076    86516054488.21992 416.99   0.00466    
 1000        -12.98973   0.01328     -12.97645   102.76   0.00295     0.0         2.951     2.951     9.586     18.076    86534436020.86354 375.36   0.00521    
 1100        -12.98931   0.01286     -12.97645   99.51    0.00409     1e-05       2.951     2.951     9.586     18.076    86501325027.27956 313.9    0.00613    
 1200        -12.98947   0.01302     -12.97645   100.74   0.00535     1e-05       2.951     2.951     9.586     18.076    86523523011.14526 276.11   0.00701    
 1300        -12.98974   0.01329     -12.97645   102.85   0.00647     1e-05       2.951     2.951     9.586     18.076    86530121360.90604 253.73   0.00771    
 1400        -12.98883   0.01238     -12.97645   95.78    0.00784     1e-05       2.951     2.951     9.586     18.076    86480893186.71106 222.33   0.00849    
 1500        -12.98908   0.01263     -12.97645   97.71    0.00927     1e-05       2.951     2.951     9.586     18.076    86498522467.41136 206.53   0.00923    

Time averages:
             Epot        Ekin        Etot        Temp     MSD         Self_diff   Pressure    Spec_heat   DebyeT   Lindemann  
             eV/atom     eV/atom     eV/atom     K        Å^2         mm^2/s      Pa          J/(K*Kg)    K        1          
             -12.98905   0.0126      -12.97645   97.49    0.00433     1e-05       86494686571.97556 117.01999   350.04   0.00601    