Material ID: 0157
Unit cell composition: Ti12500
Material:  Ti
Site positions of initial unit cell:
 Ti          Ti          Ti          Ti          Ti          Ti          Ti          Ti          Ti          Ti          Ti          Ti          Ti          Ti          Ti          Ti          Ti          Ti          Ti          Ti          Ti          Ti          Ti          Ti          Ti          Ti          Ti          Ti          Ti          Ti          Ti          Ti          Ti          Ti          Ti          Ti          Ti          Ti          Ti          Ti          Ti          Ti          Ti          Ti          Ti          Ti          Ti          Ti          Ti          Ti          Ti          Ti          Ti          Ti          Ti          Ti          Ti          Ti          Ti          Ti          Ti          Ti          Ti          Ti          Ti          Ti          Ti          Ti          Ti          Ti          Ti          Ti          Ti          Ti          Ti          Ti          Ti          Ti          Ti          Ti          Ti          Ti          Ti          Ti          Ti          Ti          Ti          Ti          Ti          Ti          Ti          Ti          Ti          Ti          Ti          Ti          Ti          Ti          Ti          Ti         
 1.68569     8.02273     3.75901     6.08843     5.12347     6.51499     4.50183     1.78939     11.65724    8.61418     1.94253     10.87560    0.56706     5.06887     4.32699     4.87152     11.26431    3.37088     3.97454     9.11171     9.58068     9.48668     4.35481     1.58210     0.28931     6.45385     8.03787     8.95181     7.64791     -0.03950    1.73299     1.38215     9.22525     1.10922     5.15328     3.35601     2.93677     9.73871     5.65873     5.77231     10.71654    3.87972     8.39651     11.28569    6.73265     5.55966     0.21881     3.89497     7.97131     7.97010     9.18639     11.04645    2.70976     11.93915    6.43914     8.54605     7.23745     2.13157     9.56270     6.70535     3.62599     6.42262     9.45650     9.16251     2.13771     10.67683    0.84530     1.28818     5.93511     3.69865     6.68899     3.58770     10.34615    10.26369    2.35650     7.53508     5.25083     -0.35939    10.42082    6.61948     1.41926     11.23849    6.86154     1.49119     10.22954    0.43102     5.72650     0.82246     11.52810    11.26489    8.61471     7.86621     8.26428     0.90526     3.15836     0.67435     3.05504     4.60399     2.87737     11.52771   
 1.39638     8.65088     7.51672     5.47242     2.14561     8.13530     5.17421     6.28256     8.31213     9.71376     2.79376     9.10843     9.44090     4.10865     9.11127     3.20861     11.66358    2.64023     8.02571     2.38633     1.33402     7.24153     11.09293    9.43312     0.86938     1.98689     0.36879     10.82957    5.95411     6.97541     7.76253     11.09697    6.21231     3.49218     6.71308     5.08245     6.57683     8.83731     6.71070     1.82471     4.74803     9.65911     11.18361    8.50239     3.84494     9.58445     1.94481     9.52124     2.13117     6.97909     7.33356     1.87705     3.87449     10.91499    1.65217     1.60909     4.76205     7.43312     4.19572     11.48112    0.24412     9.25770     6.34081     10.38938    10.12842    2.85307     4.47003     10.15050    10.70471    2.39679     6.76454     0.29448     3.73691     0.56083     4.93934     4.82266     7.17649     5.74160     11.46155    9.74816     8.58441     10.35605    11.73415    0.14039     5.11558     3.69045     4.01614     6.75270     7.62639     2.69668     3.36683     8.27901     3.63244     1.25864     4.92140     5.15202     2.45475     0.49543     0.18201     5.90279    
 9.04347     11.95114    2.48098     2.95315     8.78157     2.26093     9.87088     9.69563     10.33805    2.84852     3.88270     7.76449     5.59067     6.98996     7.06743     4.03141     4.98458     10.84021    9.69733     5.67877     2.07985     2.14013     9.57834     2.86182     2.09755     5.88610     4.21304     6.60835     0.82273     6.38244     12.01969    7.68612     11.89107    1.33647     0.03581     5.08826     7.25122     5.17141     7.66383     12.10416    1.99478     4.29762     0.62535     0.50961     10.61182    11.80906    6.54859     0.78744     8.24158     4.37442     9.42131     9.57539     8.39239     9.95014     2.42930     10.88838    5.59362     4.66316     10.05636    7.60288     7.15863     9.13922     6.77731     9.64613     10.43222    12.20231    6.40759     0.34575     2.33208     1.37218     10.38494    12.23145    7.47364     7.66289     11.94521    8.27754     4.91342     11.54191    12.27902    5.18590     8.18457     2.59978     10.27914    4.76460     4.75402     10.15577    0.65514     1.70972     3.80249     3.91375     0.57920     7.10188     3.32676     11.80190    2.35401     3.72922     6.12000     4.64839     2.51139     8.77864    
Properties:
 Time        Epot        Ekin        Etot        Temp     MSD         Self_diff   LC_a      LC_b      LC_c      Volume      Pressure    DebyeT   Lindemann  
 fs          eV/atom     eV/atom     eV/atom     K        Å^2         mm^2/s      Å         Å         Å         Å^3/atom    Pa          K        1          
 500         -1.69835    0.02582     -1.67254    199.72   0.0         0.0         12.218    11.627    12.31     17.443    -510102934991.50214 inf      0.0        
 600         -2.96963    1.28619     -1.68344    9950.44  0.39103     0.00109     12.218    11.627    12.31     17.443    -459552952061.67706 481.76   6e-05      
 700         -3.05412    1.3707      -1.68342    10604.22 0.58327     0.00139     12.218    11.627    12.31     17.443    -456350825866.5067 407.21   8e-05      
 800         -3.14943    1.46523     -1.6842     11335.57 0.79716     0.00166     12.218    11.627    12.31     17.443    -452129106547.64954 360.13   9e-05      
 900         -3.20498    1.52045     -1.68452    11762.75 0.9725      0.0018      12.218    11.627    12.31     17.443    -449624103807.8536 332.14   0.0001     
 1000        -3.23162    1.547       -1.68462    11968.13 1.11013     0.00185     12.218    11.627    12.31     17.443    -448366099128.2783 313.57   0.00011    
 1100        -3.25317    1.56841     -1.68476    12133.77 1.20252     0.00182     12.218    11.627    12.31     17.443    -447498987776.2193 303.36   0.00011    
 1200        -3.27365    1.58894     -1.68471    12292.57 1.28421     0.00178     12.218    11.627    12.31     17.443    -446598670552.86505 295.47   0.00011    
 1300        -3.26948    1.58497     -1.6845     12261.89 1.36609     0.00175     12.218    11.627    12.31     17.443    -446723553281.64905 286.12   0.00012    
 1400        -3.29503    1.61021     -1.68482    12457.12 1.42258     0.00169     12.218    11.627    12.31     17.443    -445679666886.0836 282.61   0.00012    
 1500        -3.30188    1.61699     -1.68489    12509.57 1.45634     0.00162     12.218    11.627    12.31     17.443    -445414645555.728 279.9    0.00012    

Time averages:
             Epot        Ekin        Etot        Temp     MSD         Self_diff   Pressure    Spec_heat   DebyeT   Lindemann  
             eV/atom     eV/atom     eV/atom     K        Å^2         mm^2/s      Pa          J/(K*Kg)    K        1          
             -3.2003     1.51591     -1.68439    11727.6  1.05858     0.00171     -449793861146.451 381.65299   334.23   0.0001     