Material ID: 0246
Unit cell composition: Ni250
Material:  Ni
Site positions of initial unit cell:
 Ni          Ni         
 0.00000     0.00000    
 0.00000     0.00000    
 6.32249     8.58985    
Properties:
 Time        Epot        Ekin        Etot        Temp     MSD         Self_diff   LC_a      LC_b      LC_c      Volume      Pressure    DebyeT   Lindemann  
 fs          eV/atom     eV/atom     eV/atom     K        Å^2         mm^2/s      Å         Å         Å         Å^3/atom    Pa          K        1          
 500         -9.26021    0.02492     -9.23529    192.77   0.0         0.0         2.334     2.334     14.614    34.485    -63252640206.81429 inf      0.0        
 600         -9.90517    0.66893     -9.23624    5175.11  0.81193     0.00226     2.334     2.334     14.614    34.485    17561891882.65497 217.74   0.02406    
 700         -10.14134   0.90466     -9.23668    6998.77  0.75679     0.0018      2.334     2.334     14.614    34.485    10019654269.84945 262.28   0.02323    
 800         -10.11526   0.8789      -9.23636    6799.49  0.92302     0.00192     2.334     2.334     14.614    34.485    13159748618.92406 234.08   0.02565    
 900         -10.07775   0.84155     -9.23619    6510.55  1.06115     0.00197     2.334     2.334     14.614    34.485    9732109896.59115 213.63   0.0275     
 1000        -10.11819   0.88173     -9.23646    6821.37  1.16968     0.00195     2.334     2.334     14.614    34.485    13147113279.17284 208.28   0.02887    
 1100        -10.10407   0.86773     -9.23634    6713.07  1.42103     0.00215     2.334     2.334     14.614    34.485    9242076121.15144 187.45   0.03183    
 1200        -10.07704   0.84063     -9.23641    6503.41  1.56042     0.00217     2.334     2.334     14.614    34.485    13165363881.48612 176.07   0.03335    
 1300        -10.11752   0.88078     -9.23674    6814.04  1.78185     0.00228     2.334     2.334     14.614    34.485    12675256052.40011 168.66   0.03564    
 1400        -10.09358   0.85705     -9.23653    6630.43  1.86091     0.00222     2.334     2.334     14.614    34.485    11909601397.55214 162.8    0.03642    
 1500        -10.121     0.88473     -9.23627    6844.6   1.95561     0.00217     2.334     2.334     14.614    34.485    11097186364.08806 161.35   0.03734    
 1600        -10.14274   0.90618     -9.23657    7010.49  2.10132     0.00219     2.334     2.334     14.614    34.485    10839762224.30665 157.53   0.0387     
 1700        -10.13755   0.9008      -9.23675    6968.91  2.23338     0.00219     2.334     2.334     14.614    34.485    12245881742.65108 152.35   0.0399     

Time averages:
             Epot        Ekin        Etot        Temp     MSD         Self_diff   Pressure    Spec_heat   DebyeT   Lindemann  
             eV/atom     eV/atom     eV/atom     K        Å^2         mm^2/s      Pa          J/(K*Kg)    K        1          
             -10.11047   0.87401     -9.23646    6761.64  1.60684     0.00214     11721409957.83237 212.65551   182.22   0.03352    