Material ID: 0077
Unit cell composition: Fe125
Material:  Fe
Site positions of initial unit cell:
 Fe         
 0.00000    
 0.00000    
 0.00000    
Properties:
 Time        Epot        Ekin        Etot        Temp     MSD         Self_diff   LC_a      LC_b      LC_c      Volume      Pressure    DebyeT   Lindemann  
 fs          eV/atom     eV/atom     eV/atom     K        Å^2         mm^2/s      Å         Å         Å         Å^3/atom    Pa          K        1          
 500         -9.85418    0.02489     -9.82929    192.56   0.0         0.0         2.578     2.578     2.578     12.114    12678298898.84145 inf      0.0        
 600         -9.84363    0.01438     -9.82926    111.21   0.00077     0.0         2.578     2.578     2.578     12.114    11938018351.14515 1062.2   0.00215    
 700         -9.84432    0.01505     -9.82927    116.43   0.00167     0.0         2.578     2.578     2.578     12.114    12000229224.19028 737.85   0.00317    
 800         -9.84334    0.01408     -9.82926    108.95   0.00314     1e-05       2.578     2.578     2.578     12.114    11911461491.046 520.65   0.00435    
 900         -9.84441    0.01515     -9.82926    117.2    0.00535     1e-05       2.578     2.578     2.578     12.114    11995642906.61688 413.96   0.00567    
 1000        -9.83919    0.00995     -9.82924    77.01    0.0081      1e-05       2.578     2.578     2.578     12.114    11615306305.2217 272.64   0.00698    
 1100        -9.84038    0.01113     -9.82925    86.12    0.01155     2e-05       2.578     2.578     2.578     12.114    11718195283.18678 241.44   0.00834    
 1200        -9.83649    0.00726     -9.82923    56.15    0.01551     2e-05       2.578     2.578     2.578     12.114    11430641900.07266 168.21   0.00966    
 1300        -9.8424     0.01315     -9.82925    101.77   0.01979     3e-05       2.578     2.578     2.578     12.114    11846291638.73863 200.52   0.01091    
 1400        -9.8417     0.01246     -9.82925    96.37    0.02504     3e-05       2.578     2.578     2.578     12.114    11795322928.97436 173.46   0.01228    
 1500        -9.84307    0.01381     -9.82926    106.85   0.03067     3e-05       2.578     2.578     2.578     12.114    11901624505.09668 165.03   0.01359    

Time averages:
             Epot        Ekin        Etot        Temp     MSD         Self_diff   Pressure    Spec_heat   DebyeT   Lindemann  
             eV/atom     eV/atom     eV/atom     K        Å^2         mm^2/s      Pa          J/(K*Kg)    K        1          
             -9.84189    0.01264     -9.82925    97.81    0.01216     2e-05       11815273453.42891 228.79713   395.6    0.00771    