Material ID: 0255
Unit cell composition: Ni125
Material:  Ni
Site positions of initial unit cell:
 Ni         
 0.00000    
 0.00000    
 0.00000    
Properties:
 Time        Epot        Ekin        Etot        Temp     MSD         Self_diff   LC_a      LC_b      LC_c      Volume      Pressure    DebyeT   Lindemann  
 fs          eV/atom     eV/atom     eV/atom     K        Å^2         mm^2/s      Å         Å         Å         Å^3/atom    Pa          K        1          
 500         -17.15856   0.02405     -17.13451   186.09   0.0         0.0         2.38      2.38      2.38      9.53      -106570631595.19173 inf      0.0        
 600         -17.14393   0.00954     -17.1344    73.77    0.00103     0.0         2.38      2.38      2.38      9.53      -107823053430.82967 730.18   0.0027     
 700         -17.14765   0.01322     -17.13443   102.25   0.00346     1e-05       2.38      2.38      2.38      9.53      -107506533485.47823 468.65   0.00495    
 800         -17.14688   0.01247     -17.13441   96.48    0.00753     2e-05       2.38      2.38      2.38      9.53      -107571117167.5875 308.77   0.00729    
 900         -17.14894   0.0145      -17.13445   112.14   0.01321     2e-05       2.38      2.38      2.38      9.53      -107386938383.49628 251.33   0.00966    
 1000        -17.14661   0.0122      -17.1344    94.39    0.02053     3e-05       2.38      2.38      2.38      9.53      -107606984472.10564 184.95   0.01204    
 1100        -17.1481    0.01368     -17.13442   105.8    0.02952     4e-05       2.38      2.38      2.38      9.53      -107467095395.26357 163.29   0.01444    
 1200        -17.14799   0.01356     -17.13442   104.93   0.04013     6e-05       2.38      2.38      2.38      9.53      -107478184566.22285 139.46   0.01684    
 1300        -17.14575   0.01133     -17.13442   87.64    0.05241     7e-05       2.38      2.38      2.38      9.53      -107662304199.02467 111.53   0.01924    
 1400        -17.14542   0.01102     -17.1344    85.27    0.0662      8e-05       2.38      2.38      2.38      9.53      -107709239318.9394 97.88    0.02162    
 1500        -17.14544   0.01104     -17.1344    85.42    0.0817      9e-05       2.38      2.38      2.38      9.53      -107702341193.51216 88.19    0.02402    

Time averages:
             Epot        Ekin        Etot        Temp     MSD         Self_diff   Pressure    Spec_heat   DebyeT   Lindemann  
             eV/atom     eV/atom     eV/atom     K        Å^2         mm^2/s      Pa          J/(K*Kg)    K        1          
             -17.14667   0.01226     -17.13442   94.81    0.03157     5e-05       -107591379161.246 214.4854    254.42   0.01328    