Material ID: 0051
Unit cell composition: Fe125
Material:  Fe
Site positions of initial unit cell:
 Fe         
 0.00000    
 0.00000    
 0.00000    
Properties:
 Time        Epot        Ekin        Etot        Temp     MSD         Self_diff   LC_a      LC_b      LC_c      Volume      Pressure    DebyeT   Lindemann  
 fs          eV/atom     eV/atom     eV/atom     K        Å^2         mm^2/s      Å         Å         Å         Å^3/atom    Pa          K        1          
 500         -6.77987    0.02917     -6.7507     225.65   0.0         0.0         2.44      2.44      2.346     12.097    -197840075378.85004 inf      0.0        
 600         -7.71889    0.96652     -6.75237    7477.33  0.5624      0.00156     2.44      2.44      2.346     12.097    -135114080024.07922 322.4    0.06394    
 700         -7.91746    1.16431     -6.75315    9007.53  0.94678     0.00225     2.44      2.44      2.346     12.097    -121392821356.00432 272.72   0.08296    
 800         -8.04395    1.2914      -6.75255    9990.75  1.23545     0.00257     2.44      2.44      2.346     12.097    -113315194323.98164 251.43   0.09476    
 900         -8.10324    1.35082     -6.75242    10450.42 1.50427     0.00279     2.44      2.44      2.346     12.097    -109268475635.78194 233.05   0.10456    
 1000        -8.15537    1.40264     -6.75273    10851.33 1.52692     0.00254     2.44      2.44      2.346     12.097    -105943782668.29945 235.71   0.10535    
 1100        -8.12944    1.37669     -6.75275    10650.57 1.54059     0.00233     2.44      2.44      2.346     12.097    -108626464505.48804 232.48   0.10582    
 1200        -8.13483    1.38164     -6.75319    10688.85 1.48015     0.00206     2.44      2.44      2.346     12.097    -107109650933.75893 237.6    0.10372    
 1300        -8.12857    1.37554     -6.75304    10641.64 1.58795     0.00204     2.44      2.44      2.346     12.097    -109381335122.12727 228.89   0.10743    
 1400        -8.23013    1.47747     -6.75265    11430.25 1.65925     0.00198     2.44      2.44      2.346     12.097    -100919139930.99094 232.07   0.10982    
 1500        -8.18379    1.43063     -6.75316    11067.88 1.69998     0.00189     2.44      2.44      2.346     12.097    -104779072103.99768 225.61   0.11116    
 1600        -8.13019    1.37768     -6.75251    10658.19 1.85391     0.00193     2.44      2.44      2.346     12.097    -107603099288.06477 212.0    0.11608    
 1700        -8.10668    1.35355     -6.75313    10471.52 1.90908     0.00187     2.44      2.44      2.346     12.097    -109452107567.04633 207.08   0.1178     
 1800        -8.07432    1.32166     -6.75266    10224.82 1.95624     0.00181     2.44      2.44      2.346     12.097    -111513059699.46423 202.14   0.11924    
 1900        -8.14236    1.38971     -6.75265    10751.26 2.03025     0.00178     2.44      2.44      2.346     12.097    -106650924685.0482 203.47   0.12148    
 2000        -8.10901    1.35617     -6.75284    10491.78 1.95783     0.00163     2.44      2.44      2.346     12.097    -108021078440.20943 204.68   0.11929    

Time averages:
             Epot        Ekin        Etot        Temp     MSD         Self_diff   Pressure    Spec_heat   DebyeT   Lindemann  
             eV/atom     eV/atom     eV/atom     K        Å^2         mm^2/s      Pa          J/(K*Kg)    K        1          
             -8.13693    1.38407     -6.75286    10707.68 1.76752     0.00189     -107405593227.61958 223.45678   218.6    0.11318    