Material ID: 0092
Unit cell composition: Cu250
Material:  Cu
Site positions of initial unit cell:
 Cu          Cu         
 -2.43060    3.15641    
 2.03828     0.31539    
 0.62975     1.88924    
Properties:
 Time        Epot        Ekin        Etot        Temp     MSD         Self_diff   LC_a      LC_b      LC_c      Volume      Pressure    DebyeT   Lindemann  
 fs          eV/atom     eV/atom     eV/atom     K        Å^2         mm^2/s      Å         Å         Å         Å^3/atom    Pa          K        1          
 500         -14.88122   0.02643     -14.85479   204.44   0.0         0.0         4.179     4.179     2.519     12.389    -96138002774.8149 inf      0.0        
 600         -14.99443   0.1397      -14.85473   1080.77  0.02439     7e-05       4.179     4.179     2.519     12.389    -87221697866.09459 551.7    0.00972    
 700         -15.57193   0.71654     -14.85539   5543.41  0.86468     0.00206     4.179     4.179     2.519     12.389    -38203844304.2829 209.87   0.05789    
 800         -15.54441   0.68921     -14.8552    5332.0   0.96413     0.00201     4.179     4.179     2.519     12.389    -42392810186.30494 194.92   0.06113    
 900         -15.58703   0.73142     -14.85562   5658.49  1.16418     0.00216     4.179     4.179     2.519     12.389    -36255020327.012 182.74   0.06718    
 1000        -15.57427   0.71856     -14.8557    5559.06  1.41934     0.00237     4.179     4.179     2.519     12.389    -37441247811.29232 164.04   0.07417    
 1100        -15.65715   0.80116     -14.85599   6198.02  1.67306     0.00253     4.179     4.179     2.519     12.389    -31343181961.80004 159.54   0.08053    
 1200        -15.62567   0.7698      -14.85587   5955.43  1.75733     0.00244     4.179     4.179     2.519     12.389    -33563076100.97972 152.59   0.08253    
 1300        -15.61456   0.75875     -14.85581   5869.94  1.85397     0.00238     4.179     4.179     2.519     12.389    -35524818131.22314 147.49   0.08477    
 1400        -15.59336   0.73698     -14.85639   5701.51  1.87358     0.00223     4.179     4.179     2.519     12.389    -35009506989.85051 144.59   0.08522    
 1500        -15.6592    0.8031      -14.8561    6213.08  1.86349     0.00207     4.179     4.179     2.519     12.389    -31462583464.31644 151.35   0.08499    

Time averages:
             Epot        Ekin        Etot        Temp     MSD         Self_diff   Pressure    Spec_heat   DebyeT   Lindemann  
             eV/atom     eV/atom     eV/atom     K        Å^2         mm^2/s      Pa          J/(K*Kg)    K        1          
             -15.5422    0.68652     -14.85568   5311.17  1.34582     0.00225     -40841778714.31567 217.44799   205.88   0.06881    