Material ID: 0116
Unit cell composition: Cu750
Material:  Cu
Site positions of initial unit cell:
 Cu          Cu          Cu          Cu          Cu          Cu         
 1.27030     0.00000     0.00000     1.27030     0.00000     0.00000    
 0.73341     0.00000     1.46681     0.73341     0.00000     1.46681    
 22.70256    0.04679     20.62708    16.47537    18.55082    14.38716   
Properties:
 Time        Epot        Ekin        Etot        Temp     MSD         Self_diff   LC_a      LC_b      LC_c      Volume      Pressure    DebyeT   Lindemann  
 fs          eV/atom     eV/atom     eV/atom     K        Å^2         mm^2/s      Å         Å         Å         Å^3/atom    Pa          K        1          
 500         -8.8035     0.0255      -8.778      197.27   0.0         0.0         2.49      2.49      24.249    21.697    -337337353947.6539 inf      0.0        
 600         -11.13433   2.25837     -8.87596    17471.57 6.38362     0.01773     2.49      2.49      24.249    21.697    -67983048137.08923 137.13   0.00025    
 700         -10.98502   2.10762     -8.87741    16305.26 10.47476    0.02494     2.49      2.49      24.249    21.697    -61042166628.95749 103.41   0.00032    
 800         -10.72859   1.8506      -8.87799    14316.87 11.16402    0.02326     2.49      2.49      24.249    21.697    -34183631127.67358 93.86    0.00033    
 900         -10.75731   1.8797      -8.87761    14542.02 13.99707    0.02592     2.49      2.49      24.249    21.697    -1306864498.19183 84.49    0.00037    
 1000        -10.7693    1.8916      -8.87769    14634.1  16.63511    0.02773     2.49      2.49      24.249    21.697    9559137870.69192 77.74    0.00041    
 1100        -10.74554   1.86817     -8.87737    14452.85 19.48886    0.02953     2.49      2.49      24.249    21.697    13627791059.66962 71.38    0.00044    
 1200        -10.73587   1.85813     -8.87775    14375.11 21.86921    0.03037     2.49      2.49      24.249    21.697    10349274896.55864 67.2     0.00047    
 1300        -10.73542   1.85761     -8.87781    14371.09 24.02531    0.0308      2.49      2.49      24.249    21.697    13436174710.30393 64.11    0.00049    
 1400        -10.79662   1.9189      -8.87773    14845.24 25.51413    0.03037     2.49      2.49      24.249    21.697    16257009923.97951 63.23    0.00051    
 1500        -10.78099   1.90317     -8.87781    14723.61 27.69099    0.03077     2.49      2.49      24.249    21.697    16137871113.94962 60.44    0.00053    
 1600        -10.82512   1.94771     -8.87741    15068.14 30.8682     0.03215     2.49      2.49      24.249    21.697    11729055177.99409 57.91    0.00056    
 1700        -10.91169   2.03404     -8.87765    15736.03 34.26463    0.03359     2.49      2.49      24.249    21.697    18970328171.90575 56.17    0.00059    

Time averages:
             Epot        Ekin        Etot        Temp     MSD         Self_diff   Pressure    Spec_heat   DebyeT   Lindemann  
             eV/atom     eV/atom     eV/atom     K        Å^2         mm^2/s      Pa          J/(K*Kg)    K        1          
             -10.77865   1.90096     -8.87768    14706.51 22.55175    0.03014     7457614729.91877 196.87446   69.65    0.00047    