Material ID: 0013
Unit cell composition: Ag500
Material:  Ag
Site positions of initial unit cell:
 Ag          Ag          Ag          Ag         
 0.00000     0.00000     -0.00000    1.47560    
 0.00000     0.00000     1.70388     0.85194    
 0.00000     4.79288     2.39644     7.18932    
Properties:
 Time        Epot        Ekin        Etot        Temp     MSD         Self_diff   LC_a      LC_b      LC_c      Volume      Pressure    DebyeT   Lindemann  
 fs          eV/atom     eV/atom     eV/atom     K        Å^2         mm^2/s      Å         Å         Å         Å^3/atom    Pa          K        1          
 500         -12.31194   0.02459     -12.28735   190.22   0.0         0.0         3.01      3.01      9.777     19.182    97718737756.5877 inf      0.0        
 600         -12.31805   0.0307      -12.28735   237.51   0.00606     2e-05       3.01      3.01      9.777     19.182    98510514792.15623 398.31   0.00731    
 700         -12.31363   0.02627     -12.28736   203.23   0.00977     2e-05       3.01      3.01      9.777     19.182    98063716333.96906 290.14   0.00929    
 800         -12.3277    0.04034     -12.28736   312.07   0.00291     1e-05       3.01      3.01      9.777     19.182    99056855166.37964 658.66   0.00507    
 900         -12.32325   0.03588     -12.28737   277.59   0.00369     1e-05       3.01      3.01      9.777     19.182    98798316106.91718 552.12   0.0057     
 1000        -12.32105   0.03369     -12.28736   260.64   0.00843     1e-05       3.01      3.01      9.777     19.182    98693704336.16786 353.71   0.00863    
 1100        -12.31525   0.02789     -12.28736   215.77   0.00953     1e-05       3.01      3.01      9.777     19.182    98364871673.16937 302.75   0.00917    
 1200        -12.31481   0.02745     -12.28736   212.36   0.00462     1e-05       3.01      3.01      9.777     19.182    98317281853.64432 431.1    0.00639    
 1300        -12.32201   0.03466     -12.28736   268.11   0.00487     1e-05       3.01      3.01      9.777     19.182    98766373809.3022 471.97   0.00656    
 1400        -12.31745   0.03008     -12.28736   232.74   0.00982     1e-05       3.01      3.01      9.777     19.182    98479124048.61818 309.71   0.00931    
 1500        -12.32467   0.03731     -12.28736   288.62   0.00805     1e-05       3.01      3.01      9.777     19.182    98950534365.9533 380.86   0.00843    

Time averages:
             Epot        Ekin        Etot        Temp     MSD         Self_diff   Pressure    Spec_heat   DebyeT   Lindemann  
             eV/atom     eV/atom     eV/atom     K        Å^2         mm^2/s      Pa          J/(K*Kg)    K        1          
             -12.31979   0.03243     -12.28736   250.86   0.00677     1e-05       98600129248.62772 121.68814   414.93   0.00759    