Material ID: 0306
Unit cell composition: Pd500
Material:  Pd
Site positions of initial unit cell:
 Pd          Pd          Pd          Pd         
 0.00000     -0.00000    0.00000     1.39885    
 0.00000     1.61525     0.00000     0.80762    
 0.00000     2.28701     4.57402     6.86103    
Properties:
 Time        Epot        Ekin        Etot        Temp     MSD         Self_diff   LC_a      LC_b      LC_c      Volume      Pressure    DebyeT   Lindemann  
 fs          eV/atom     eV/atom     eV/atom     K        Å^2         mm^2/s      Å         Å         Å         Å^3/atom    Pa          K        1          
 500         -11.21177   0.02583     -11.18594   199.83   0.0         0.0         2.742     2.742     8.965     14.591    30674906484.47214 inf      0.0        
 600         -11.29956   0.11345     -11.18611   877.7    0.00316     1e-05       2.742     2.742     8.965     14.591    36211720684.59928 1067.71  0.0058     
 700         -11.22353   0.03753     -11.186     290.36   0.01395     3e-05       2.742     2.742     8.965     14.591    30946387160.07412 292.25   0.01218    
 800         -11.28291   0.09675     -11.18616   748.48   0.0107      2e-05       2.742     2.742     8.965     14.591    35169593740.88056 535.58   0.01067    
 900         -11.29941   0.11327     -11.18614   876.32   0.00664     1e-05       2.742     2.742     8.965     14.591    36306580709.58254 735.65   0.00841    
 1000        -11.2279    0.04186     -11.18603   323.86   0.00922     2e-05       2.742     2.742     8.965     14.591    31321405109.42298 379.58   0.00991    
 1100        -11.281     0.09493     -11.18608   734.41   0.01563     2e-05       2.742     2.742     8.965     14.591    35086789766.83934 439.06   0.0129     
 1200        -11.23659   0.05059     -11.18601   391.37   0.02375     3e-05       2.742     2.742     8.965     14.591    32208075631.42532 260.0    0.0159     
 1300        -11.26171   0.07566     -11.18605   585.3    0.02665     3e-05       2.742     2.742     8.965     14.591    33818923570.15589 300.16   0.01684    
 1400        -11.27517   0.08908     -11.18609   689.15   0.02639     3e-05       2.742     2.742     8.965     14.591    34666952951.12857 327.28   0.01676    
 1500        -11.23508   0.04903     -11.18605   379.29   0.03126     3e-05       2.742     2.742     8.965     14.591    31940039781.89178 223.1    0.01824    

Time averages:
             Epot        Ekin        Etot        Temp     MSD         Self_diff   Pressure    Spec_heat   DebyeT   Lindemann  
             eV/atom     eV/atom     eV/atom     K        Å^2         mm^2/s      Pa          J/(K*Kg)    K        1          
             -11.26229   0.07622     -11.18607   589.62   0.01674     2e-05       33767646910.60004 182.17602   456.04   0.01276    