Material ID: 0244
Unit cell composition: Ni250
Material:  Ni
Site positions of initial unit cell:
 Ni          Ni         
 -0.00000    1.20834    
 1.39527     0.69764    
 5.74724     7.76811    
Properties:
 Time        Epot        Ekin        Etot        Temp     MSD         Self_diff   LC_a      LC_b      LC_c      Volume      Pressure    DebyeT   Lindemann  
 fs          eV/atom     eV/atom     eV/atom     K        Å^2         mm^2/s      Å         Å         Å         Å^3/atom    Pa          K        1          
 500         -11.2002    0.02561     -11.17459   198.12   0.0         0.0         2.513     2.513     14.056    38.447    24243910498.02156 inf      0.0        
 600         -11.19973   0.02511     -11.17462   194.28   0.00173     0.0         2.513     2.513     14.056    38.447    21229656390.44725 914.69   0.00115    
 700         -11.19209   0.01751     -11.17458   135.44   0.00491     1e-05       2.513     2.513     14.056    38.447    17621544848.56103 452.84   0.00193    
 800         -11.20753   0.03291     -11.17462   254.59   0.0082      2e-05       2.513     2.513     14.056    38.447    20671719246.17474 480.62   0.0025     
 900         -11.20288   0.02828     -11.17459   218.81   0.01417     3e-05       2.513     2.513     14.056    38.447    22245835979.00326 338.96   0.00328    
 1000        -11.21956   0.04489     -11.17467   347.25   0.02217     4e-05       2.513     2.513     14.056    38.447    19000829597.44812 341.36   0.00411    
 1100        -11.20394   0.02935     -11.17459   227.09   0.03218     5e-05       2.513     2.513     14.056    38.447    15727174654.8848 229.12   0.00495    
 1200        -11.21601   0.04138     -11.17463   320.12   0.04256     6e-05       2.513     2.513     14.056    38.447    18489512757.52451 236.52   0.00569    
 1300        -11.21976   0.04514     -11.17462   349.22   0.05515     7e-05       2.513     2.513     14.056    38.447    20086272230.69292 217.03   0.00648    
 1400        -11.2149    0.04026     -11.17463   311.49   0.07034     8e-05       2.513     2.513     14.056    38.447    17097049861.636 181.5    0.00732    
 1500        -11.2067    0.0321      -11.1746    248.32   0.08621     0.0001      2.513     2.513     14.056    38.447    16237194267.87652 146.38   0.0081     

Time averages:
             Epot        Ekin        Etot        Temp     MSD         Self_diff   Pressure    Spec_heat   DebyeT   Lindemann  
             eV/atom     eV/atom     eV/atom     K        Å^2         mm^2/s      Pa          J/(K*Kg)    K        1          
             -11.20831   0.03369     -11.17461   260.66   0.03376     5e-05       18840678983.42492 232.87714   353.9    0.00455    