Material ID: 0266
Unit cell composition: Mg1250
Material:  Mg
Site positions of initial unit cell:
 Mg          Mg          Mg          Mg          Mg          Mg          Mg          Mg          Mg          Mg         
 1.77484     0.03195     0.03372     1.77797     0.05113     1.76048     1.75887     1.74315     0.06810     0.04804    
 0.04004     5.02873     5.00894     -0.00904    2.54023     2.45969     2.47775     4.96204     0.03742     2.59104    
 2.45524     4.84241     9.75349     12.13955    12.40837    9.48594     5.11741     7.29885     14.59433    2.18017    
Properties:
 Time        Epot        Ekin        Etot        Temp     MSD         Self_diff   LC_a      LC_b      LC_c      Volume      Pressure    DebyeT   Lindemann  
 fs          eV/atom     eV/atom     eV/atom     K        Å^2         mm^2/s      Å         Å         Å         Å^3/atom    Pa          K        1          
 500         -0.39969    0.02602     -0.37367    201.31   0.0         0.0         3.353     5.001     14.304    23.982    3390089476.74295 inf      0.0        
 600         -0.39665    0.02299     -0.37367    177.82   0.14987     0.00042     3.353     5.001     14.304    23.982    2584990809.19438 145.99   4e-05      
 700         -0.39868    0.02501     -0.37367    193.48   0.34853     0.00083     3.353     5.001     14.304    23.982    2289798824.66573 99.86    6e-05      
 800         -0.39987    0.0262      -0.37367    202.67   0.51115     0.00106     3.353     5.001     14.304    23.982    2299302466.43133 84.39    7e-05      
 900         -0.40083    0.02716     -0.37367    210.13   0.69315     0.00128     3.353     5.001     14.304    23.982    2134178242.37906 73.79    8e-05      
 1000        -0.40365    0.02998     -0.37367    231.97   0.87947     0.00147     3.353     5.001     14.304    23.982    2067322221.14522 68.83    9e-05      
 1100        -0.40468    0.03101     -0.37367    239.88   1.08654     0.00165     3.353     5.001     14.304    23.982    1835113754.04283 62.97    0.0001     
 1200        -0.40725    0.03358     -0.37367    259.82   1.27446     0.00177     3.353     5.001     14.304    23.982    1793707667.82419 60.51    0.00011    
 1300        -0.40864    0.03497     -0.37367    270.53   1.51706     0.00194     3.353     5.001     14.304    23.982    1717048149.76989 56.6     0.00012    
 1400        -0.41087    0.0372      -0.37367    287.78   1.83519     0.00218     3.353     5.001     14.304    23.982    1666286316.01117 53.07    0.00014    
 1500        -0.41265    0.03898     -0.37367    301.54   2.20494     0.00245     3.353     5.001     14.304    23.982    1530611115.26307 49.56    0.00015    

Time averages:
             Epot        Ekin        Etot        Temp     MSD         Self_diff   Pressure    Spec_heat   DebyeT   Lindemann  
             eV/atom     eV/atom     eV/atom     K        Å^2         mm^2/s      Pa          J/(K*Kg)    K        1          
             -0.40438    0.03071     -0.37367    237.56   1.05004     0.00163     1991835956.67269 630.11636   75.56    0.0001     