Material ID: 0271
Unit cell composition: Mg375
Material:  Mg
Site positions of initial unit cell:
 Mg          Mg          Mg         
 0.00000     4.95089     17.32955   
 0.00000     1.03261     3.61442    
 0.00000     0.61347     2.14732    
Properties:
 Time        Epot        Ekin        Etot        Temp     MSD         Self_diff   LC_a      LC_b      LC_c      Volume      Pressure    DebyeT   Lindemann  
 fs          eV/atom     eV/atom     eV/atom     K        Å^2         mm^2/s      Å         Å         Å         Å^3/atom    Pa          K        1          
 500         -0.46295    0.02669     -0.43626    206.48   0.0         0.0         7.707     7.707     7.707     21.412    4501784592.863 inf      0.0        
 600         -0.45116    0.0149      -0.43626    115.27   0.13052     0.00036     7.707     7.707     7.707     21.412    3670434895.23541 125.95   4e-05      
 700         -0.45173    0.01547     -0.43626    119.67   0.22782     0.00054     7.707     7.707     7.707     21.412    3568995255.52017 97.14    5e-05      
 800         -0.45378    0.01751     -0.43626    135.5    0.26281     0.00055     7.707     7.707     7.707     21.412    3553826638.10671 96.23    5e-05      
 900         -0.45524    0.01898     -0.43626    146.84   0.31598     0.00059     7.707     7.707     7.707     21.412    3460629077.45272 91.37    6e-05      
 1000        -0.45687    0.02061     -0.43626    159.43   0.39752     0.00066     7.707     7.707     7.707     21.412    3221987960.46593 84.88    6e-05      
 1100        -0.45776    0.02149     -0.43626    166.28   0.50008     0.00076     7.707     7.707     7.707     21.412    2961648803.74508 77.28    7e-05      
 1200        -0.46064    0.02438     -0.43626    188.61   0.62021     0.00086     7.707     7.707     7.707     21.412    2766891609.72056 73.91    8e-05      
 1300        -0.46364    0.02737     -0.43626    211.76   0.77123     0.00099     7.707     7.707     7.707     21.412    2549392842.15682 70.23    9e-05      
 1400        -0.46448    0.02822     -0.43626    218.3    0.96568     0.00115     7.707     7.707     7.707     21.412    2323387872.00994 63.72    0.0001     
 1500        -0.46472    0.02845     -0.43626    220.13   1.19779     0.00133     7.707     7.707     7.707     21.412    2183613412.28895 57.46    0.00011    

Time averages:
             Epot        Ekin        Etot        Temp     MSD         Self_diff   Pressure    Spec_heat   DebyeT   Lindemann  
             eV/atom     eV/atom     eV/atom     K        Å^2         mm^2/s      Pa          J/(K*Kg)    K        1          
             -0.458      0.02174     -0.43626    168.18   0.53896     0.00083     3026080836.67023 570.78229   83.82    7e-05      