Material ID: 0269
Unit cell composition: Mg1250
Material:  Mg
Site positions of initial unit cell:
 Mg          Mg          Mg          Mg          Mg          Mg          Mg          Mg          Mg          Mg         
 1.77484     0.03195     0.03372     1.77797     0.05113     1.76048     1.75887     1.74315     0.06810     0.04804    
 0.04004     5.02873     5.00894     -0.00904    2.54023     2.45969     2.47775     4.96204     0.03742     2.59104    
 2.45524     4.84241     9.75349     12.13955    12.40837    9.48594     5.11741     7.29885     14.59433    2.18017    
Properties:
 Time        Epot        Ekin        Etot        Temp     MSD         Self_diff   LC_a      LC_b      LC_c      Volume      Pressure    DebyeT   Lindemann  
 fs          eV/atom     eV/atom     eV/atom     K        Å^2         mm^2/s      Å         Å         Å         Å^3/atom    Pa          K        1          
 500         -0.31568    0.02605     -0.28963    201.52   0.0         0.0         3.558     5.307     15.18     28.662    2683792066.02927 inf      0.0        
 600         -0.31858    0.02895     -0.28963    223.98   0.19666     0.00055     3.558     5.307     15.18     28.662    1907633405.08493 143.03   4e-05      
 700         -0.32682    0.03719     -0.28963    287.7    0.55603     0.00132     3.558     5.307     15.18     28.662    1394896462.6214 96.41    7e-05      
 800         -0.33056    0.04092     -0.28963    316.6    0.96117     0.002       3.558     5.307     15.18     28.662    1297718825.25596 76.92    0.0001     
 900         -0.33706    0.04743     -0.28963    366.9    1.51651     0.00281     3.558     5.307     15.18     28.662    1153805987.07272 65.92    0.00012    
 1000        -0.34593    0.05629     -0.28964    435.48   2.24272     0.00374     3.558     5.307     15.18     28.662    989552679.14629 59.06    0.00015    
 1100        -0.35315    0.06351     -0.28964    491.37   3.08098     0.00467     3.558     5.307     15.18     28.662    720343033.94109 53.52    0.00018    
 1200        -0.35813    0.06849     -0.28964    529.84   3.89498     0.00541     3.558     5.307     15.18     28.662    616685516.03891 49.43    0.0002     
 1300        -0.36101    0.07137     -0.28964    552.16   4.67733     0.006       3.558     5.307     15.18     28.662    589721439.12194 46.05    0.00022    
 1400        -0.361      0.07136     -0.28964    552.1    5.41537     0.00645     3.558     5.307     15.18     28.662    573995609.56697 42.79    0.00023    
 1500        -0.3624     0.07276     -0.28964    562.9    6.1535      0.00684     3.558     5.307     15.18     28.662    708488877.96767 40.54    0.00025    

Time averages:
             Epot        Ekin        Etot        Temp     MSD         Self_diff   Pressure    Spec_heat   DebyeT   Lindemann  
             eV/atom     eV/atom     eV/atom     K        Å^2         mm^2/s      Pa          J/(K*Kg)    K        1          
             -0.34546    0.05583     -0.28964    431.9    2.86953     0.00436     995284183.58179 1032.55013  67.37    0.00016    