Material ID: 0059
Unit cell composition: Fe3500
Material:  Fe
Site positions of initial unit cell:
 Fe          Fe          Fe          Fe          Fe          Fe          Fe          Fe          Fe          Fe          Fe          Fe          Fe          Fe          Fe          Fe          Fe          Fe          Fe          Fe          Fe          Fe          Fe          Fe          Fe          Fe          Fe          Fe         
 7.79841     0.81949     3.48946     5.12844     8.45336     0.16454     4.14441     4.47349     3.16068     5.45723     1.14827     7.46963     2.33318     6.28472     6.64213     1.97577     4.03816     4.57974     0.27079     8.34711     6.16514     2.45276     1.85619     6.76171     2.45276     6.16514     6.76171     1.85619    
 0.81949     7.79841     3.48946     5.12844     3.16068     5.45723     1.14827     7.46963     8.45336     0.16454     4.14441     4.47349     4.03816     4.57974     0.27079     8.34711     2.33318     6.28472     6.64213     1.97577     2.45276     6.16514     1.85619     6.76171     6.16514     2.45276     6.76171     1.85619    
 2.28724     2.28724     0.00000     0.00000     2.28724     2.28724     0.00000     0.00000     2.28724     2.28724     0.00000     0.00000     2.28724     2.28724     0.00000     0.00000     2.28724     2.28724     0.00000     0.00000     1.12356     1.12356     3.41080     3.41080     3.45091     3.45091     1.16367     1.16367    
Properties:
 Time        Epot        Ekin        Etot        Temp     MSD         Self_diff   LC_a      LC_b      LC_c      Volume      Pressure    DebyeT   Lindemann  
 fs          eV/atom     eV/atom     eV/atom     K        Å^2         mm^2/s      Å         Å         Å         Å^3/atom    Pa          K        1          
 500         -7.97291    0.02631     -7.9466     203.53   0.0         0.0         8.963     8.963     4.757     13.649    -20189229034.42023 inf      0.0        
 600         -8.32158    0.37338     -7.94821    2888.59  0.05635     0.00016     8.963     8.963     4.757     13.649    3899934675.4071 633.03   2e-05      
 700         -8.28859    0.34026     -7.94834    2632.34  0.12159     0.00029     8.963     8.963     4.757     13.649    5910259206.09748 411.4    3e-05      
 800         -8.29015    0.34189     -7.94826    2644.98  0.14627     0.0003      8.963     8.963     4.757     13.649    4258530374.84408 375.98   4e-05      
 900         -8.30285    0.3546      -7.94825    2743.34  0.22774     0.00042     8.963     8.963     4.757     13.649    6120530443.88358 306.88   5e-05      
 1000        -8.31401    0.36579     -7.94823    2829.85  0.35906     0.0006      8.963     8.963     4.757     13.649    8212002144.96981 248.22   6e-05      
 1100        -8.33697    0.38872     -7.94825    3007.29  0.52113     0.00079     8.963     8.963     4.757     13.649    10755495158.40586 212.4    7e-05      
 1200        -8.34968    0.40142     -7.94826    3105.51  0.69888     0.00097     8.963     8.963     4.757     13.649    12140951060.57629 186.38   8e-05      
 1300        -8.3543     0.40603     -7.94827    3141.18  0.84331     0.00108     8.963     8.963     4.757     13.649    13100388602.95688 170.64   9e-05      
 1400        -8.3631     0.41483     -7.94826    3209.3   0.95584     0.00114     8.963     8.963     4.757     13.649    13961934153.28781 162.01   0.0001     
 1500        -8.37163    0.42334     -7.94828    3275.12  1.05974     0.00118     8.963     8.963     4.757     13.649    14832581810.98186 155.44   0.0001     

Time averages:
             Epot        Ekin        Etot        Temp     MSD         Self_diff   Pressure    Spec_heat   DebyeT   Lindemann  
             eV/atom     eV/atom     eV/atom     K        Å^2         mm^2/s      Pa          J/(K*Kg)    K        1          
             -8.32929    0.38103     -7.94826    2947.75  0.49899     0.00075     9319260763.14108 249.70679   286.24   6e-05      