Material ID: 0305
Unit cell composition: Pd500
Material:  Pd
Site positions of initial unit cell:
 Pd          Pd          Pd          Pd         
 0.00000     -0.00000    0.00000     1.39885    
 0.00000     1.61525     0.00000     0.80762    
 0.00000     2.28701     4.57402     6.86103    
Properties:
 Time        Epot        Ekin        Etot        Temp     MSD         Self_diff   LC_a      LC_b      LC_c      Volume      Pressure    DebyeT   Lindemann  
 fs          eV/atom     eV/atom     eV/atom     K        Å^2         mm^2/s      Å         Å         Å         Å^3/atom    Pa          K        1          
 500         -10.48275   0.02541     -10.45734   196.6    0.0         0.0         2.686     2.686     8.782     13.716    -77428411117.74348 inf      0.0        
 600         -10.65419   0.19535     -10.45884   1511.3   0.03672     0.0001      2.686     2.686     8.782     13.716    -67488350020.42331 410.91   0.02018    
 700         -10.83739   0.37701     -10.46038   2916.66  0.02223     5e-05       2.686     2.686     8.782     13.716    -57471518505.99415 733.63   0.0157     
 800         -10.85466   0.395       -10.45966   3055.83  0.13242     0.00028     2.686     2.686     8.782     13.716    -54108377364.432 307.68   0.03832    
 900         -10.88322   0.42377     -10.45944   3278.46  0.79773     0.00148     2.686     2.686     8.782     13.716    -51374801343.45203 129.85   0.09406    
 1000        -10.80119   0.34195     -10.45924   2645.43  0.45136     0.00075     2.686     2.686     8.782     13.716    -58262268644.45878 155.06   0.07075    
 1100        -10.9313    0.47158     -10.45972   3648.34  0.65214     0.00099     2.686     2.686     8.782     13.716    -49372789693.61243 151.49   0.08504    
 1200        -10.91583   0.45648     -10.45935   3531.45  0.89973     0.00125     2.686     2.686     8.782     13.716    -50200802646.26836 126.89   0.09989    
 1300        -10.8738    0.41412     -10.45968   3203.78  1.5437      0.00198     2.686     2.686     8.782     13.716    -52421746717.70522 92.27    0.13084    
 1400        -10.99094   0.53133     -10.45961   4110.54  2.0608      0.00245     2.686     2.686     8.782     13.716    -45924417565.15276 90.46    0.15118    
 1500        -10.87175   0.4123      -10.45945   3189.7   2.42926     0.0027      2.686     2.686     8.782     13.716    -53388848089.96021 73.39    0.16414    
 1600        -10.83719   0.3778      -10.45939   2922.81  2.50211     0.00261     2.686     2.686     8.782     13.716    -54886091573.66736 69.23    0.16658    
 1700        -10.88969   0.4301      -10.45959   3327.38  2.55543     0.00251     2.686     2.686     8.782     13.716    -51730879664.89463 73.09    0.16835    
 1800        -10.91127   0.4518      -10.45947   3495.28  2.76998     0.00256     2.686     2.686     8.782     13.716    -50727918105.15378 71.95    0.17527    

Time averages:
             Epot        Ekin        Etot        Temp     MSD         Self_diff   Pressure    Spec_heat   DebyeT   Lindemann  
             eV/atom     eV/atom     eV/atom     K        Å^2         mm^2/s      Pa          J/(K*Kg)    K        1          
             -10.89062   0.43112     -10.45949   3335.32  1.66622     0.00198     -51829056404.43256 121.41603   103.37   0.13061    