Material ID: 0150
Unit cell composition: Pt125
Material:  Pt
Site positions of initial unit cell:
 Pt         
 0.00000    
 0.00000    
 0.00000    
Properties:
 Time        Epot        Ekin        Etot        Temp     MSD         Self_diff   LC_a      LC_b      LC_c      Volume      Pressure    DebyeT   Lindemann  
 fs          eV/atom     eV/atom     eV/atom     K        Å^2         mm^2/s      Å         Å         Å         Å^3/atom    Pa          K        1          
 500         -25.79115   0.02472     -25.76643   191.27   0.0         0.0         2.7       2.7       2.7       13.911    122455127352.03925 inf      0.0        
 600         -25.77817   0.01177     -25.7664    91.06    0.00047     0.0         2.7       2.7       2.7       13.911    121611124805.97476 656.44   0.00161    
 700         -25.78367   0.01725     -25.76641   133.49   0.00115     0.0         2.7       2.7       2.7       13.911    121966887946.04076 509.41   0.00251    
 800         -25.77949   0.01309     -25.7664    101.24   0.00249     1e-05       2.7       2.7       2.7       13.911    121690619869.26514 301.43   0.0037     
 900         -25.77869   0.01229     -25.7664    95.08    0.0043      1e-05       2.7       2.7       2.7       13.911    121647848104.91225 222.5    0.00486    
 1000        -25.78189   0.01548     -25.76641   119.77   0.00654     1e-05       2.7       2.7       2.7       13.911    121853431216.21455 202.37   0.00599    
 1100        -25.77879   0.01239     -25.7664    95.84    0.00936     1e-05       2.7       2.7       2.7       13.911    121641919644.52373 151.38   0.00717    
 1200        -25.77979   0.01338     -25.76641   103.51   0.01269     2e-05       2.7       2.7       2.7       13.911    121722481998.30846 135.1    0.00835    
 1300        -25.77916   0.01276     -25.7664    98.7     0.01652     2e-05       2.7       2.7       2.7       13.911    121687943438.71564 115.63   0.00952    
 1400        -25.78082   0.01441     -25.76641   111.49   0.02082     2e-05       2.7       2.7       2.7       13.911    121795458588.03725 109.46   0.01069    
 1500        -25.77594   0.00954     -25.7664    73.83    0.02576     3e-05       2.7       2.7       2.7       13.911    121487700716.70964 80.09    0.01189    

Time averages:
             Epot        Ekin        Etot        Temp     MSD         Self_diff   Pressure    Spec_heat   DebyeT   Lindemann  
             eV/atom     eV/atom     eV/atom     K        Å^2         mm^2/s      Pa          J/(K*Kg)    K        1          
             -25.77964   0.01324     -25.7664    102.4    0.01001     1e-05       121710541632.87021 64.92406    248.38   0.00663    