Material ID: 0256
Unit cell composition: Ni125
Material:  Ni
Site positions of initial unit cell:
 Ni         
 0.00000    
 0.00000    
 0.00000    
Properties:
 Time        Epot        Ekin        Etot        Temp     MSD         Self_diff   LC_a      LC_b      LC_c      Volume      Pressure    DebyeT   Lindemann  
 fs          eV/atom     eV/atom     eV/atom     K        Å^2         mm^2/s      Å         Å         Å         Å^3/atom    Pa          K        1          
 500         -17.24774   0.02804     -17.2197    216.9    0.0         0.0         2.429     2.429     2.429     10.139    45716293758.71119 inf      0.0        
 600         -17.23245   0.01284     -17.21961   99.3     0.0012      0.0         2.429     2.429     2.429     10.139    44429256358.398 784.57   0.00285    
 700         -17.23474   0.0151      -17.21964   116.84   0.00398     1e-05       2.429     2.429     2.429     10.139    44625702836.77056 467.36   0.00519    
 800         -17.23561   0.01597     -17.21965   123.52   0.00855     2e-05       2.429     2.429     2.429     10.139    44704061799.60066 327.85   0.00761    
 900         -17.2328    0.01317     -17.21963   101.9    0.01488     3e-05       2.429     2.429     2.429     10.139    44467449756.07992 225.66   0.01004    
 1000        -17.235     0.01536     -17.21965   118.81   0.02286     4e-05       2.429     2.429     2.429     10.139    44655133281.55703 196.63   0.01245    
 1100        -17.23424   0.01462     -17.21962   113.14   0.03263     5e-05       2.429     2.429     2.429     10.139    44571797204.73767 160.59   0.01487    
 1200        -17.23863   0.01898     -17.21965   146.87   0.04421     6e-05       2.429     2.429     2.429     10.139    44944461637.1149 157.2    0.01731    
 1300        -17.23317   0.01355     -17.21963   104.82   0.05786     7e-05       2.429     2.429     2.429     10.139    44490469238.67186 116.09   0.0198     
 1400        -17.23591   0.01626     -17.21965   125.83   0.07317     9e-05       2.429     2.429     2.429     10.139    44726682005.99082 113.1    0.02227    
 1500        -17.23695   0.0173      -17.21965   133.83   0.0903      0.0001      2.429     2.429     2.429     10.139    44806109342.68684 104.99   0.02474    

Time averages:
             Epot        Ekin        Etot        Temp     MSD         Self_diff   Pressure    Spec_heat   DebyeT   Lindemann  
             eV/atom     eV/atom     eV/atom     K        Å^2         mm^2/s      Pa          J/(K*Kg)    K        1          
             -17.23495   0.01532     -17.21964   118.49   0.03496     5e-05       44642112346.16084 214.50743   265.4    0.01371    