Material ID: 0240
Unit cell composition: Ni250
Material:  Ni
Site positions of initial unit cell:
 Ni          Ni         
 -0.00000    1.20834    
 1.39527     0.69764    
 5.74724     7.76811    
Properties:
 Time        Epot        Ekin        Etot        Temp     MSD         Self_diff   LC_a      LC_b      LC_c      Volume      Pressure    DebyeT   Lindemann  
 fs          eV/atom     eV/atom     eV/atom     K        Å^2         mm^2/s      Å         Å         Å         Å^3/atom    Pa          K        1          
 500         -10.60147   0.02547     -10.57601   197.01   0.0         0.0         2.32      2.32      12.975    30.24     -78195272348.26082 inf      0.0        
 600         -10.59449   0.01855     -10.57594   143.49   0.00689     2e-05       2.32      2.32      12.975    30.24     -70756407375.7812 393.67   0.00248    
 700         -10.75255   0.17658     -10.57597   1366.09  0.12837     0.00031     2.32      2.32      12.975    30.24     -52949817316.3436 281.35   0.01071    
 800         -10.78981   0.2137      -10.5761    1653.29  0.32418     0.00068     2.32      2.32      12.975    30.24     -35882280464.79118 194.77   0.01702    
 900         -10.87773   0.30147     -10.57625   2332.31  0.43938     0.00081     2.32      2.32      12.975    30.24     -20747752899.73537 198.71   0.01981    
 1000        -10.89568   0.31943     -10.57624   2471.25  0.53752     0.0009      2.32      2.32      12.975    30.24     -15799467868.34708 184.93   0.02191    
 1100        -10.95315   0.37685     -10.57631   2915.41  0.75036     0.00114     2.32      2.32      12.975    30.24     -1256282584.55647 170.0    0.02589    
 1200        -10.96725   0.39091     -10.57633   3024.23  0.75193     0.00104     2.32      2.32      12.975    30.24     881261293.5756 172.96   0.02592    
 1300        -10.94069   0.36447     -10.57622   2819.66  0.87884     0.00113     2.32      2.32      12.975    30.24     3102378096.40529 154.48   0.02802    
 1400        -10.95134   0.3751      -10.57623   2901.94  0.9172      0.00109     2.32      2.32      12.975    30.24     3733156973.88693 153.41   0.02862    
 1500        -10.97696   0.40053     -10.57643   3098.68  0.95781     0.00106     2.32      2.32      12.975    30.24     4180208904.20979 155.13   0.02925    

Time averages:
             Epot        Ekin        Etot        Temp     MSD         Self_diff   Pressure    Spec_heat   DebyeT   Lindemann  
             eV/atom     eV/atom     eV/atom     K        Å^2         mm^2/s      Pa          J/(K*Kg)    K        1          
             -10.86997   0.29376     -10.5762    2272.63  0.56925     0.00091     -18549500324.14773 268.99668   205.94   0.02096    