Material ID: 0212
Unit cell composition: Co125
Material:  Co
Site positions of initial unit cell:
 Co         
 0.00000    
 0.00000    
 0.00000    
Properties:
 Time        Epot        Ekin        Etot        Temp     MSD         Self_diff   LC_a      LC_b      LC_c      Volume      Pressure    DebyeT   Lindemann  
 fs          eV/atom     eV/atom     eV/atom     K        Å^2         mm^2/s      Å         Å         Å         Å^3/atom    Pa          K        1          
 500         -10.54738   0.0283      -10.51908   218.92   0.0         0.0         2.49      2.49      2.49      10.913    52516281925.08453 inf      0.0        
 600         -10.53294   0.01391     -10.51904   107.6    0.0008      0.0         2.49      2.49      2.49      10.913    50747339785.36346 996.4    0.00228    
 700         -10.52918   0.01015     -10.51903   78.53    0.00159     0.0         2.49      2.49      2.49      10.913    50414158852.29216 604.86   0.0032     
 800         -10.53218   0.01314     -10.51904   101.66   0.0023      0.0         2.49      2.49      2.49      10.913    50703888237.11261 571.74   0.00386    
 900         -10.53222   0.01318     -10.51904   101.99   0.00372     1e-05       2.49      2.49      2.49      10.913    50719544721.40636 450.64   0.0049     
 1000        -10.53614   0.01709     -10.51905   132.23   0.00543     1e-05       2.49      2.49      2.49      10.913    51020577107.2278 424.55   0.00592    
 1100        -10.53394   0.01489     -10.51904   115.23   0.00744     1e-05       2.49      2.49      2.49      10.913    50825219109.17639 338.67   0.00693    
 1200        -10.5311    0.01207     -10.51903   93.36    0.00998     1e-05       2.49      2.49      2.49      10.913    50584111710.73732 263.21   0.00803    
 1300        -10.53181   0.01277     -10.51904   98.8     0.01305     2e-05       2.49      2.49      2.49      10.913    50660392071.20869 236.82   0.00918    
 1400        -10.53716   0.01811     -10.51906   140.07   0.01608     2e-05       2.49      2.49      2.49      10.913    51128980716.26433 254.02   0.01019    
 1500        -10.53138   0.01235     -10.51903   95.52    0.0198      2e-05       2.49      2.49      2.49      10.913    50633291981.34309 189.02   0.0113     

Time averages:
             Epot        Ekin        Etot        Temp     MSD         Self_diff   Pressure    Spec_heat   DebyeT   Lindemann  
             eV/atom     eV/atom     eV/atom     K        Å^2         mm^2/s      Pa          J/(K*Kg)    K        1          
             -10.5328    0.01377     -10.51904   106.5    0.00802     1e-05       50743750429.21321 215.48087   432.99   0.00658    