Material ID: 0210
Unit cell composition: Co125
Material:  Co
Site positions of initial unit cell:
 Co         
 0.00000    
 0.00000    
 0.00000    
Properties:
 Time        Epot        Ekin        Etot        Temp     MSD         Self_diff   LC_a      LC_b      LC_c      Volume      Pressure    DebyeT   Lindemann  
 fs          eV/atom     eV/atom     eV/atom     K        Å^2         mm^2/s      Å         Å         Å         Å^3/atom    Pa          K        1          
 500         -10.35375   0.02704     -10.32671   209.19   0.0         0.0         2.39      2.39      2.39      9.655     -134990974408.14178 inf      0.0        
 600         -10.33845   0.01184     -10.32661   91.62    0.00066     0.0         2.39      2.39      2.39      9.655     -136261366806.12256 1012.13  0.00215    
 700         -10.34168   0.01505     -10.32662   116.46   0.00189     0.0         2.39      2.39      2.39      9.655     -136003321580.25662 676.52   0.00363    
 800         -10.33809   0.0115      -10.32659   88.97    0.00404     1e-05       2.39      2.39      2.39      9.655     -136307342085.95076 404.11   0.00532    
 900         -10.34128   0.01464     -10.32664   113.29   0.00698     1e-05       2.39      2.39      2.39      9.655     -136025479090.66441 346.72   0.00699    
 1000        -10.34605   0.01938     -10.32667   149.91   0.01067     2e-05       2.39      2.39      2.39      9.655     -135628121187.46481 322.59   0.00864    
 1100        -10.33967   0.01305     -10.32662   100.96   0.01537     2e-05       2.39      2.39      2.39      9.655     -136161840151.3735 220.57   0.01037    
 1200        -10.33966   0.01305     -10.32662   100.94   0.0208      3e-05       2.39      2.39      2.39      9.655     -136166657438.03284 189.62   0.01207    
 1300        -10.33981   0.0132      -10.3266    102.15   0.02707     3e-05       2.39      2.39      2.39      9.655     -136170539040.82794 167.2    0.01377    
 1400        -10.34113   0.01449     -10.32664   112.09   0.03426     4e-05       2.39      2.39      2.39      9.655     -136039600572.18188 155.69   0.01549    
 1500        -10.34101   0.01437     -10.32664   111.18   0.04225     5e-05       2.39      2.39      2.39      9.655     -136050846268.28162 139.62   0.0172     

Time averages:
             Epot        Ekin        Etot        Temp     MSD         Self_diff   Pressure    Spec_heat   DebyeT   Lindemann  
             eV/atom     eV/atom     eV/atom     K        Å^2         mm^2/s      Pa          J/(K*Kg)    K        1          
             -10.34068   0.01406     -10.32662   108.76   0.0164      2e-05       -136081511422.11572 214.82215   363.48   0.00956    