Material ID: 0264
Unit cell composition: Mg500
Material:  Mg
Site positions of initial unit cell:
 Mg          Mg          Mg          Mg         
 0.00000     -0.00000    0.00000     1.60186    
 0.00000     1.84967     0.00000     0.92483    
 0.00000     2.58032     5.16064     7.74097    
Properties:
 Time        Epot        Ekin        Etot        Temp     MSD         Self_diff   LC_a      LC_b      LC_c      Volume      Pressure    DebyeT   Lindemann  
 fs          eV/atom     eV/atom     eV/atom     K        Å^2         mm^2/s      Å         Å         Å         Å^3/atom    Pa          K        1          
 500         -0.35079    0.02555     -0.32524    197.68   0.0         0.0         3.332     3.332     10.734    25.8      3532682254.80897 inf      0.0        
 600         -0.34987    0.02463     -0.32524    190.58   0.1998      0.00056     3.332     3.332     10.734    25.8      2439627437.17137 130.89   0.03795    
 700         -0.35779    0.03254     -0.32524    251.78   0.5279      0.00126     3.332     3.332     10.734    25.8      1782079445.89657 92.56    0.06168    
 800         -0.36432    0.03908     -0.32524    302.36   0.86513     0.0018      3.332     3.332     10.734    25.8      1554232587.64582 79.23    0.07896    
 900         -0.36762    0.04238     -0.32524    327.83   1.26724     0.00235     3.332     3.332     10.734    25.8      1350315590.38537 68.17    0.09556    
 1000        -0.37234    0.0471      -0.32524    364.39   1.76462     0.00294     3.332     3.332     10.734    25.8      1366730861.70202 60.9     0.11277    
 1100        -0.37366    0.04842     -0.32524    374.6    2.29739     0.00348     3.332     3.332     10.734    25.8      1218805674.70756 54.12    0.12867    
 1200        -0.37747    0.05223     -0.32524    404.07   2.81706     0.00391     3.332     3.332     10.734    25.8      1240788619.84492 50.76    0.14248    
 1300        -0.37917    0.05393     -0.32524    417.23   3.43482     0.0044      3.332     3.332     10.734    25.8      1186000258.64216 46.71    0.15733    
 1400        -0.38144    0.0562      -0.32524    434.8    4.12046     0.00491     3.332     3.332     10.734    25.8      1042368158.5373 43.54    0.17232    
 1500        -0.38851    0.06327     -0.32524    489.47   5.04829     0.00561     3.332     3.332     10.734    25.8      1043331608.29495 41.73    0.19073    

Time averages:
             Epot        Ekin        Etot        Temp     MSD         Self_diff   Pressure    Spec_heat   DebyeT   Lindemann  
             eV/atom     eV/atom     eV/atom     K        Å^2         mm^2/s      Pa          J/(K*Kg)    K        1          
             -0.37122    0.04598     -0.32524    355.71   2.23427     0.00341     1422428024.2828 605.52034   66.86    0.11785    