Material ID: 0174
Unit cell composition: Ti125
Material:  Ti
Site positions of initial unit cell:
 Ti         
 0.00000    
 0.00000    
 0.00000    
Properties:
 Time        Epot        Ekin        Etot        Temp     MSD         Self_diff   LC_a      LC_b      LC_c      Volume      Pressure    DebyeT   Lindemann  
 fs          eV/atom     eV/atom     eV/atom     K        Å^2         mm^2/s      Å         Å         Å         Å^3/atom    Pa          K        1          
 500         -9.45366    0.02427     -9.42939    187.72   0.0         0.0         3.022     3.022     3.022     19.511    -75602233118.73433 inf      0.0        
 600         -9.44229    0.01294     -9.42935    100.11   0.00068     0.0         3.022     3.022     3.022     19.511    -76063496212.89082 1157.52  0.00173    
 700         -9.44095    0.0116      -9.42934    89.74    0.00107     0.0         3.022     3.022     3.022     19.511    -76114363726.819 875.98   0.00216    
 800         -9.43961    0.01027     -9.42933    79.48    0.00171     0.0         3.022     3.022     3.022     19.511    -76173517128.30699 651.0    0.00274    
 900         -9.43983    0.0105      -9.42933    81.25    0.00281     1e-05       3.022     3.022     3.022     19.511    -76166872142.30925 513.11   0.00351    
 1000        -9.44446    0.01511     -9.42935    116.88   0.00384     1e-05       3.022     3.022     3.022     19.511    -75978200718.16815 526.93   0.0041     
 1100        -9.4411     0.01176     -9.42933    91.01    0.00556     1e-05       3.022     3.022     3.022     19.511    -76116601518.1349 386.43   0.00493    
 1200        -9.44099    0.01166     -9.42933    90.2     0.00745     1e-05       3.022     3.022     3.022     19.511    -76118567578.04718 332.3    0.00571    
 1300        -9.44106    0.01173     -9.42933    90.74    0.00939     1e-05       3.022     3.022     3.022     19.511    -76119816235.39944 296.93   0.00641    
 1400        -9.43714    0.00782     -9.42932    60.5     0.0121      1e-05       3.022     3.022     3.022     19.511    -76274104258.28511 213.55   0.00728    
 1500        -9.4397     0.01037     -9.42934    80.2     0.01471     2e-05       3.022     3.022     3.022     19.511    -76168805198.07649 222.98   0.00803    

Time averages:
             Epot        Ekin        Etot        Temp     MSD         Self_diff   Pressure    Spec_heat   DebyeT   Lindemann  
             eV/atom     eV/atom     eV/atom     K        Å^2         mm^2/s      Pa          J/(K*Kg)    K        1          
             -9.44071    0.01138     -9.42933    88.01    0.00593     1e-05       -76129434471.64375 264.97393   517.67   0.00466    