Material ID: 0152
Unit cell composition: Pt125
Material:  Pt
Site positions of initial unit cell:
 Pt         
 0.00000    
 0.00000    
 0.00000    
Properties:
 Time        Epot        Ekin        Etot        Temp     MSD         Self_diff   LC_a      LC_b      LC_c      Volume      Pressure    DebyeT   Lindemann  
 fs          eV/atom     eV/atom     eV/atom     K        Å^2         mm^2/s      Å         Å         Å         Å^3/atom    Pa          K        1          
 500         -23.65313   0.02372     -23.6294    183.51   0.0         0.0         2.812     2.812     2.812     15.723    228629917481.9072 inf      0.0        
 600         -23.64188   0.01249     -23.6294    96.6     0.0007      0.0         2.812     2.812     2.812     15.723    227884016408.3889 555.63   0.00188    
 700         -23.64054   0.01115     -23.62939   86.24    0.00117     0.0         2.812     2.812     2.812     15.723    227757028641.81192 405.35   0.00244    
 800         -23.64503   0.01563     -23.6294    120.96   0.00155     0.0         2.812     2.812     2.812     15.723    228058185187.27048 418.51   0.0028     
 900         -23.64273   0.01333     -23.6294    103.12   0.00264     0.0         2.812     2.812     2.812     15.723    227945254581.3444 295.45   0.00366    
 1000        -23.64169   0.01229     -23.6294    95.09    0.004       1e-05       2.812     2.812     2.812     15.723    227855081383.1544 230.75   0.0045     
 1100        -23.64179   0.0124      -23.6294    95.92    0.00536     1e-05       2.812     2.812     2.812     15.723    227841153402.8805 200.15   0.00521    
 1200        -23.64076   0.01136     -23.62939   87.92    0.00707     1e-05       2.812     2.812     2.812     15.723    227777801488.49915 166.82   0.00598    
 1300        -23.63858   0.00918     -23.62939   71.03    0.0093      1e-05       2.812     2.812     2.812     15.723    227634509857.53317 130.71   0.00686    
 1400        -23.63953   0.01013     -23.62939   78.38    0.01163     1e-05       2.812     2.812     2.812     15.723    227709059242.33612 122.83   0.00767    
 1500        -23.64006   0.01067     -23.6294    82.53    0.01406     2e-05       2.812     2.812     2.812     15.723    227748872260.8753 114.61   0.00843    

Time averages:
             Epot        Ekin        Etot        Temp     MSD         Self_diff   Pressure    Spec_heat   DebyeT   Lindemann  
             eV/atom     eV/atom     eV/atom     K        Å^2         mm^2/s      Pa          J/(K*Kg)    K        1          
             -23.64126   0.01186     -23.6294    91.78    0.00575     1e-05       227821096245.40942 64.83953    264.08   0.00494    