Material ID: 0107
Unit cell composition: Cu500
Material:  Cu
Site positions of initial unit cell:
 Cu          Cu          Cu          Cu         
 0.00000     -0.00000    0.00000     1.27882    
 0.00000     1.47665     0.00000     0.73832    
 0.00000     2.08577     4.17154     6.25731    
Properties:
 Time        Epot        Ekin        Etot        Temp     MSD         Self_diff   LC_a      LC_b      LC_c      Volume      Pressure    DebyeT   Lindemann  
 fs          eV/atom     eV/atom     eV/atom     K        Å^2         mm^2/s      Å         Å         Å         Å^3/atom    Pa          K        1          
 500         -17.01242   0.02774     -16.98468   214.63   0.0         0.0         2.558     2.558     8.343     11.816    -25015389565.34595 inf      0.0        
 600         -16.99874   0.01414     -16.9846    109.42   0.00062     0.0         2.558     2.558     8.343     11.816    -25986154488.96295 1101.4   0.00275    
 700         -16.99772   0.01313     -16.9846    101.57   0.00117     0.0         2.558     2.558     8.343     11.816    -26053061848.5519 771.56   0.00379    
 800         -16.99922   0.01461     -16.98461   113.04   0.00238     0.0         2.558     2.558     8.343     11.816    -25947217101.77478 571.4    0.00539    
 900         -16.99828   0.01368     -16.9846    105.82   0.00374     1e-05       2.558     2.558     8.343     11.816    -26012775026.36739 441.13   0.00676    
 1000        -16.99989   0.01528     -16.98461   118.2    0.00577     1e-05       2.558     2.558     8.343     11.816    -25895570918.54262 375.1    0.0084     
 1100        -16.9983    0.0137      -16.9846    105.98   0.00801     1e-05       2.558     2.558     8.343     11.816    -26009160689.60269 301.5    0.0099     
 1200        -16.99863   0.01403     -16.9846    108.52   0.01094     2e-05       2.558     2.558     8.343     11.816    -25982851661.37202 261.07   0.01157    
 1300        -16.99746   0.01286     -16.9846    99.5     0.01404     2e-05       2.558     2.558     8.343     11.816    -26074084941.85115 220.65   0.0131     
 1400        -16.99799   0.01339     -16.9846    103.59   0.01777     2e-05       2.558     2.558     8.343     11.816    -26030186692.52708 200.11   0.01474    
 1500        -16.99703   0.01244     -16.98459   96.23    0.02172     2e-05       2.558     2.558     8.343     11.816    -26101257876.01756 174.48   0.0163     

Time averages:
             Epot        Ekin        Etot        Temp     MSD         Self_diff   Pressure    Spec_heat   DebyeT   Lindemann  
             eV/atom     eV/atom     eV/atom     K        Å^2         mm^2/s      Pa          J/(K*Kg)    K        1          
             -16.99833   0.01373     -16.9846    106.19   0.00862     1e-05       -26009232124.55701 198.03871   441.84   0.00927    