Material ID: 0058
Unit cell composition: Fe3500
Material:  Fe
Site positions of initial unit cell:
 Fe          Fe          Fe          Fe          Fe          Fe          Fe          Fe          Fe          Fe          Fe          Fe          Fe          Fe          Fe          Fe          Fe          Fe          Fe          Fe          Fe          Fe          Fe          Fe          Fe          Fe          Fe          Fe         
 7.79841     0.81949     3.48946     5.12844     8.45336     0.16454     4.14441     4.47349     3.16068     5.45723     1.14827     7.46963     2.33318     6.28472     6.64213     1.97577     4.03816     4.57974     0.27079     8.34711     6.16514     2.45276     1.85619     6.76171     2.45276     6.16514     6.76171     1.85619    
 0.81949     7.79841     3.48946     5.12844     3.16068     5.45723     1.14827     7.46963     8.45336     0.16454     4.14441     4.47349     4.03816     4.57974     0.27079     8.34711     2.33318     6.28472     6.64213     1.97577     2.45276     6.16514     1.85619     6.76171     6.16514     2.45276     6.76171     1.85619    
 2.28724     2.28724     0.00000     0.00000     2.28724     2.28724     0.00000     0.00000     2.28724     2.28724     0.00000     0.00000     2.28724     2.28724     0.00000     0.00000     2.28724     2.28724     0.00000     0.00000     1.12356     1.12356     3.41080     3.41080     3.45091     3.45091     1.16367     1.16367    
Properties:
 Time        Epot        Ekin        Etot        Temp     MSD         Self_diff   LC_a      LC_b      LC_c      Volume      Pressure    DebyeT   Lindemann  
 fs          eV/atom     eV/atom     eV/atom     K        Å^2         mm^2/s      Å         Å         Å         Å^3/atom    Pa          K        1          
 500         -8.32962    0.0253      -8.30432    195.71   0.0         0.0         8.79      8.79      4.666     12.876    -41347233958.73036 inf      0.0        
 600         -8.45669    0.15105     -8.30564    1168.57  0.03352     9e-05       8.79      8.79      4.666     12.876    -32995443305.05124 522.05   2e-05      
 700         -8.50647    0.20101     -8.30546    1555.09  0.0885      0.00021     8.79      8.79      4.666     12.876    -30060159604.55326 370.63   3e-05      
 800         -8.49298    0.18764     -8.30533    1451.67  0.13416     0.00028     8.79      8.79      4.666     12.876    -30948009701.29584 290.84   4e-05      
 900         -8.49893    0.19366     -8.30527    1498.23  0.23799     0.00044     8.79      8.79      4.666     12.876    -29738660078.55516 221.84   5e-05      
 1000        -8.53183    0.22658     -8.30525    1752.93  0.4023      0.00067     8.79      8.79      4.666     12.876    -25409224338.34062 184.56   6e-05      
 1100        -8.56814    0.26286     -8.30528    2033.58  0.62656     0.00095     8.79      8.79      4.666     12.876    -21414047752.86199 159.29   8e-05      
 1200        -8.58475    0.27945     -8.30531    2161.9   0.80599     0.00112     8.79      8.79      4.666     12.876    -19436492508.27746 144.81   9e-05      
 1300        -8.59837    0.29305     -8.30532    2267.12  0.92699     0.00119     8.79      8.79      4.666     12.876    -18168128553.59518 138.27   0.0001     
 1400        -8.60771    0.30238     -8.30533    2339.32  1.00718     0.0012      8.79      8.79      4.666     12.876    -17269988083.11362 134.75   0.0001     
 1500        -8.61824    0.31287     -8.30537    2420.47  1.0836      0.0012      8.79      8.79      4.666     12.876    -16543266789.88576 132.15   0.0001     

Time averages:
             Epot        Ekin        Etot        Temp     MSD         Self_diff   Pressure    Spec_heat   DebyeT   Lindemann  
             eV/atom     eV/atom     eV/atom     K        Å^2         mm^2/s      Pa          J/(K*Kg)    K        1          
             -8.54641    0.24105     -8.30536    1864.89  0.53468     0.00081     -24198342071.55302 2731.36889  229.92   7e-05      