Material ID: 0133
Unit cell composition: Zn12500
Material:  Zn
Site positions of initial unit cell:
 Zn          Zn          Zn          Zn          Zn          Zn          Zn          Zn          Zn          Zn          Zn          Zn          Zn          Zn          Zn          Zn          Zn          Zn          Zn          Zn          Zn          Zn          Zn          Zn          Zn          Zn          Zn          Zn          Zn          Zn          Zn          Zn          Zn          Zn          Zn          Zn          Zn          Zn          Zn          Zn          Zn          Zn          Zn          Zn          Zn          Zn          Zn          Zn          Zn          Zn          Zn          Zn          Zn          Zn          Zn          Zn          Zn          Zn          Zn          Zn          Zn          Zn          Zn          Zn          Zn          Zn          Zn          Zn          Zn          Zn          Zn          Zn          Zn          Zn          Zn          Zn          Zn          Zn          Zn          Zn          Zn          Zn          Zn          Zn          Zn          Zn          Zn          Zn          Zn          Zn          Zn          Zn          Zn          Zn          Zn          Zn          Zn          Zn          Zn          Zn         
 10.42644    3.91838     12.17400    3.91266     1.58121     5.81498     8.28547     3.02849     4.32280     7.30506     8.54941     8.15563     4.93132     1.71459     7.64346     7.73239     0.76351     5.64386     2.30150     9.15120     9.99275     7.42955     5.61097     2.16243     2.02953     10.54428    10.80087    5.07639     1.11531     1.48277     6.80856     8.40390     11.67088    3.36487     10.69833    1.10020     8.51827     7.11615     10.08932    9.56800     11.30448    4.56208     6.05684     10.76780    3.24684     11.62636    11.68588    2.73190     5.38068     3.76629     1.81118     11.12100    6.26865     5.52974     7.87707     6.42878     4.27358     3.89849     1.10145     12.38159    1.23993     11.47666    3.62056     1.29199     4.10116     5.25062     5.70842     6.25477     9.54273     9.83308     9.53588     7.91286     7.10078     5.97934     11.03744    9.00783     3.04050     9.46279     10.34906    4.45259     5.88458     2.09008     0.79713     4.52982     11.68960    10.31781    10.36857    3.30375     7.83543     12.41159    6.88069     6.61644     6.75014     11.28360    9.08916     8.51353     3.64817     1.99783     1.97461     2.42488    
 8.66601     2.19051     4.07042     6.41697     2.34869     10.81128    10.92363    2.36196     4.69282     9.57776     2.82301     3.62303     8.10400     2.38227     2.23031     8.78911     3.76861     0.66998     0.15689     7.64755     3.19333     6.92910     4.32660     10.52178    9.20730     5.62068     3.14873     8.26810     6.40596     5.02546     6.35527     1.66505     1.08704     9.86605     5.76101     4.71848     7.25500     4.08729     7.91861     3.38643     4.51752     10.12960    3.73428     10.39919    9.11982     0.57866     6.70532     4.84711     3.49114     7.30498     7.56486     8.08213     8.95708     0.28480     5.17844     7.27406     2.55100     9.83147     1.30324     9.61744     7.20066     10.46248    3.47862     9.24653     5.90060     4.94947     10.86886    1.63712     0.99454     10.05531    8.85576     4.70905     11.61305    8.12332     3.61887     9.83209     0.96581     5.31322     5.99141     1.66374     6.23373     11.61884    6.85308     11.47136    10.71664    1.29161     12.04261    5.02252     6.25875     9.89602     2.65237     9.64098     0.85493     1.62142     11.46529    0.53919     7.71198     3.31770     11.70449    6.81451    
 6.66231     1.38326     4.71763     2.25561     7.43058     7.17553     1.91957     10.02752    0.34612     4.08586     7.29597     2.65945     11.58941    3.21738     10.08592    6.75652     9.44488     0.05998     1.89472     4.63611     9.57452     0.23121     2.51549     10.04014    5.37330     8.86501     2.34835     6.88072     9.75715     7.04449     7.47440     0.94283     8.92331     7.85770     3.37604     1.95074     9.38718     0.21268     2.11362     4.82706     11.55273    4.85986     7.44985     1.26686     2.77623     1.79550     0.21207     4.16977     10.19736    4.74631     7.42728     9.22136     9.28691     4.83345     5.35043     4.81115     4.01746     0.33604     11.26449    3.19397     2.54355     10.31450    6.44298     0.72229     7.30428     5.03633     2.36159     2.53050     3.25474     3.84143     11.30468    9.19724     9.45006     2.24180     7.14647     8.74849     5.66335     0.82941     6.21906     8.08773     10.00004    4.11670     5.10526     9.72310     5.49864     11.20233    8.16322     9.60749     2.75329     7.90687     4.96347     0.00591     7.19487     5.40084     11.00905    5.49949     9.34401     0.07750     6.75816     0.05379    
Properties:
 Time        Epot        Ekin        Etot        Temp     MSD         Self_diff   LC_a      LC_b      LC_c      Volume      Pressure    DebyeT   Lindemann  
 fs          eV/atom     eV/atom     eV/atom     K        Å^2         mm^2/s      Å         Å         Å         Å^3/atom    Pa          K        1          
 500         -0.83282    0.02574     -0.80708    199.14   0.0         0.0         12.102    11.982    11.95     17.227    11558198050.61442 inf      0.0        
 600         -0.83909    0.032       -0.80708    247.57   0.07443     0.00021     12.102    11.982    11.95     17.227    9803929712.29085 149.03   3e-05      
 700         -0.86239    0.0553      -0.80709    427.83   0.25756     0.00061     12.102    11.982    11.95     17.227    7564139561.62488 105.32   5e-05      
 800         -0.88324    0.07615     -0.80709    589.15   0.52562     0.0011      12.102    11.982    11.95     17.227    5897248206.26892 86.51    7e-05      
 900         -0.90119    0.0941      -0.80709    727.96   0.85854     0.00159     12.102    11.982    11.95     17.227    4754518922.60774 75.25    9e-05      
 1000        -0.91162    0.10452     -0.80709    808.64   1.22086     0.00203     12.102    11.982    11.95     17.227    4283635960.40362 66.5     0.00011    
 1100        -0.92091    0.11381     -0.80709    880.5    1.6075      0.00244     12.102    11.982    11.95     17.227    4154936372.6544 60.48    0.00013    
 1200        -0.92649    0.1194      -0.80709    923.68   2.02719     0.00282     12.102    11.982    11.95     17.227    3898522247.07714 55.16    0.00014    
 1300        -0.93234    0.12525     -0.80709    968.97   2.45914     0.00315     12.102    11.982    11.95     17.227    3722166417.96279 51.29    0.00016    
 1400        -0.9361     0.12901     -0.80709    998.03   2.90017     0.00345     12.102    11.982    11.95     17.227    3624792105.17357 47.94    0.00017    
 1500        -0.9396     0.1325      -0.8071     1025.1   3.35336     0.00373     12.102    11.982    11.95     17.227    3569350664.75862 45.18    0.00018    

Time averages:
             Epot        Ekin        Etot        Temp     MSD         Self_diff   Pressure    Spec_heat   DebyeT   Lindemann  
             eV/atom     eV/atom     eV/atom     K        Å^2         mm^2/s      Pa          J/(K*Kg)    K        1          
             -0.9053     0.0982      -0.80709    759.74   1.52844     0.00232     5127324017.08225 -31.11311   74.27    0.00011    