Material ID: 0219
Unit cell composition: Co250
Material:  Co
Site positions of initial unit cell:
 Co          Co         
 -0.00000    1.25039    
 1.44383     0.72191    
 1.00833     3.02500    
Properties:
 Time        Epot        Ekin        Etot        Temp     MSD         Self_diff   LC_a      LC_b      LC_c      Volume      Pressure    DebyeT   Lindemann  
 fs          eV/atom     eV/atom     eV/atom     K        Å^2         mm^2/s      Å         Å         Å         Å^3/atom    Pa          K        1          
 500         -9.71517    0.02643     -9.68874    204.47   0.0         0.0         2.601     2.601     4.195     12.286    107767310750.79526 inf      0.0        
 600         -9.7581     0.06923     -9.68888    535.56   0.00395     1e-05       2.601     2.601     4.195     12.286    111755913773.44897 1002.0   0.00451    
 700         -9.72224    0.03347     -9.68878    258.93   0.00847     2e-05       2.601     2.601     4.195     12.286    108443276618.62627 475.89   0.0066     
 800         -9.73427    0.04545     -9.68882    351.62   0.00552     1e-05       2.601     2.601     4.195     12.286    109618652242.03947 686.95   0.00533    
 900         -9.7432     0.05436     -9.68884    420.58   0.00696     1e-05       2.601     2.601     4.195     12.286    110516479334.83401 668.9    0.00598    
 1000        -9.72343    0.03466     -9.68877    268.11   0.01117     2e-05       2.601     2.601     4.195     12.286    108619372226.09476 421.62   0.00758    
 1100        -9.74604    0.0572      -9.68884    442.51   0.00866     1e-05       2.601     2.601     4.195     12.286    110823397448.4058 615.17   0.00667    
 1200        -9.72817    0.03939     -9.68879    304.73   0.00906     1e-05       2.601     2.601     4.195     12.286    109330310948.25417 499.11   0.00683    
 1300        -9.73485    0.04605     -9.6888     356.26   0.01197     2e-05       2.601     2.601     4.195     12.286    109902569052.70393 469.59   0.00784    
 1400        -9.73617    0.04736     -9.6888     366.43   0.01587     2e-05       2.601     2.601     4.195     12.286    109982791169.68196 413.6    0.00903    
 1500        -9.73284    0.04403     -9.68881    340.64   0.01903     2e-05       2.601     2.601     4.195     12.286    109703051748.67628 364.11   0.00989    

Time averages:
             Epot        Ekin        Etot        Temp     MSD         Self_diff   Pressure    Spec_heat   DebyeT   Lindemann  
             eV/atom     eV/atom     eV/atom     K        Å^2         mm^2/s      Pa          J/(K*Kg)    K        1          
             -9.73593    0.04712     -9.68881    364.54   0.01007     2e-05       109869581456.27657 225.97831   561.69   0.00703    