Material ID: 0123
Unit cell composition: Zn250
Material:  Zn
Site positions of initial unit cell:
 Zn          Zn         
 -0.00000    1.31337    
 1.51654     0.75827    
 1.30181     3.90543    
Properties:
 Time        Epot        Ekin        Etot        Temp     MSD         Self_diff   LC_a      LC_b      LC_c      Volume      Pressure    DebyeT   Lindemann  
 fs          eV/atom     eV/atom     eV/atom     K        Å^2         mm^2/s      Å         Å         Å         Å^3/atom    Pa          K        1          
 500         -0.87175    0.0267      -0.84504    206.6    0.0         0.0         2.679     2.679     5.311     16.51     12829037463.03591 inf      0.0        
 600         -0.87806    0.03301     -0.84504    255.4    0.07614     0.00021     2.679     2.679     5.311     16.51     11214427874.51257 149.66   0.01692    
 700         -0.90055    0.05551     -0.84504    429.41   0.24307     0.00058     2.679     2.679     5.311     16.51     8344676228.89962 108.61   0.03023    
 800         -0.92174    0.0767      -0.84505    593.34   0.41311     0.00086     2.679     2.679     5.311     16.51     7858967535.36297 97.93    0.03941    
 900         -0.96258    0.11753     -0.84505    909.26   0.7132      0.00132     2.679     2.679     5.311     16.51     6456527528.66376 92.27    0.05178    
 1000        -0.97059    0.12554     -0.84505    971.21   1.10403     0.00184     2.679     2.679     5.311     16.51     4055315627.31401 76.64    0.06442    
 1100        -0.99655    0.1515      -0.84505    1172.07  1.43117     0.00217     2.679     2.679     5.311     16.51     4794380734.62627 73.95    0.07334    
 1200        -0.99864    0.15359     -0.84506    1188.19  1.94809     0.00271     2.679     2.679     5.311     16.51     3865644411.81167 63.82    0.08557    
 1300        -1.02506    0.17999     -0.84506    1392.49  2.69191     0.00345     2.679     2.679     5.311     16.51     3372878053.0204 58.77    0.10059    
 1400        -1.03491    0.18985     -0.84506    1468.74  3.53168     0.0042      2.679     2.679     5.311     16.51     2658290094.94717 52.7     0.11522    
 1500        -1.04333    0.19828     -0.84506    1533.93  4.5616      0.00507     2.679     2.679     5.311     16.51     1149836101.93511 47.39    0.13094    

Time averages:
             Epot        Ekin        Etot        Temp     MSD         Self_diff   Pressure    Spec_heat   DebyeT   Lindemann  
             eV/atom     eV/atom     eV/atom     K        Å^2         mm^2/s      Pa          J/(K*Kg)    K        1          
             -0.9732     0.12815     -0.84505    991.4    1.6714      0.00247     5377094419.10935 251.37204   82.17    0.07084    