Material ID: 0221
Unit cell composition: Co500
Material:  Co
Site positions of initial unit cell:
 Co          Co          Co          Co         
 0.00000     -0.00000    0.00000     1.24710    
 0.00000     1.44003     0.00000     0.72001    
 0.00000     2.02148     4.04297     6.06445    
Properties:
 Time        Epot        Ekin        Etot        Temp     MSD         Self_diff   LC_a      LC_b      LC_c      Volume      Pressure    DebyeT   Lindemann  
 fs          eV/atom     eV/atom     eV/atom     K        Å^2         mm^2/s      Å         Å         Å         Å^3/atom    Pa          K        1          
 500         -10.45882   0.02597     -10.43285   200.93   0.0         0.0         2.444     2.444     7.924     10.25     -36059162261.65127 inf      0.0        
 600         -10.5439    0.11034     -10.43356   853.65   0.00194     1e-05       2.444     2.444     7.924     10.25     -28759186476.53308 1804.67  0.0051     
 700         -10.58822   0.15454     -10.43368   1195.61  0.00549     1e-05       2.444     2.444     7.924     10.25     -24936960679.76132 1270.19  0.00857    
 800         -10.51792   0.0846      -10.43333   654.49   0.01055     2e-05       2.444     2.444     7.924     10.25     -31065655400.742 678.07   0.01188    
 900         -10.50989   0.07642     -10.43346   591.23   0.01481     3e-05       2.444     2.444     7.924     10.25     -31914468824.45696 543.85   0.01408    
 1000        -10.55787   0.12424     -10.43362   961.18   0.01577     3e-05       2.444     2.444     7.924     10.25     -27653872427.73797 671.97   0.01453    
 1100        -10.5297    0.09642     -10.43328   745.96   0.01771     3e-05       2.444     2.444     7.924     10.25     -29865833187.78046 558.59   0.0154     
 1200        -10.50008   0.06686     -10.43322   517.22   0.02428     3e-05       2.444     2.444     7.924     10.25     -32592563433.02848 397.24   0.01803    
 1300        -10.53435   0.10095     -10.4334    780.98   0.02853     4e-05       2.444     2.444     7.924     10.25     -29339204279.74135 450.28   0.01955    
 1400        -10.50704   0.07358     -10.43345   569.28   0.04123     5e-05       2.444     2.444     7.924     10.25     -31215864605.30346 319.82   0.0235     
 1500        -10.55323   0.11988     -10.43334   927.46   0.04311     5e-05       2.444     2.444     7.924     10.25     -27781538686.38997 399.23   0.02403    
 1600        -10.48944   0.05627     -10.43318   435.29   0.05153     5e-05       2.444     2.444     7.924     10.25     -32986928424.595 250.16   0.02627    

Time averages:
             Epot        Ekin        Etot        Temp     MSD         Self_diff   Pressure    Spec_heat   DebyeT   Lindemann  
             eV/atom     eV/atom     eV/atom     K        Å^2         mm^2/s      Pa          J/(K*Kg)    K        1          
             -10.52877   0.09538     -10.4334    737.87   0.0253      4e-05       -29935288994.9537 279.23999   553.94   0.01758    