Material ID: 0084
Unit cell composition: Cu125
Material:  Cu
Site positions of initial unit cell:
 Cu         
 0.00000    
 0.00000    
 0.00000    
Properties:
 Time        Epot        Ekin        Etot        Temp     MSD         Self_diff   LC_a      LC_b      LC_c      Volume      Pressure    DebyeT   Lindemann  
 fs          eV/atom     eV/atom     eV/atom     K        Å^2         mm^2/s      Å         Å         Å         Å^3/atom    Pa          K        1          
 500         -15.89228   0.02813     -15.86415   217.62   0.0         0.0         2.591     2.591     2.591     13.357    105254992990.47327 inf      0.0        
 600         -15.9602    0.09608     -15.86412   743.31   0.03132     9e-05       2.591     2.591     2.591     13.357    108012019110.5484 403.77   0.01366    
 700         -15.98038   0.11622     -15.86416   899.1    0.07624     0.00018     2.591     2.591     2.591     13.357    107798055662.88966 284.63   0.02131    
 800         -15.9582    0.09403     -15.86417   727.47   0.08368     0.00017     2.591     2.591     2.591     13.357    106477291420.99927 244.38   0.02233    
 900         -15.97962   0.11545     -15.86417   893.14   0.14639     0.00027     2.591     2.591     2.591     13.357    107144695510.16023 204.73   0.02953    
 1000        -15.96534   0.10119     -15.86415   782.85   0.15796     0.00026     2.591     2.591     2.591     13.357    106739615497.19057 184.52   0.03067    
 1100        -15.97183   0.10765     -15.86417   832.85   0.21368     0.00032     2.591     2.591     2.591     13.357    106226218378.2651 163.64   0.03568    
 1200        -15.94818   0.08404     -15.86414   650.13   0.19057     0.00026     2.591     2.591     2.591     13.357    104796014470.70895 153.09   0.03369    
 1300        -15.97172   0.10753     -15.86419   831.88   0.26631     0.00034     2.591     2.591     2.591     13.357    105697614739.4638 146.5    0.03983    
 1400        -15.96745   0.10329     -15.86417   799.06   0.22084     0.00026     2.591     2.591     2.591     13.357    105823657041.98662 157.67   0.03627    
 1500        -15.97827   0.1141      -15.86417   882.73   0.34142     0.00038     2.591     2.591     2.591     13.357    105893738538.99406 133.28   0.0451     

Time averages:
             Epot        Ekin        Etot        Temp     MSD         Self_diff   Pressure    Spec_heat   DebyeT   Lindemann  
             eV/atom     eV/atom     eV/atom     K        Å^2         mm^2/s      Pa          J/(K*Kg)    K        1          
             -15.96812   0.10396     -15.86416   804.25   0.17284     0.00027     106460892037.12067 197.45263   207.62   0.03081    