Material ID: 0075
Unit cell composition: Fe125
Material:  Fe
Site positions of initial unit cell:
 Fe         
 0.00000    
 0.00000    
 0.00000    
Properties:
 Time        Epot        Ekin        Etot        Temp     MSD         Self_diff   LC_a      LC_b      LC_c      Volume      Pressure    DebyeT   Lindemann  
 fs          eV/atom     eV/atom     eV/atom     K        Å^2         mm^2/s      Å         Å         Å         Å^3/atom    Pa          K        1          
 500         -9.25085    0.02742     -9.22343    212.12   0.0         0.0         2.475     2.475     2.475     10.718    -184375682453.80377 inf      0.0        
 600         -9.24032    0.01697     -9.22335    131.28   0.00049     0.0         2.475     2.475     2.475     10.718    -185153524825.43747 1454.43  0.00178    
 700         -9.237      0.01366     -9.22333    105.69   0.00154     0.0         2.475     2.475     2.475     10.718    -185390246281.48337 732.39   0.00317    
 800         -9.23488    0.01157     -9.22331    89.51    0.0032      1e-05       2.475     2.475     2.475     10.718    -185552404592.8581 467.79   0.00457    
 900         -9.23927    0.01592     -9.22335    123.15   0.00546     1e-05       2.475     2.475     2.475     10.718    -185223646888.25192 419.93   0.00597    
 1000        -9.2352     0.01189     -9.22332    91.96    0.00845     1e-05       2.475     2.475     2.475     10.718    -185528431661.89127 291.76   0.00743    
 1100        -9.23669    0.01335     -9.22334    103.3    0.01203     2e-05       2.475     2.475     2.475     10.718    -185406000968.4524 259.14   0.00886    
 1200        -9.23937    0.01602     -9.22335    123.94   0.01623     2e-05       2.475     2.475     2.475     10.718    -185219224647.57578 244.37   0.01029    
 1300        -9.24176    0.01838     -9.22337    142.22   0.0211      3e-05       2.475     2.475     2.475     10.718    -185038624195.62735 229.57   0.01174    
 1400        -9.23872    0.01538     -9.22334    118.99   0.02665     3e-05       2.475     2.475     2.475     10.718    -185275595737.1274 186.82   0.01319    
 1500        -9.23741    0.01406     -9.22335    108.77   0.03293     4e-05       2.475     2.475     2.475     10.718    -185356414422.3423 160.7    0.01466    

Time averages:
             Epot        Ekin        Etot        Temp     MSD         Self_diff   Pressure    Spec_heat   DebyeT   Lindemann  
             eV/atom     eV/atom     eV/atom     K        Å^2         mm^2/s      Pa          J/(K*Kg)    K        1          
             -9.23806    0.01472     -9.22334    113.88   0.01281     2e-05       -185314411422.10474 226.35059   444.69   0.00817    