Material ID: 0056
Unit cell composition: Fe3500
Material:  Fe
Site positions of initial unit cell:
 Fe          Fe          Fe          Fe          Fe          Fe          Fe          Fe          Fe          Fe          Fe          Fe          Fe          Fe          Fe          Fe          Fe          Fe          Fe          Fe          Fe          Fe          Fe          Fe          Fe          Fe          Fe          Fe         
 7.79841     0.81949     3.48946     5.12844     8.45336     0.16454     4.14441     4.47349     3.16068     5.45723     1.14827     7.46963     2.33318     6.28472     6.64213     1.97577     4.03816     4.57974     0.27079     8.34711     6.16514     2.45276     1.85619     6.76171     2.45276     6.16514     6.76171     1.85619    
 0.81949     7.79841     3.48946     5.12844     3.16068     5.45723     1.14827     7.46963     8.45336     0.16454     4.14441     4.47349     4.03816     4.57974     0.27079     8.34711     2.33318     6.28472     6.64213     1.97577     2.45276     6.16514     1.85619     6.76171     6.16514     2.45276     6.76171     1.85619    
 2.28724     2.28724     0.00000     0.00000     2.28724     2.28724     0.00000     0.00000     2.28724     2.28724     0.00000     0.00000     2.28724     2.28724     0.00000     0.00000     2.28724     2.28724     0.00000     0.00000     1.12356     1.12356     3.41080     3.41080     3.45091     3.45091     1.16367     1.16367    
Properties:
 Time        Epot        Ekin        Etot        Temp     MSD         Self_diff   LC_a      LC_b      LC_c      Volume      Pressure    DebyeT   Lindemann  
 fs          eV/atom     eV/atom     eV/atom     K        Å^2         mm^2/s      Å         Å         Å         Å^3/atom    Pa          K        1          
 500         -6.65967    0.02554     -6.63413    197.55   0.0         0.0         8.446     8.446     4.483     11.42     -277198641773.9801 inf      0.0        
 600         -7.07658    0.43298     -6.64361    3349.66  0.08806     0.00024     8.446     8.446     4.483     11.42     -256815895765.19736 545.31   3e-05      
 700         -7.12625    0.4814      -6.64484    3724.31  0.09231     0.00022     8.446     8.446     4.483     11.42     -254419775932.64557 561.6    3e-05      
 800         -7.33052    0.68506     -6.64546    5299.85  0.39396     0.00082     8.446     8.446     4.483     11.42     -235429077567.75665 324.3    6e-05      
 900         -7.42848    0.7831      -6.64538    6058.36  0.72284     0.00134     8.446     8.446     4.483     11.42     -227109568244.8957 255.97   9e-05      
 1000        -7.47332    0.82766     -6.64566    6403.05  0.92528     0.00154     8.446     8.446     4.483     11.42     -223287319257.57333 232.59   0.0001     
 1100        -7.50258    0.85692     -6.64566    6629.39  1.06185     0.00161     8.446     8.446     4.483     11.42     -220976952690.76096 220.92   0.0001     
 1200        -7.52966    0.88388     -6.64578    6837.97  1.14935     0.0016      8.446     8.446     4.483     11.42     -218967823477.4981 215.66   0.00011    
 1300        -7.52552    0.87977     -6.64575    6806.17  1.25778     0.00161     8.446     8.446     4.483     11.42     -219029949857.1129 205.68   0.00011    
 1400        -7.5451     0.89923     -6.64586    6956.79  1.35009     0.00161     8.446     8.446     4.483     11.42     -217835761972.69064 200.71   0.00012    
 1500        -7.54686    0.9011      -6.64576    6971.23  1.40567     0.00156     8.446     8.446     4.483     11.42     -217462379217.62936 196.9    0.00012    

Time averages:
             Epot        Ekin        Etot        Temp     MSD         Self_diff   Pressure    Spec_heat   DebyeT   Lindemann  
             eV/atom     eV/atom     eV/atom     K        Å^2         mm^2/s      Pa          J/(K*Kg)    K        1          
             -7.40849    0.76311     -6.64538    5903.68  0.84472     0.00132     -229133450398.37604 1814.43535  295.96   9e-05      