Material ID: 0205
Unit cell composition: Co5750
Material:  Co
Site positions of initial unit cell:
 Co          Co          Co          Co          Co          Co          Co          Co          Co          Co          Co          Co          Co          Co          Co          Co          Co          Co          Co          Co          Co          Co          Co          Co          Co          Co          Co          Co          Co          Co          Co          Co          Co          Co          Co          Co          Co          Co          Co          Co          Co          Co          Co          Co          Co          Co         
 0.00000     1.92468     -0.00000    -1.95467    5.63621     1.95466     2.01534     0.00000     -0.00000    1.79295     3.93001     0.00000     0.00000     5.93534     2.06886     3.93001     -0.00000    5.79115     2.00532     -1.79294    3.93000     1.97534     1.86114     1.70620     2.13705     -2.00533    3.93001     3.93000     -0.00000    0.00000     5.72295     3.93001     0.00000     -1.86114    5.94533     -0.00000    3.93001     3.93001     3.93001     -2.01533    2.22381     0.00000     1.91467     -0.00000    -1.70621    5.88468    
 0.00000     1.11121     2.56783     3.40945     1.28391     3.40945     5.70153     0.00000     6.79504     3.50282     4.58454     0.00000     2.38892     1.11121     1.19446     4.41805     4.53798     1.19446     5.69576     3.50282     0.19867     3.39751     5.61251     5.52306     3.30415     5.69576     0.01193     4.59610     4.53798     2.21087     3.30415     2.26899     6.60829     5.61251     1.10544     2.22243     2.26899     2.26899     4.23914     5.70153     1.28391     0.00000     1.10544     4.53798     5.52306     3.39751    
 3.40731     4.62941     2.20532     0.93587     7.04850     0.93587     7.03434     8.25049     0.93587     8.20222     4.62941     1.01060     4.63200     4.62941     9.47519     9.47519     3.72016     9.47519     9.47259     8.20222     3.35903     5.77905     4.63200     2.20532     3.35903     9.47259     5.77905     2.19115     6.57488     7.03434     3.35903     1.73169     8.20222     4.63200     2.19115     9.47259     8.56334     4.74297     7.04850     7.03434     7.04850     5.85378     2.19115     9.58616     2.20532     5.77905    
Properties:
 Time        Epot        Ekin        Etot        Temp     MSD         Self_diff   LC_a      LC_b      LC_c      Volume      Pressure    DebyeT   Lindemann  
 fs          eV/atom     eV/atom     eV/atom     K        Å^2         mm^2/s      Å         Å         Å         Å^3/atom    Pa          K        1          
 500         -5.85929    0.02576     -5.83353    199.32   0.0         0.0         7.546     7.546     9.299     9.968     -437246219198.45734 inf      0.0        
 600         -7.87414    2.00756     -5.86658    15531.2  0.1161      0.00032     7.546     7.546     9.299     9.968     -284562260083.5657 995.49   3e-05      
 700         -7.72979    1.86367     -5.86612    14417.98 0.23071     0.00055     7.546     7.546     9.299     9.968     -296343335946.2431 680.4    5e-05      
 800         -7.76977    1.90361     -5.86616    14727.03 0.30245     0.00063     7.546     7.546     9.299     9.968     -293345824695.83496 600.6    6e-05      
 900         -7.75822    1.89255     -5.86567    14641.42 0.3487      0.00065     7.546     7.546     9.299     9.968     -293963072316.2049 557.72   6e-05      
 1000        -7.77982    1.91402     -5.8658     14807.53 0.39269     0.00065     7.546     7.546     9.299     9.968     -292295091902.1741 528.53   6e-05      
 1100        -7.7734     1.90762     -5.86578    14758.0  0.43012     0.00065     7.546     7.546     9.299     9.968     -292935777721.7252 504.16   7e-05      
 1200        -7.79356    1.92749     -5.86607    14911.73 0.44479     0.00062     7.546     7.546     9.299     9.968     -291313189823.9583 498.35   7e-05      
 1300        -7.77743    1.91133     -5.8661     14786.75 0.47177     0.0006      7.546     7.546     9.299     9.968     -292670599940.2993 481.86   7e-05      
 1400        -7.80031    1.93414     -5.86617    14963.17 0.49663     0.00059     7.546     7.546     9.299     9.968     -290563940975.88165 472.44   7e-05      
 1500        -7.7693     1.90336     -5.86594    14725.05 0.53038     0.00059     7.546     7.546     9.299     9.968     -293378057807.88684 453.51   7e-05      
 1600        -7.7772     1.91128     -5.86592    14786.36 0.5401      0.00056     7.546     7.546     9.299     9.968     -292688060038.0498 450.34   7e-05      

Time averages:
             Epot        Ekin        Etot        Temp     MSD         Self_diff   Pressure    Spec_heat   DebyeT   Lindemann  
             eV/atom     eV/atom     eV/atom     K        Å^2         mm^2/s      Pa          J/(K*Kg)    K        1          
             -7.77288    1.90691     -5.86597    14752.5  0.41883     0.00062     -292949695116.8258 212.22455   522.79   6e-05      