Material ID: 0291
Unit cell composition: Mg250
Material:  Mg
Site positions of initial unit cell:
 Mg          Mg         
 -0.00000    1.60152    
 1.84927     0.92463    
 1.28167     3.84502    
Properties:
 Time        Epot        Ekin        Etot        Temp     MSD         Self_diff   LC_a      LC_b      LC_c      Volume      Pressure    DebyeT   Lindemann  
 fs          eV/atom     eV/atom     eV/atom     K        Å^2         mm^2/s      Å         Å         Å         Å^3/atom    Pa          K        1          
 500         -0.46344    0.02438     -0.43906    188.63   0.0         0.0         3.139     3.139     5.024     21.436    4890661884.77105 inf      0.0        
 600         -0.45019    0.01113     -0.43906    86.07    0.11557     0.00032     3.139     3.139     5.024     21.436    3738939290.34756 115.66   0.02028    
 700         -0.45323    0.01417     -0.43906    109.66   0.18003     0.00043     3.139     3.139     5.024     21.436    3764941140.99548 104.6    0.02531    
 800         -0.45474    0.01568     -0.43906    121.33   0.21313     0.00044     3.139     3.139     5.024     21.436    3735171528.26658 101.12   0.02754    
 900         -0.45508    0.01602     -0.43906    123.92   0.25516     0.00047     3.139     3.139     5.024     21.436    3599903530.46154 93.4     0.03014    
 1000        -0.4559     0.01684     -0.43906    130.28   0.30709     0.00051     3.139     3.139     5.024     21.436    3497118933.9621 87.29    0.03306    
 1100        -0.45637    0.01731     -0.43906    133.93   0.37405     0.00057     3.139     3.139     5.024     21.436    3336270792.97868 80.2     0.03649    
 1200        -0.45847    0.01941     -0.43906    150.16   0.45783     0.00064     3.139     3.139     5.024     21.436    3268967160.4537 76.76    0.04037    
 1300        -0.46029    0.02123     -0.43906    164.25   0.56455     0.00072     3.139     3.139     5.024     21.436    3149447245.04528 72.29    0.04483    
 1400        -0.46105    0.02199     -0.43906    170.15   0.70981     0.00085     3.139     3.139     5.024     21.436    2882819341.65358 65.62    0.05027    
 1500        -0.46383    0.02477     -0.43906    191.61   0.86528     0.00096     3.139     3.139     5.024     21.436    2718264292.02005 63.07    0.0555     

Time averages:
             Epot        Ekin        Etot        Temp     MSD         Self_diff   Pressure    Spec_heat   DebyeT   Lindemann  
             eV/atom     eV/atom     eV/atom     K        Å^2         mm^2/s      Pa          J/(K*Kg)    K        1          
             -0.45692    0.01786     -0.43906    138.14   0.40425     0.00062     3369184325.61845 546.73882   86.0     0.03638    