Material ID: 0214
Unit cell composition: Co125
Material:  Co
Site positions of initial unit cell:
 Co         
 0.00000    
 0.00000    
 0.00000    
Properties:
 Time        Epot        Ekin        Etot        Temp     MSD         Self_diff   LC_a      LC_b      LC_c      Volume      Pressure    DebyeT   Lindemann  
 fs          eV/atom     eV/atom     eV/atom     K        Å^2         mm^2/s      Å         Å         Å         Å^3/atom    Pa          K        1          
 500         -9.78779    0.02454     -9.76325    189.88   0.0         0.0         2.589     2.589     2.589     12.276    113470522059.65533 inf      0.0        
 600         -9.77843    0.01519     -9.76324    117.52   0.00133     0.0         2.589     2.589     2.589     12.276    112559422222.32327 810.04   0.00281    
 700         -9.77546    0.01222     -9.76323    94.57    0.00304     1e-05       2.589     2.589     2.589     12.276    112309010447.12495 479.78   0.00426    
 800         -9.77379    0.01056     -9.76323    81.69    0.0056      1e-05       2.589     2.589     2.589     12.276    112178609764.09145 328.85   0.00578    
 900         -9.77411    0.01088     -9.76323    84.2     0.00898     2e-05       2.589     2.589     2.589     12.276    112198148395.04326 263.51   0.00732    
 1000        -9.77612    0.01289     -9.76323    99.7     0.01333     2e-05       2.589     2.589     2.589     12.276    112349062575.24377 235.39   0.00892    
 1100        -9.77391    0.01068     -9.76323    82.6     0.01889     3e-05       2.589     2.589     2.589     12.276    112154903437.86513 179.99   0.01062    
 1200        -9.77396    0.01073     -9.76323    83.03    0.02539     4e-05       2.589     2.589     2.589     12.276    112181605329.5768 155.64   0.01231    
 1300        -9.7749     0.01167     -9.76323    90.29    0.03266     4e-05       2.589     2.589     2.589     12.276    112261861220.32443 143.1    0.01396    
 1400        -9.77361    0.01038     -9.76323    80.29    0.04119     5e-05       2.589     2.589     2.589     12.276    112156152329.18106 120.17   0.01568    
 1500        -9.77644    0.01321     -9.76323    102.2    0.05011     6e-05       2.589     2.589     2.589     12.276    112377117750.31212 122.92   0.01729    

Time averages:
             Epot        Ekin        Etot        Temp     MSD         Self_diff   Pressure    Spec_heat   DebyeT   Lindemann  
             eV/atom     eV/atom     eV/atom     K        Å^2         mm^2/s      Pa          J/(K*Kg)    K        1          
             -9.77507    0.01184     -9.76323    91.61    0.02005     3e-05       112272589347.10861 213.82504   283.94   0.0099     