Material ID: 0102
Unit cell composition: Cu125
Material:  Cu
Site positions of initial unit cell:
 Cu         
 0.00000    
 0.00000    
 0.00000    
Properties:
 Time        Epot        Ekin        Etot        Temp     MSD         Self_diff   LC_a      LC_b      LC_c      Volume      Pressure    DebyeT   Lindemann  
 fs          eV/atom     eV/atom     eV/atom     K        Å^2         mm^2/s      Å         Å         Å         Å^3/atom    Pa          K        1          
 500         -16.19101   0.02826     -16.16275   218.62   0.0         0.0         2.488     2.488     2.488     11.853    -68356986512.83471 inf      0.0        
 600         -16.21349   0.05083     -16.16267   393.2    0.05356     0.00015     2.488     2.488     2.488     11.853    -70863082374.54784 224.59   0.01861    
 700         -16.24428   0.0816      -16.16268   631.29   0.06188     0.00015     2.488     2.488     2.488     11.853    -68236580670.66503 264.74   0.02       
 800         -16.25453   0.09183     -16.1627    710.4    0.10041     0.00021     2.488     2.488     2.488     11.853    -67834591604.71334 220.47   0.02547    
 900         -16.31944   0.15671     -16.16274   1212.34  0.23593     0.00044     2.488     2.488     2.488     11.853    -65208339906.0174 187.89   0.03905    
 1000        -16.31936   0.15656     -16.1628    1211.2   0.26746     0.00045     2.488     2.488     2.488     11.853    -65316665545.18238 176.38   0.04158    
 1100        -16.28424   0.12142     -16.16282   939.36   0.23115     0.00035     2.488     2.488     2.488     11.853    -67525795856.17056 167.09   0.03865    
 1200        -16.30725   0.14444     -16.16281   1117.44  0.29299     0.00041     2.488     2.488     2.488     11.853    -66357582721.40617 161.87   0.04352    
 1300        -16.28298   0.12019     -16.16279   929.86   0.35377     0.00045     2.488     2.488     2.488     11.853    -68198443573.40578 134.38   0.04782    
 1400        -16.30502   0.1421      -16.16292   1099.36  0.33527     0.0004      2.488     2.488     2.488     11.853    -66567000887.70273 150.09   0.04655    
 1500        -16.28832   0.12552     -16.1628    971.06   0.39611     0.00044     2.488     2.488     2.488     11.853    -67720746506.75743 129.78   0.0506     

Time averages:
             Epot        Ekin        Etot        Temp     MSD         Self_diff   Pressure    Spec_heat   DebyeT   Lindemann  
             eV/atom     eV/atom     eV/atom     K        Å^2         mm^2/s      Pa          J/(K*Kg)    K        1          
             -16.28189   0.11912     -16.16277   921.55   0.23285     0.00037     -67382882964.65686 206.80268   181.73   0.03718    