Material ID: 0001
Unit cell composition: Ag250
Material:  Ag
Site positions of initial unit cell:
 Ag          Ag         
 -0.00000    1.47633    
 1.70471     0.85236    
 1.19958     3.59874    
Properties:
 Time        Epot        Ekin        Etot        Temp     MSD         Self_diff   LC_a      LC_b      LC_c      Volume      Pressure    DebyeT   Lindemann  
 fs          eV/atom     eV/atom     eV/atom     K        Å^2         mm^2/s      Å         Å         Å         Å^3/atom    Pa          K        1          
 500         -13.44729   0.02367     -13.42362   183.15   0.0         0.0         2.894     2.894     4.702     17.049    58336971499.52679 inf      0.0        
 600         -13.46912   0.04543     -13.42369   351.48   0.00205     1e-05       2.894     2.894     4.702     17.049    59608250925.32562 832.47   0.00291    
 700         -13.45693   0.03326     -13.42366   257.35   0.00342     1e-05       2.894     2.894     4.702     17.049    58939852623.13754 551.66   0.00375    
 800         -13.43975   0.01613     -13.42361   124.8    0.00216     0.0         2.894     2.894     4.702     17.049    57942184179.72301 483.5    0.00298    
 900         -13.47113   0.04743     -13.4237    366.97   0.00264     0.0         2.894     2.894     4.702     17.049    59741378438.88813 749.4    0.0033     
 1000        -13.44957   0.02593     -13.42364   200.59   0.00439     1e-05       2.894     2.894     4.702     17.049    58544604870.08321 429.8    0.00425    
 1100        -13.44947   0.02583     -13.42363   199.84   0.00374     1e-05       2.894     2.894     4.702     17.049    58498632034.47359 465.01   0.00392    
 1200        -13.46778   0.04409     -13.42369   341.11   0.00596     1e-05       2.894     2.894     4.702     17.049    59585621659.63012 481.48   0.00495    
 1300        -13.44781   0.02418     -13.42363   187.07   0.00767     1e-05       2.894     2.894     4.702     17.049    58410542136.69058 314.12   0.00562    
 1400        -13.45343   0.02977     -13.42365   230.34   0.00703     1e-05       2.894     2.894     4.702     17.049    58780078264.57604 364.11   0.00538    
 1500        -13.46128   0.03761     -13.42367   290.98   0.00853     1e-05       2.894     2.894     4.702     17.049    59219983595.62672 371.64   0.00593    

Time averages:
             Epot        Ekin        Etot        Temp     MSD         Self_diff   Pressure    Spec_heat   DebyeT   Lindemann  
             eV/atom     eV/atom     eV/atom     K        Å^2         mm^2/s      Pa          J/(K*Kg)    K        1          
             -13.45663   0.03297     -13.42366   255.05   0.00476     1e-05       58927112872.81545 131.44467   504.32   0.0043     