Material ID: 0143
Unit cell composition: Zn12500
Material:  Zn
Site positions of initial unit cell:
 Zn          Zn          Zn          Zn          Zn          Zn          Zn          Zn          Zn          Zn          Zn          Zn          Zn          Zn          Zn          Zn          Zn          Zn          Zn          Zn          Zn          Zn          Zn          Zn          Zn          Zn          Zn          Zn          Zn          Zn          Zn          Zn          Zn          Zn          Zn          Zn          Zn          Zn          Zn          Zn          Zn          Zn          Zn          Zn          Zn          Zn          Zn          Zn          Zn          Zn          Zn          Zn          Zn          Zn          Zn          Zn          Zn          Zn          Zn          Zn          Zn          Zn          Zn          Zn          Zn          Zn          Zn          Zn          Zn          Zn          Zn          Zn          Zn          Zn          Zn          Zn          Zn          Zn          Zn          Zn          Zn          Zn          Zn          Zn          Zn          Zn          Zn          Zn          Zn          Zn          Zn          Zn          Zn          Zn          Zn          Zn          Zn          Zn          Zn          Zn         
 10.40545    3.49026     11.46323    2.75444     1.22150     4.05172     6.01042     2.62094     4.24997     6.04562     8.59259     7.56524     2.71073     1.16127     7.73516     7.67694     1.98863     5.59554     2.22724     8.34527     10.25048    7.06268     4.57671     0.63913     1.09920     10.09719    10.27475    5.12183     0.58663     1.05404     6.47032     8.06162     11.88223    1.94850     9.62820     0.41845     7.57038     5.80497     6.86002     8.82590     11.29510    3.59234     6.11926     9.53413     1.25013     10.52010    9.49691     2.43840     5.07763     2.02965     1.24286     11.14735    4.48523     4.80014     7.16001     4.66759     3.89621     2.16351     1.21168     -0.47838    10.55936    9.93356     3.01543     0.20747     3.45388     5.08060     3.99656     6.01897     10.67706    8.41720     8.31028     7.95017     5.45519     4.81405     11.17071    7.58515     2.64822     8.81088     8.99358     4.70289     5.45758     0.08874     -0.16117    3.04440     9.57983     10.24597    9.28649     3.74242     7.23639     10.30550    6.49191     4.83516     6.45352     10.69785    7.49270     8.33034     3.00975     1.62122     1.74149     0.70090    
 7.48847     1.44065     3.25957     5.83408     1.51733     9.53297     10.94295    0.90906     4.19564     8.55285     2.19549     3.61568     7.62118     0.96899     1.60057     8.16989     3.11081     0.61781     11.05101    7.54408     2.98857     5.68118     3.91891     9.91664     8.86857     5.71258     2.95408     7.24390     5.90786     3.93121     5.00563     1.46706     0.89858     8.87519     5.17610     5.70154     6.74317     3.67023     8.54489     2.64824     3.63748     8.53694     2.56877     9.33620     8.45582     0.18603     6.82284     3.91325     1.51621     6.50984     6.63058     8.12053     7.94832     11.00193    5.08234     6.16103     1.53292     10.02842    0.77539     10.13008    7.54672     10.25568    2.33571     8.33517     5.03833     3.61692     9.14013     1.59075     0.65127     10.11288    7.91962     4.16246     10.71983    6.89144     2.78942     9.30894     10.98877    3.68902     5.31750     0.39629     5.23434     10.66731    5.21806     10.77089    9.50091     1.14044     0.09401     3.30459     6.07281     9.88890     1.48770     9.55546     10.80246    0.25212     10.49628    -0.04261    5.79040     3.46353     -0.08202    5.82042    
 6.69325     1.41417     3.96410     2.42179     5.09001     7.50722     2.06424     9.49813     11.55412    4.38316     7.05954     2.38360     0.06469     2.44670     10.09848    6.37201     10.78184    0.21556     3.18466     3.90584     8.98223     11.19088    2.59249     11.17036    6.49761     8.83882     1.69936     6.99431     10.18888    8.31272     6.87845     1.20149     8.95151     9.04258     3.56757     3.40859     8.54541     0.34966     1.47769     4.47837     11.23672    5.13330     7.97615     0.62259     3.63811     1.12180     0.09807     4.41676     10.27881    5.21932     7.72661     9.44044     9.53532     4.37491     4.46623     4.27151     4.26926     0.88941     11.66195    2.44717     2.67478     10.24104    6.70380     0.56780     6.85042     5.26215     2.56359     2.82081     3.74789     2.83187     10.68612    9.00261     9.36536     1.47402     6.58136     8.68114     5.76767     11.61374    6.32518     7.82232     9.23911     4.92425     5.97892     10.56104    5.11256     10.94193    8.59023     8.92808     2.02312     7.68257     5.64662     0.03494     6.82446     6.33886     11.10223    4.57698     9.40123     1.73686     7.30256     0.82645    
Properties:
 Time        Epot        Ekin        Etot        Temp     MSD         Self_diff   LC_a      LC_b      LC_c      Volume      Pressure    DebyeT   Lindemann  
 fs          eV/atom     eV/atom     eV/atom     K        Å^2         mm^2/s      Å         Å         Å         Å^3/atom    Pa          K        1          
 500         -0.83626    0.02584     -0.81042    199.88   0.0         0.0         11.988    12.011    11.988    17.138    11512517653.84852 inf      0.0        
 600         -0.84081    0.03038     -0.81042    235.05   0.07226     0.0002      11.988    12.011    11.988    17.138    9841724802.93726 147.38   3e-05      
 700         -0.85985    0.04942     -0.81043    382.33   0.2449      0.00058     11.988    12.011    11.988    17.138    7892790294.5738 102.1    5e-05      
 800         -0.87885    0.06843     -0.81043    529.37   0.48654     0.00101     11.988    12.011    11.988    17.138    6682362268.53689 85.24    7e-05      
 900         -0.89612    0.08569     -0.81043    662.96   0.8174      0.00151     11.988    12.011    11.988    17.138    5533015779.94308 73.59    9e-05      
 1000        -0.90922    0.09878     -0.81043    764.23   1.21081     0.00202     11.988    12.011    11.988    17.138    4752705491.67834 64.92    0.00011    
 1100        -0.92107    0.11064     -0.81043    855.97   1.63478     0.00248     11.988    12.011    11.988    17.138    4398622351.95971 59.13    0.00013    
 1200        -0.928      0.11756     -0.81043    909.51   2.07483     0.00288     11.988    12.011    11.988    17.138    4095304688.74566 54.1     0.00014    
 1300        -0.93349    0.12306     -0.81043    952.03   2.5161      0.00323     11.988    12.011    11.988    17.138    3859775347.77227 50.27    0.00016    
 1400        -0.93943    0.12899     -0.81043    997.93   2.97013     0.00354     11.988    12.011    11.988    17.138    3725946336.37619 47.37    0.00017    
 1500        -0.94205    0.13162     -0.81043    1018.24  3.42645     0.00381     11.988    12.011    11.988    17.138    3544204307.60664 44.55    0.00019    

Time averages:
             Epot        Ekin        Etot        Temp     MSD         Self_diff   Pressure    Spec_heat   DebyeT   Lindemann  
             eV/atom     eV/atom     eV/atom     K        Å^2         mm^2/s      Pa          J/(K*Kg)    K        1          
             -0.90489    0.09446     -0.81043    730.76   1.54542     0.00234     5432645167.01298 -26.16803   72.86    0.00011    