Material ID: 0082
Unit cell composition: Cu125
Material:  Cu
Site positions of initial unit cell:
 Cu         
 0.00000    
 0.00000    
 0.00000    
Properties:
 Time        Epot        Ekin        Etot        Temp     MSD         Self_diff   LC_a      LC_b      LC_c      Volume      Pressure    DebyeT   Lindemann  
 fs          eV/atom     eV/atom     eV/atom     K        Å^2         mm^2/s      Å         Å         Å         Å^3/atom    Pa          K        1          
 500         -16.23098   0.02263     -16.20835   175.07   0.0         0.0         2.492     2.492     2.492     11.875    -62497901068.85534 inf      0.0        
 600         -16.35787   0.14948     -16.20839   1156.45  0.0591      0.00016     2.492     2.492     2.492     11.875    -57365238949.69665 366.65   0.01951    
 700         -16.3701    0.16167     -16.20843   1250.71  0.0789      0.00019     2.492     2.492     2.492     11.875    -56350675021.13734 330.0    0.02255    
 800         -16.36186   0.15339     -16.20847   1186.68  0.10357     0.00022     2.492     2.492     2.492     11.875    -56928392552.75702 280.57   0.02583    
 900         -16.37165   0.16324     -16.20841   1262.9   0.15105     0.00028     2.492     2.492     2.492     11.875    -56848874983.68806 239.67   0.0312     
 1000        -16.36444   0.15591     -16.20853   1206.21  0.1333      0.00022     2.492     2.492     2.492     11.875    -56789871719.968 249.34   0.02931    
 1100        -16.38425   0.17575     -16.2085    1359.66  0.16153     0.00024     2.492     2.492     2.492     11.875    -56200035784.33304 240.48   0.03226    
 1200        -16.37724   0.16875     -16.2085    1305.47  0.19684     0.00027     2.492     2.492     2.492     11.875    -56588913648.21459 213.46   0.03561    
 1300        -16.3662    0.15766     -16.20854   1219.71  0.17301     0.00022     2.492     2.492     2.492     11.875    -56898172862.96484 220.08   0.03339    
 1400        -16.35924   0.15084     -16.2084    1166.93  0.22239     0.00026     2.492     2.492     2.492     11.875    -57821778009.83352 189.87   0.03785    
 1500        -16.37859   0.17001     -16.20858   1315.26  0.23804     0.00026     2.492     2.492     2.492     11.875    -56851079932.97961 194.83   0.03916    

Time averages:
             Epot        Ekin        Etot        Temp     MSD         Self_diff   Pressure    Spec_heat   DebyeT   Lindemann  
             eV/atom     eV/atom     eV/atom     K        Å^2         mm^2/s      Pa          J/(K*Kg)    K        1          
             -16.36914   0.16067     -16.20847   1243.0   0.15177     0.00024     -56864303346.55727 196.61475   252.49   0.03067    