Material ID: 0022
Unit cell composition: Au250
Material:  Au
Site positions of initial unit cell:
 Au          Au         
 -0.00000    1.46906    
 1.69632     0.84816    
 1.21971     3.65913    
Properties:
 Time        Epot        Ekin        Etot        Temp     MSD         Self_diff   LC_a      LC_b      LC_c      Volume      Pressure    DebyeT   Lindemann  
 fs          eV/atom     eV/atom     eV/atom     K        Å^2         mm^2/s      Å         Å         Å         Å^3/atom    Pa          K        1          
 500         -14.63357   0.02704     -14.60653   209.18   0.0         0.0         2.938     2.938     4.879     18.237    169937003232.76764 inf      0.0        
 600         -14.62046   0.01393     -14.60653   107.76   0.005       1e-05       2.938     2.938     4.879     18.237    168420126133.74683 218.61   0.00441    
 700         -14.619     0.01247     -14.60653   96.45    0.00592     1e-05       2.938     2.938     4.879     18.237    168164706547.08334 190.04   0.0048     
 800         -14.62055   0.01403     -14.60653   108.51   0.00624     1e-05       2.938     2.938     4.879     18.237    168367390206.90018 196.29   0.00493    
 900         -14.62143   0.0149      -14.60653   115.3    0.00787     1e-05       2.938     2.938     4.879     18.237    168269456723.3957 180.24   0.00554    
 1000        -14.63024   0.02371     -14.60653   183.44   0.01566     3e-05       2.938     2.938     4.879     18.237    166627529296.40198 161.12   0.00781    
 1100        -14.76624   0.15971     -14.60653   1235.59  0.09819     0.00015     2.938     2.938     4.879     18.237    154761169993.466 167.01   0.01956    
 1200        -15.56508   0.95852     -14.60656   7415.46  0.81275     0.00113     2.938     2.938     4.879     18.237    107883629493.3624 142.21   0.05627    
 1300        -14.84931   0.24265     -14.60666   1877.24  2.62055     0.00336     2.938     2.938     4.879     18.237    -44705611389.03404 39.85    0.10104    
 1400        -15.47441   0.8678      -14.60661   6713.61  1.32766     0.00158     2.938     2.938     4.879     18.237    70931847464.12076 105.87   0.07192    
 1500        -14.96338   0.35681     -14.60656   2760.44  0.51136     0.00057     2.938     2.938     4.879     18.237    112232089222.169 109.39   0.04463    

Time averages:
             Epot        Ekin        Etot        Temp     MSD         Self_diff   Pressure    Spec_heat   DebyeT   Lindemann  
             eV/atom     eV/atom     eV/atom     K        Å^2         mm^2/s      Pa          J/(K*Kg)    K        1          
             -14.87301   0.26645     -14.60656   2061.38  0.54112     0.00076     124095233369.16118 -52.48317   151.06   0.03209    