Material ID: 0171
Unit cell composition: Ti125
Material:  Ti
Site positions of initial unit cell:
 Ti         
 0.00000    
 0.00000    
 0.00000    
Properties:
 Time        Epot        Ekin        Etot        Temp     MSD         Self_diff   LC_a      LC_b      LC_c      Volume      Pressure    DebyeT   Lindemann  
 fs          eV/atom     eV/atom     eV/atom     K        Å^2         mm^2/s      Å         Å         Å         Å^3/atom    Pa          K        1          
 500         -4.87453    0.02438     -4.85014    188.63   0.0         0.0         2.847     2.847     2.847     16.325    -470355098424.72845 inf      0.0        
 600         -4.86422    0.01419     -4.85003    109.79   0.00126     0.0         2.847     2.847     2.847     16.325    -470823248207.0915 890.17   0.0025     
 700         -4.86033    0.01039     -4.84994    80.35    0.0046      1e-05       2.847     2.847     2.847     16.325    -471003997949.30023 399.1    0.00476    
 800         -4.86047    0.01051     -4.84996    81.31    0.0102      2e-05       2.847     2.847     2.847     16.325    -470996481855.13336 269.65   0.00709    
 900         -4.86476    0.01473     -4.85003    113.95   0.01797     3e-05       2.847     2.847     2.847     16.325    -470798851364.4344 240.46   0.00942    
 1000        -4.86752    0.01748     -4.85005    135.2    0.02796     5e-05       2.847     2.847     2.847     16.325    -470673584549.6138 210.01   0.01174    
 1100        -4.86074    0.01077     -4.84998    83.29    0.04034     6e-05       2.847     2.847     2.847     16.325    -470983691036.27106 137.23   0.01411    
 1200        -4.86086    0.01091     -4.84996    84.37    0.05479     8e-05       2.847     2.847     2.847     16.325    -470981150740.69775 118.51   0.01644    
 1300        -4.86052    0.01055     -4.84997    81.62    0.07156     9e-05       2.847     2.847     2.847     16.325    -470993627759.84534 101.99   0.01879    
 1400        -4.86378    0.01377     -4.85001    106.52   0.09048     0.00011     2.847     2.847     2.847     16.325    -470844630842.5553 103.62   0.02113    
 1500        -4.86098    0.011       -4.84998    85.12    0.11171     0.00012     2.847     2.847     2.847     16.325    -470972872570.2569 83.37    0.02348    

Time averages:
             Epot        Ekin        Etot        Temp     MSD         Self_diff   Pressure    Spec_heat   DebyeT   Lindemann  
             eV/atom     eV/atom     eV/atom     K        Å^2         mm^2/s      Pa          J/(K*Kg)    K        1          
             -4.86242    0.01243     -4.84999    96.15    0.04309     6e-05       -470907213687.5199 266.78594   255.41   0.01295    