Material ID: 0146
Unit cell composition: Zn12500
Material:  Zn
Site positions of initial unit cell:
 Zn          Zn          Zn          Zn          Zn          Zn          Zn          Zn          Zn          Zn          Zn          Zn          Zn          Zn          Zn          Zn          Zn          Zn          Zn          Zn          Zn          Zn          Zn          Zn          Zn          Zn          Zn          Zn          Zn          Zn          Zn          Zn          Zn          Zn          Zn          Zn          Zn          Zn          Zn          Zn          Zn          Zn          Zn          Zn          Zn          Zn          Zn          Zn          Zn          Zn          Zn          Zn          Zn          Zn          Zn          Zn          Zn          Zn          Zn          Zn          Zn          Zn          Zn          Zn          Zn          Zn          Zn          Zn          Zn          Zn          Zn          Zn          Zn          Zn          Zn          Zn          Zn          Zn          Zn          Zn          Zn          Zn          Zn          Zn          Zn          Zn          Zn          Zn          Zn          Zn          Zn          Zn          Zn          Zn          Zn          Zn          Zn          Zn          Zn          Zn         
 11.18729    3.42519     11.19376    3.44187     2.44351     5.28756     7.85554     1.62658     2.75988     6.57442     7.77289     6.32914     2.41991     1.15648     6.99100     8.89390     0.21143     5.83509     4.01873     8.30104     10.11052    6.41549     3.98480     0.58864     1.17287     10.61487    10.64397    6.15507     0.76419     1.49965     7.03792     8.30520     10.51206    2.35856     10.59461    1.07594     8.69064     5.29110     8.50556     8.45975     10.65261    3.81564     5.79702     10.03075    2.13517     10.16935    10.74064    1.79279     4.54606     2.95740     1.98698     11.63070    4.64123     5.77800     7.94783     5.61184     4.20404     3.27622     1.02431     11.52494    11.14555    9.83920     3.32856     1.43034     4.49116     5.36618     5.17184     6.01081     9.98707     9.30077     7.38833     8.21052     5.95309     4.54380     0.82959     7.90726     3.29020     7.84138     9.56213     3.61914     5.80514     1.08118     0.38327     3.12228     10.47709    9.58477     8.22670     3.79842     7.01695     10.78367    6.12974     5.73796     8.06312     10.39955    7.10559     7.43229     3.48573     1.30949     0.90158     2.12342    
 7.07144     1.18850     2.18200     7.15153     1.09992     9.76231     10.50912    1.48062     2.65410     8.47930     3.29427     3.40737     7.73346     0.96468     1.80256     8.07861     3.21752     11.24393    11.46128    7.12288     3.07404     6.07450     4.58284     9.59820     8.88863     5.03829     2.26711     7.37296     5.77782     4.16982     5.86342     2.28914     0.14151     8.99151     4.55402     6.06029     6.81449     3.35087     7.99309     2.12898     4.43101     8.01467     2.51095     7.07720     9.19982     0.30283     6.80006     3.45327     0.85606     5.59679     6.60059     7.85270     8.65259     10.92164    4.64644     6.49202     2.16271     10.22459    1.29728     9.87854     7.80326     9.53248     3.17852     8.09794     5.72828     4.04173     9.13464     0.92938     0.03254     9.38260     8.45499     4.19831     -0.05071    6.49560     2.14215     9.49140     10.47318    3.94996     5.43771     0.59890     4.72100     11.29130    4.74640     10.87118    10.14991    2.48809     1.15631     3.04398     5.89526     9.87575     1.46032     8.76642     10.76375    0.47091     -0.71076    -0.22913    5.84512     3.36289     -0.42503    5.65905    
 6.93106     1.16933     4.75755     2.80756     5.28572     7.53169     1.60219     9.47864     11.64511    5.44557     6.07839     2.34997     10.85560    2.75595     10.11189    6.47285     10.73259    0.09231     3.33333     3.83721     7.09915     10.99566    2.53828     11.26671    6.08819     8.92377     2.14880     8.27541     10.49838    8.52189     6.37322     0.96212     9.57214     8.48303     3.47954     3.37015     8.96921     11.51530    1.31522     3.77775     0.80208     5.70503     7.67834     11.34654    3.61366     0.56812     1.91957     4.19288     10.72166    5.03661     7.41444     9.33316     9.84455     5.06180     3.86991     4.00527     3.60762     1.26416     0.00320     1.92911     4.34561     10.29986    6.54076     1.23379     6.99125     5.05052     3.21599     2.07090     3.34036     3.34466     10.83392    8.51007     8.58218     0.41817     7.04097     8.55877     6.04750     11.31843    5.75732     7.72397     8.98989     4.80109     6.05644     10.17281    5.41710     9.95788     7.89094     9.22526     1.74334     7.92881     5.36333     0.76766     6.39828     6.75176     11.00109    3.95913     9.46428     1.66937     7.89094     0.96370    
Properties:
 Time        Epot        Ekin        Etot        Temp     MSD         Self_diff   LC_a      LC_b      LC_c      Volume      Pressure    DebyeT   Lindemann  
 fs          eV/atom     eV/atom     eV/atom     K        Å^2         mm^2/s      Å         Å         Å         Å^3/atom    Pa          K        1          
 500         -0.97867    0.02556     -0.95311    197.72   0.0         0.0         11.481    11.59     11.484    15.182    12541650722.36224 inf      0.0        
 600         -0.98304    0.02993     -0.95312    231.52   0.07053     0.0002      11.481    11.59     11.484    15.182    11461183754.22988 148.05   3e-05      
 700         -0.99293    0.03981     -0.95312    308.01   0.1881      0.00045     11.481    11.59     11.484    15.182    10249112010.52717 104.57   4e-05      
 800         -1.00135    0.04823     -0.95312    373.14   0.32724     0.00068     11.481    11.59     11.484    15.182    9441403632.9697 87.26    6e-05      
 900         -1.01145    0.05833     -0.95312    451.29   0.50723     0.00094     11.481    11.59     11.484    15.182    8432271560.00835 77.08    7e-05      
 1000        -1.02117    0.06805     -0.95312    526.47   0.73407     0.00122     11.481    11.59     11.484    15.182    7378996193.14458 69.2     9e-05      
 1100        -1.0313     0.07818     -0.95312    604.87   0.99527     0.00151     11.481    11.59     11.484    15.182    6569130250.08884 63.7     0.0001     
 1200        -1.0392     0.08608     -0.95312    665.94   1.26886     0.00176     11.481    11.59     11.484    15.182    6009574677.33041 59.2     0.00011    
 1300        -1.04465    0.09153     -0.95312    708.09   1.55282     0.00199     11.481    11.59     11.484    15.182    5492871056.22496 55.18    0.00012    
 1400        -1.04889    0.09577     -0.95312    740.9    1.83216     0.00218     11.481    11.59     11.484    15.182    5148873853.96436 51.96    0.00014    
 1500        -1.05292    0.09979     -0.95312    772.04   2.10349     0.00234     11.481    11.59     11.484    15.182    4984983122.85381 49.51    0.00015    

Time averages:
             Epot        Ekin        Etot        Temp     MSD         Self_diff   Pressure    Spec_heat   DebyeT   Lindemann  
             eV/atom     eV/atom     eV/atom     K        Å^2         mm^2/s      Pa          J/(K*Kg)    K        1          
             -1.02269    0.06957     -0.95312    538.23   0.95798     0.00145     7516840011.1342 -29.19529   76.57    9e-05      