Material ID: 0166
Unit cell composition: Ti250
Material:  Ti
Site positions of initial unit cell:
 Ti          Ti         
 -0.00000    1.46691    
 1.69384     0.84692    
 1.16425     3.49276    
Properties:
 Time        Epot        Ekin        Etot        Temp     MSD         Self_diff   LC_a      LC_b      LC_c      Volume      Pressure    DebyeT   Lindemann  
 fs          eV/atom     eV/atom     eV/atom     K        Å^2         mm^2/s      Å         Å         Å         Å^3/atom    Pa          K        1          
 500         -4.61162    0.02634     -4.58528    203.78   0.0         0.0         2.875     2.875     4.564     16.336    -481141164043.9586 inf      0.0        
 600         -4.61665    0.03104     -4.58561    240.15   0.00343     1e-05       2.875     2.875     4.564     16.336    -480905401894.9384 799.04   0.00383    
 700         -4.65765    0.0709      -4.58675    548.47   0.00092     0.0         2.875     2.875     4.564     16.336    -479040200008.2821 2333.84  0.00198    
 800         -4.71008    0.1219      -4.58817    943.1    0.00367     1e-05       2.875     2.875     4.564     16.336    -476653767521.68066 1530.64  0.00397    
 900         -4.74698    0.15777     -4.58922    1220.53  0.00336     1e-05       2.875     2.875     4.564     16.336    -474964417831.9093 1819.97  0.00379    
 1000        -4.75507    0.16562     -4.58945    1281.32  0.00517     1e-05       2.875     2.875     4.564     16.336    -474580968693.8651 1503.19  0.00471    
 1100        -4.71127    0.12287     -4.5884     950.56   0.00813     1e-05       2.875     2.875     4.564     16.336    -476546005849.5928 1032.84  0.0059     
 1200        -4.64692    0.06017     -4.58676    465.47   0.00909     1e-05       2.875     2.875     4.564     16.336    -479439241848.5958 683.58   0.00624    
 1300        -4.6119     0.02605     -4.58585    201.53   0.01387     2e-05       2.875     2.875     4.564     16.336    -481022785826.97546 364.07   0.00771    
 1400        -4.64356    0.05692     -4.58664    440.32   0.01435     2e-05       2.875     2.875     4.564     16.336    -479601421862.4184 528.98   0.00784    
 1500        -4.70515    0.11695     -4.5882     904.79   0.01832     2e-05       2.875     2.875     4.564     16.336    -476836504217.2458 671.12   0.00886    

Time averages:
             Epot        Ekin        Etot        Temp     MSD         Self_diff   Pressure    Spec_heat   DebyeT   Lindemann  
             eV/atom     eV/atom     eV/atom     K        Å^2         mm^2/s      Pa          J/(K*Kg)    K        1          
             -4.68052    0.09302     -4.58751    719.62   0.00803     1e-05       -477959071555.5504 403.20888   1126.73  0.00548    