Material ID: 0127
Unit cell composition: Zn375
Material:  Zn
Site positions of initial unit cell:
 Zn          Zn          Zn         
 0.00000     4.83683     16.95108   
 0.00000     0.86092     3.01716    
 0.00000     0.50755     1.77875    
Properties:
 Time        Epot        Ekin        Etot        Temp     MSD         Self_diff   LC_a      LC_b      LC_c      Volume      Pressure    DebyeT   Lindemann  
 fs          eV/atom     eV/atom     eV/atom     K        Å^2         mm^2/s      Å         Å         Å         Å^3/atom    Pa          K        1          
 500         -0.99763    0.02753     -0.9701     212.95   0.0         0.0         7.573     7.573     7.573     15.08     15585013413.54878 inf      0.0        
 600         -0.99348    0.02338     -0.9701     180.88   0.06682     0.00019     7.573     7.573     7.573     15.08     13578310735.55088 134.44   3e-05      
 700         -1.00435    0.03425     -0.9701     264.96   0.18444     0.00044     7.573     7.573     7.573     15.08     11773642935.20567 97.94    4e-05      
 800         -1.01507    0.04497     -0.9701     347.9    0.30606     0.00064     7.573     7.573     7.573     15.08     10764711312.87281 87.12    6e-05      
 900         -1.02212    0.05202     -0.9701     402.41   0.45337     0.00084     7.573     7.573     7.573     15.08     9296492891.7501 76.99    7e-05      
 1000        -1.03137    0.06127     -0.9701     473.98   0.62771     0.00105     7.573     7.573     7.573     15.08     8270945317.28944 71.01    8e-05      
 1100        -1.03731    0.0672      -0.9701     519.92   0.81865     0.00124     7.573     7.573     7.573     15.08     7498454506.86644 65.12    9e-05      
 1200        -1.04241    0.07231     -0.9701     559.39   0.99162     0.00138     7.573     7.573     7.573     15.08     7281697953.63095 61.38    0.0001     
 1300        -1.04757    0.07747     -0.9701     599.32   1.22146     0.00157     7.573     7.573     7.573     15.08     6961037010.93232 57.24    0.00011    
 1400        -1.05677    0.08666     -0.97011    670.44   1.54157     0.00184     7.573     7.573     7.573     15.08     6826633935.0311 53.89    0.00012    
 1500        -1.06186    0.09175     -0.97011    709.83   1.9509      0.00217     7.573     7.573     7.573     15.08     6183815207.44044 49.29    0.00014    

Time averages:
             Epot        Ekin        Etot        Temp     MSD         Self_diff   Pressure    Spec_heat   DebyeT   Lindemann  
             eV/atom     eV/atom     eV/atom     K        Å^2         mm^2/s      Pa          J/(K*Kg)    K        1          
             -1.03123    0.06113     -0.9701     472.9    0.81626     0.00124     8843574180.65701 251.46243   75.44    8e-05      