Material ID: 0153
Unit cell composition: Pt125
Material:  Pt
Site positions of initial unit cell:
 Pt         
 0.00000    
 0.00000    
 0.00000    
Properties:
 Time        Epot        Ekin        Etot        Temp     MSD         Self_diff   LC_a      LC_b      LC_c      Volume      Pressure    DebyeT   Lindemann  
 fs          eV/atom     eV/atom     eV/atom     K        Å^2         mm^2/s      Å         Å         Å         Å^3/atom    Pa          K        1          
 500         -22.23599   0.02613     -22.20986   202.14   0.0         0.0         2.868     2.868     2.868     16.685    240131827665.8954 inf      0.0        
 600         -22.22256   0.01271     -22.20986   98.31    0.00098     0.0         2.868     2.868     2.868     16.685    239098771049.43845 474.13   0.00218    
 700         -22.22133   0.01148     -22.20985   88.8     0.00124     0.0         2.868     2.868     2.868     16.685    239015888161.38315 400.49   0.00245    
 800         -22.22252   0.01266     -22.20986   97.97    0.0018      0.0         2.868     2.868     2.868     16.685    239148018484.82257 348.78   0.00296    
 900         -22.22017   0.01031     -22.20986   79.79    0.0026      0.0         2.868     2.868     2.868     16.685    238975546161.7975 261.97   0.00356    
 1000        -22.22286   0.013       -22.20986   100.58   0.00303     1e-05       2.868     2.868     2.868     16.685    239141921574.40363 272.39   0.00384    
 1100        -22.22295   0.0131      -22.20986   101.32   0.00414     1e-05       2.868     2.868     2.868     16.685    239122664625.57437 234.16   0.00448    
 1200        -22.22546   0.01561     -22.20986   120.73   0.00501     1e-05       2.868     2.868     2.868     16.685    239325393450.7463 232.34   0.00493    
 1300        -22.2224    0.01255     -22.20986   97.08    0.00662     1e-05       2.868     2.868     2.868     16.685    239101240064.16083 181.2    0.00567    
 1400        -22.22237   0.01251     -22.20986   96.82    0.00813     1e-05       2.868     2.868     2.868     16.685    239098428156.94833 163.21   0.00629    
 1500        -22.22032   0.01046     -22.20985   80.93    0.00979     1e-05       2.868     2.868     2.868     16.685    238977934587.51123 135.99   0.0069     

Time averages:
             Epot        Ekin        Etot        Temp     MSD         Self_diff   Pressure    Spec_heat   DebyeT   Lindemann  
             eV/atom     eV/atom     eV/atom     K        Å^2         mm^2/s      Pa          J/(K*Kg)    K        1          
             -22.22229   0.01244     -22.20986   96.23    0.00433     1e-05       239100580631.67862 64.49304    270.47   0.00433    