Material ID: 0279
Unit cell composition: Mg125
Material:  Mg
Site positions of initial unit cell:
 Mg         
 0.00000    
 0.00000    
 0.00000    
Properties:
 Time        Epot        Ekin        Etot        Temp     MSD         Self_diff   LC_a      LC_b      LC_c      Volume      Pressure    DebyeT   Lindemann  
 fs          eV/atom     eV/atom     eV/atom     K        Å^2         mm^2/s      Å         Å         Å         Å^3/atom    Pa          K        1          
 500         -0.35017    0.02544     -0.32473    196.81   0.0         0.0         3.313     3.313     3.313     25.722    3588707166.74421 inf      0.0        
 600         -0.34699    0.02225     -0.32473    172.17   0.1953      0.00054     3.313     3.313     3.313     25.722    2601286930.73167 125.84   0.02668    
 700         -0.35283    0.0281      -0.32473    217.35   0.51136     0.00122     3.313     3.313     3.313     25.722    2161291735.18637 87.38    0.04316    
 800         -0.35738    0.03265     -0.32473    252.6    0.90005     0.00188     3.313     3.313     3.313     25.722    1961337804.91145 71.0     0.05727    
 900         -0.36529    0.04055     -0.32473    313.73   1.3594      0.00252     3.313     3.313     3.313     25.722    1794960780.43785 64.39    0.07038    
 1000        -0.36843    0.0437      -0.32473    338.05   1.87366     0.00312     3.313     3.313     3.313     25.722    1490621912.4131 56.93    0.08262    
 1100        -0.36885    0.04412     -0.32473    341.3    2.29156     0.00347     3.313     3.313     3.313     25.722    1440119646.58843 51.72    0.09137    
 1200        -0.37067    0.04594     -0.32473    355.37   2.68839     0.00373     3.313     3.313     3.313     25.722    1063763589.72932 48.73    0.09897    
 1300        -0.37883    0.05409     -0.32474    418.48   3.15726     0.00405     3.313     3.313     3.313     25.722    1189045458.60083 48.79    0.10725    
 1400        -0.37568    0.05095     -0.32473    394.15   3.74908     0.00446     3.313     3.313     3.313     25.722    951720378.97317 43.46    0.11687    
 1500        -0.37745    0.05271     -0.32473    407.8    4.15511     0.00462     3.313     3.313     3.313     25.722    933831822.39519 41.99    0.12304    

Time averages:
             Epot        Ekin        Etot        Temp     MSD         Self_diff   Pressure    Spec_heat   DebyeT   Lindemann  
             eV/atom     eV/atom     eV/atom     K        Å^2         mm^2/s      Pa          J/(K*Kg)    K        1          
             -0.36624    0.04151     -0.32473    321.1    2.08812     0.00323     1558798005.99674 534.52526   64.02    0.08176    