Material ID: 0301
Unit cell composition: Pd125
Material:  Pd
Site positions of initial unit cell:
 Pd         
 0.00000    
 0.00000    
 0.00000    
Properties:
 Time        Epot        Ekin        Etot        Temp     MSD         Self_diff   LC_a      LC_b      LC_c      Volume      Pressure    DebyeT   Lindemann  
 fs          eV/atom     eV/atom     eV/atom     K        Å^2         mm^2/s      Å         Å         Å         Å^3/atom    Pa          K        1          
 500         -11.33559   0.02583     -11.30977   199.82   0.0         0.0         2.742     2.742     2.742     14.579    38344331231.78292 inf      0.0        
 600         -11.32374   0.014       -11.30975   108.27   0.00127     0.0         2.742     2.742     2.742     14.579    37497736518.59438 590.65   0.0026     
 700         -11.32165   0.01191     -11.30974   92.16    0.00345     1e-05       2.742     2.742     2.742     14.579    37356417870.7155 331.24   0.00428    
 800         -11.32552   0.01577     -11.30975   122.0    0.00714     1e-05       2.742     2.742     2.742     14.579    37600736003.89666 264.84   0.00616    
 900         -11.32523   0.01548     -11.30975   119.77   0.01224     2e-05       2.742     2.742     2.742     14.579    37576035149.6946 200.39   0.00807    
 1000        -11.3212    0.01146     -11.30974   88.64    0.01898     3e-05       2.742     2.742     2.742     14.579    37307053517.6731 138.43   0.01005    
 1100        -11.32529   0.01554     -11.30975   120.24   0.02692     4e-05       2.742     2.742     2.742     14.579    37570777216.93531 135.36   0.01197    
 1200        -11.32752   0.01776     -11.30976   137.42   0.0364      5e-05       2.742     2.742     2.742     14.579    37722248409.54226 124.44   0.01392    
 1300        -11.32406   0.01431     -11.30975   110.68   0.04747     6e-05       2.742     2.742     2.742     14.579    37493332667.48368 97.81    0.01589    
 1400        -11.31968   0.00994     -11.30974   76.88    0.06009     7e-05       2.742     2.742     2.742     14.579    37200988754.99856 72.45    0.01788    
 1500        -11.32475   0.015       -11.30975   116.03   0.07378     8e-05       2.742     2.742     2.742     14.579    37547764195.61794 80.33    0.01981    

Time averages:
             Epot        Ekin        Etot        Temp     MSD         Self_diff   Pressure    Spec_heat   DebyeT   Lindemann  
             eV/atom     eV/atom     eV/atom     K        Å^2         mm^2/s      Pa          J/(K*Kg)    K        1          
             -11.32386   0.01412     -11.30975   109.21   0.02877     4e-05       37487309030.5152 119.19265   203.59   0.01106    