Material ID: 0122
Unit cell composition: Zn250
Material:  Zn
Site positions of initial unit cell:
 Zn          Zn         
 -0.00000    1.31337    
 1.51654     0.75827    
 1.30181     3.90543    
Properties:
 Time        Epot        Ekin        Etot        Temp     MSD         Self_diff   LC_a      LC_b      LC_c      Volume      Pressure    DebyeT   Lindemann  
 fs          eV/atom     eV/atom     eV/atom     K        Å^2         mm^2/s      Å         Å         Å         Å^3/atom    Pa          K        1          
 500         -0.95084    0.02732     -0.92352    211.36   0.0         0.0         2.627     2.627     5.207     15.557    14059491447.97449 inf      0.0        
 600         -0.95099    0.02748     -0.92352    212.57   0.06621     0.00018     2.627     2.627     5.207     15.557    12524774289.09234 146.41   0.01609    
 700         -0.9661     0.04258     -0.92352    329.4    0.20447     0.00049     2.627     2.627     5.207     15.557    10675526536.64118 103.72   0.02828    
 800         -0.97534    0.05182     -0.92352    400.89   0.33594     0.0007      2.627     2.627     5.207     15.557    9374195521.6942 89.27    0.03625    
 900         -0.98918    0.06566     -0.92352    507.95   0.48711     0.0009      2.627     2.627     5.207     15.557    8854431006.81312 83.45    0.04365    
 1000        -0.99825    0.07473     -0.92352    578.14   0.70193     0.00117     2.627     2.627     5.207     15.557    7129304200.05797 74.16    0.05239    
 1100        -1.01451    0.09098     -0.92352    703.88   0.88064     0.00133     2.627     2.627     5.207     15.557    6568960059.49492 73.06    0.05868    
 1200        -1.01669    0.09317     -0.92352    720.77   1.10709     0.00154     2.627     2.627     5.207     15.557    5385975367.92239 65.93    0.0658     
 1300        -1.02636    0.10283     -0.92352    795.55   1.36683     0.00175     2.627     2.627     5.207     15.557    5731490939.27125 62.34    0.07311    
 1400        -1.02858    0.10506     -0.92353    812.76   1.69149     0.00201     2.627     2.627     5.207     15.557    4821434577.87901 56.64    0.08133    
 1500        -1.03761    0.11408     -0.92353    882.57   1.96777     0.00219     2.627     2.627     5.207     15.557    4585598634.07225 54.73    0.08772    

Time averages:
             Epot        Ekin        Etot        Temp     MSD         Self_diff   Pressure    Spec_heat   DebyeT   Lindemann  
             eV/atom     eV/atom     eV/atom     K        Å^2         mm^2/s      Pa          J/(K*Kg)    K        1          
             -1.00036    0.07684     -0.92352    594.45   0.88095     0.00134     7565169113.29386 230.85595   80.97    0.05433    