Material ID: 0068
Unit cell composition: Fe250
Material:  Fe
Site positions of initial unit cell:
 Fe          Fe         
 1.19209     0.00000    
 1.21211     0.00000    
 1.85485     0.00000    
Properties:
 Time        Epot        Ekin        Etot        Temp     MSD         Self_diff   LC_a      LC_b      LC_c      Volume      Pressure    DebyeT   Lindemann  
 fs          eV/atom     eV/atom     eV/atom     K        Å^2         mm^2/s      Å         Å         Å         Å^3/atom    Pa          K        1          
 500         -9.61943    0.02697     -9.59246    208.64   0.0         0.0         2.471     2.471     3.784     11.553    -55949076621.60597 inf      0.0        
 600         -9.64753    0.05487     -9.59266    424.52   0.00111     0.0         2.471     2.471     3.784     11.553    -53810662452.69662 1725.86  0.00259    
 700         -9.60929    0.01688     -9.59241    130.62   0.00312     1e-05       2.471     2.471     3.784     11.553    -56686300820.91032 571.98   0.00434    
 800         -9.64273    0.0501      -9.59263    387.59   0.00177     0.0         2.471     2.471     3.784     11.553    -54147882687.77418 1307.92  0.00327    
 900         -9.61064    0.01823     -9.59241    141.05   0.00126     0.0         2.471     2.471     3.784     11.553    -56586260370.25212 934.19   0.00276    
 1000        -9.63907    0.04646     -9.59261    359.42   0.00221     0.0         2.471     2.471     3.784     11.553    -54411074425.29291 1127.84  0.00365    
 1100        -9.61617    0.02374     -9.59244    183.63   0.00417     1e-05       2.471     2.471     3.784     11.553    -56179485470.92186 586.58   0.00502    
 1200        -9.6339     0.04132     -9.59259    319.64   0.00401     1e-05       2.471     2.471     3.784     11.553    -54781066684.05491 789.1    0.00492    
 1300        -9.61903    0.02658     -9.59245    205.64   0.00382     0.0         2.471     2.471     3.784     11.553    -55966066285.44458 649.09   0.0048     
 1400        -9.62752    0.03497     -9.59255    270.53   0.00506     1e-05       2.471     2.471     3.784     11.553    -55234524472.59402 646.65   0.00552    
 1500        -9.62014    0.02768     -9.59246    214.13   0.00678     1e-05       2.471     2.471     3.784     11.553    -55837667846.75796 496.89   0.00639    

Time averages:
             Epot        Ekin        Etot        Temp     MSD         Self_diff   Pressure    Spec_heat   DebyeT   Lindemann  
             eV/atom     eV/atom     eV/atom     K        Å^2         mm^2/s      Pa          J/(K*Kg)    K        1          
             -9.6266     0.03408     -9.59252    263.68   0.00333     1e-05       -55364099151.66994 275.36587   883.61   0.00433    