Material ID: 0006
Unit cell composition: Ag125
Material:  Ag
Site positions of initial unit cell:
 Ag         
 0.00000    
 0.00000    
 0.00000    
Properties:
 Time        Epot        Ekin        Etot        Temp     MSD         Self_diff   LC_a      LC_b      LC_c      Volume      Pressure    DebyeT   Lindemann  
 fs          eV/atom     eV/atom     eV/atom     K        Å^2         mm^2/s      Å         Å         Å         Å^3/atom    Pa          K        1          
 500         -13.52054   0.02653     -13.49401   205.25   0.0         0.0         2.883     2.883     2.883     16.946    56467515545.43768 inf      0.0        
 600         -13.51094   0.01694     -13.494     131.03   0.00108     0.0         2.883     2.883     2.883     16.946    55966429965.97285 702.32   0.00227    
 700         -13.50598   0.01199     -13.49399   92.73    0.00307     1e-05       2.883     2.883     2.883     16.946    55703758294.59479 349.47   0.00385    
 800         -13.5062    0.01221     -13.49399   94.45    0.00616     1e-05       2.883     2.883     2.883     16.946    55712969266.27691 249.1    0.00544    
 900         -13.50611   0.01212     -13.49399   93.75    0.01045     2e-05       2.883     2.883     2.883     16.946    55703680893.2812 190.51   0.00709    
 1000        -13.50693   0.01293     -13.494     100.05   0.01601     3e-05       2.883     2.883     2.883     16.946    55758358320.18015 159.02   0.00878    
 1100        -13.50701   0.01302     -13.49399   100.72   0.02268     3e-05       2.883     2.883     2.883     16.946    55755541164.96127 134.05   0.01045    
 1200        -13.50293   0.00894     -13.49399   69.18    0.03071     4e-05       2.883     2.883     2.883     16.946    55538872367.28572 95.49    0.01216    
 1300        -13.50633   0.01234     -13.49399   95.44    0.03968     5e-05       2.883     2.883     2.883     16.946    55710411779.7086 98.67    0.01382    
 1400        -13.5079    0.01391     -13.494     107.58   0.05007     6e-05       2.883     2.883     2.883     16.946    55805486883.36388 93.25    0.01552    
 1500        -13.51013   0.01613     -13.494     124.81   0.06143     7e-05       2.883     2.883     2.883     16.946    55921272452.69692 90.69    0.01719    

Time averages:
             Epot        Ekin        Etot        Temp     MSD         Self_diff   Pressure    Spec_heat   DebyeT   Lindemann  
             eV/atom     eV/atom     eV/atom     K        Å^2         mm^2/s      Pa          J/(K*Kg)    K        1          
             -13.50705   0.01305     -13.49399   100.97   0.02413     4e-05       55757678138.83224 117.71347   216.26   0.00966    