Material ID: 0128
Unit cell composition: Zn375
Material:  Zn
Site positions of initial unit cell:
 Zn          Zn          Zn         
 0.00000     4.83683     16.95108   
 0.00000     0.86092     3.01716    
 0.00000     0.50755     1.77875    
Properties:
 Time        Epot        Ekin        Etot        Temp     MSD         Self_diff   LC_a      LC_b      LC_c      Volume      Pressure    DebyeT   Lindemann  
 fs          eV/atom     eV/atom     eV/atom     K        Å^2         mm^2/s      Å         Å         Å         Å^3/atom    Pa          K        1          
 500         -0.92687    0.02617     -0.9007     202.49   0.0         0.0         7.724     7.724     7.724     16.003    13873497310.58448 inf      0.0        
 600         -0.92735    0.02665     -0.9007     206.17   0.06927     0.00019     7.724     7.724     7.724     16.003    10958071158.61284 140.97   3e-05      
 700         -0.94763    0.04693     -0.9007     363.04   0.21858     0.00052     7.724     7.724     7.724     16.003    9435329900.70796 105.31   5e-05      
 800         -0.96451    0.06381     -0.9007     493.62   0.3866      0.00081     7.724     7.724     7.724     16.003    7776890272.4408 92.34    6e-05      
 900         -0.9754     0.0747      -0.9007     577.88   0.58311     0.00108     7.724     7.724     7.724     16.003    6378659515.24945 81.35    8e-05      
 1000        -0.98075    0.08005     -0.9007     619.26   0.79468     0.00132     7.724     7.724     7.724     16.003    6365523787.53553 72.14    9e-05      
 1100        -0.98521    0.08451     -0.90071    653.76   1.06465     0.00161     7.724     7.724     7.724     16.003    5891530145.44231 64.03    0.0001     
 1200        -0.99063    0.08992     -0.9007     695.66   1.34863     0.00187     7.724     7.724     7.724     16.003    5204636007.13743 58.69    0.00012    
 1300        -1.00184    0.10114     -0.90071    782.43   1.65099     0.00212     7.724     7.724     7.724     16.003    5373177330.08325 56.25    0.00013    
 1400        -1.01198    0.11128     -0.90071    860.87   2.04443     0.00243     7.724     7.724     7.724     16.003    5010482780.05113 53.03    0.00014    
 1500        -1.02592    0.12521     -0.90071    968.67   2.5715      0.00286     7.724     7.724     7.724     16.003    4209607113.1228 50.15    0.00016    

Time averages:
             Epot        Ekin        Etot        Temp     MSD         Self_diff   Pressure    Spec_heat   DebyeT   Lindemann  
             eV/atom     eV/atom     eV/atom     K        Å^2         mm^2/s      Pa          J/(K*Kg)    K        1          
             -0.98112    0.08042     -0.9007     622.14   1.07324     0.00162     6660390801.03835 251.57029   77.43    0.0001     