Material ID: 0285
Unit cell composition: Mg125
Material:  Mg
Site positions of initial unit cell:
 Mg         
 0.00000    
 0.00000    
 0.00000    
Properties:
 Time        Epot        Ekin        Etot        Temp     MSD         Self_diff   LC_a      LC_b      LC_c      Volume      Pressure    DebyeT   Lindemann  
 fs          eV/atom     eV/atom     eV/atom     K        Å^2         mm^2/s      Å         Å         Å         Å^3/atom    Pa          K        1          
 500         -0.49341    0.02472     -0.46869    191.24   0.0         0.0         2.976     2.976     2.976     20.285    4936106874.13599 inf      0.0        
 600         -0.48175    0.01306     -0.46869    101.03   0.10532     0.00029     2.976     2.976     2.976     20.285    4003223864.47081 131.26   0.02181    
 700         -0.48372    0.01503     -0.46869    116.24   0.21613     0.00051     2.976     2.976     2.976     20.285    3892437599.05789 98.29    0.03125    
 800         -0.48351    0.01482     -0.46869    114.66   0.31184     0.00065     2.976     2.976     2.976     20.285    3803096682.20766 81.27    0.03753    
 900         -0.48435    0.01566     -0.46869    121.13   0.3588      0.00066     2.976     2.976     2.976     20.285    3875036158.93374 77.87    0.04026    
 1000        -0.48429    0.0156      -0.46869    120.69   0.39551     0.00066     2.976     2.976     2.976     20.285    4036801256.67022 74.04    0.04227    
 1100        -0.48508    0.01639     -0.46869    126.79   0.43184     0.00065     2.976     2.976     2.976     20.285    4104978106.02213 72.62    0.04417    
 1200        -0.48499    0.0163      -0.46869    126.07   0.4719      0.00066     2.976     2.976     2.976     20.285    4028952077.12718 69.27    0.04617    
 1300        -0.48426    0.01556     -0.46869    120.4    0.50836     0.00065     2.976     2.976     2.976     20.285    3954780249.73491 65.23    0.04792    
 1400        -0.48405    0.01535     -0.46869    118.79   0.55645     0.00066     2.976     2.976     2.976     20.285    3904048312.70914 61.92    0.05014    
 1500        -0.4841     0.01541     -0.46869    119.22   0.62223     0.00069     2.976     2.976     2.976     20.285    3889024790.3924 58.67    0.05302    

Time averages:
             Epot        Ekin        Etot        Temp     MSD         Self_diff   Pressure    Spec_heat   DebyeT   Lindemann  
             eV/atom     eV/atom     eV/atom     K        Å^2         mm^2/s      Pa          J/(K*Kg)    K        1          
             -0.48401    0.01532     -0.46869    118.5    0.39784     0.00064     3949237909.73261 514.27287   79.04    0.04145    