Material ID: 0293
Unit cell composition: Mg250
Material:  Mg
Site positions of initial unit cell:
 Mg          Mg         
 -0.00000    1.60152    
 1.84927     0.92463    
 1.28167     3.84502    
Properties:
 Time        Epot        Ekin        Etot        Temp     MSD         Self_diff   LC_a      LC_b      LC_c      Volume      Pressure    DebyeT   Lindemann  
 fs          eV/atom     eV/atom     eV/atom     K        Å^2         mm^2/s      Å         Å         Å         Å^3/atom    Pa          K        1          
 500         -0.38724    0.02742     -0.35982    212.12   0.0         0.0         3.267     3.267     5.229     24.169    4031716851.66198 inf      0.0        
 600         -0.38058    0.02076     -0.35982    160.61   0.1858      0.00052     3.267     3.267     5.229     24.169    2847378612.95278 124.61   0.02471    
 700         -0.38682    0.02699     -0.35982    208.84   0.4194      0.001       3.267     3.267     5.229     24.169    2591785976.98385 94.57    0.03712    
 800         -0.38815    0.02832     -0.35982    219.11   0.66507     0.00139     3.267     3.267     5.229     24.169    2202430129.30354 76.93    0.04675    
 900         -0.39157    0.03175     -0.35982    245.61   0.9328      0.00173     3.267     3.267     5.229     24.169    2016404131.24929 68.77    0.05536    
 1000        -0.39544    0.03561     -0.35983    275.52   1.23087     0.00205     3.267     3.267     5.229     24.169    1722001079.92494 63.41    0.0636     
 1100        -0.39842    0.0386      -0.35983    298.61   1.45274     0.0022      3.267     3.267     5.229     24.169    1511842189.24876 60.76    0.06909    
 1200        -0.40288    0.04305     -0.35983    333.08   1.72025     0.00239     3.267     3.267     5.229     24.169    1520973216.58934 58.97    0.07518    
 1300        -0.40282    0.04299     -0.35983    332.58   2.04058     0.00262     3.267     3.267     5.229     24.169    1420563068.62937 54.11    0.08189    
 1400        -0.40603    0.0462      -0.35983    357.44   2.4161      0.00288     3.267     3.267     5.229     24.169    1460478290.00079 51.55    0.0891     
 1500        -0.40897    0.04914     -0.35983    380.15   2.92669     0.00325     3.267     3.267     5.229     24.169    1288594616.53904 48.3     0.09807    

Time averages:
             Epot        Ekin        Etot        Temp     MSD         Self_diff   Pressure    Spec_heat   DebyeT   Lindemann  
             eV/atom     eV/atom     eV/atom     K        Å^2         mm^2/s      Pa          J/(K*Kg)    K        1          
             -0.39617    0.03634     -0.35983    281.16   1.39903     0.00217     1858245131.14217 556.46873   70.2     0.06409    