Material ID: 0274
Unit cell composition: Mg375
Material:  Mg
Site positions of initial unit cell:
 Mg          Mg          Mg         
 0.00000     4.95089     17.32955   
 0.00000     1.03261     3.61442    
 0.00000     0.61347     2.14732    
Properties:
 Time        Epot        Ekin        Etot        Temp     MSD         Self_diff   LC_a      LC_b      LC_c      Volume      Pressure    DebyeT   Lindemann  
 fs          eV/atom     eV/atom     eV/atom     K        Å^2         mm^2/s      Å         Å         Å         Å^3/atom    Pa          K        1          
 500         -0.34652    0.02591     -0.32061    200.47   0.0         0.0         8.178     8.178     8.178     25.59     2453173254.2915 inf      0.0        
 600         -0.35168    0.03108     -0.32061    240.42   0.23994     0.00067     8.178     8.178     8.178     25.59     2673054586.18738 134.16   5e-05      
 700         -0.35586    0.03526     -0.32061    272.76   0.59026     0.00141     8.178     8.178     8.178     25.59     2147553048.14864 91.11    8e-05      
 800         -0.35999    0.03938     -0.32061    304.64   0.88158     0.00184     8.178     8.178     8.178     25.59     1939896511.44749 78.79    9e-05      
 900         -0.36264    0.04203     -0.32061    325.15   1.21656     0.00225     8.178     8.178     8.178     25.59     1577496589.31576 69.29    0.00011    
 1000        -0.36869    0.04808     -0.32061    371.97   1.58581     0.00264     8.178     8.178     8.178     25.59     1467255467.83775 64.91    0.00013    
 1100        -0.3737     0.0531      -0.32061    410.77   2.11074     0.0032      8.178     8.178     8.178     25.59     1379857956.88832 59.12    0.00015    
 1200        -0.37372    0.05311     -0.32061    410.89   2.61402     0.00363     8.178     8.178     8.178     25.59     1115237884.98376 53.14    0.00016    
 1300        -0.37875    0.05814     -0.32061    449.77   3.03454     0.00389     8.178     8.178     8.178     25.59     1110104227.07186 51.6     0.00017    
 1400        -0.37894    0.05833     -0.32061    451.25   3.44476     0.0041      8.178     8.178     8.178     25.59     1147597517.91598 48.51    0.00019    
 1500        -0.37918    0.05857     -0.32061    453.1    3.85083     0.00428     8.178     8.178     8.178     25.59     1205916709.55551 45.97    0.0002     

Time averages:
             Epot        Ekin        Etot        Temp     MSD         Self_diff   Pressure    Spec_heat   DebyeT   Lindemann  
             eV/atom     eV/atom     eV/atom     K        Å^2         mm^2/s      Pa          J/(K*Kg)    K        1          
             -0.36832    0.04771     -0.32061    369.07   1.9569      0.00303     1576397049.93525 558.8627    69.66    0.00013    