Material ID: 0277
Unit cell composition: Mg125
Material:  Mg
Site positions of initial unit cell:
 Mg         
 0.00000    
 0.00000    
 0.00000    
Properties:
 Time        Epot        Ekin        Etot        Temp     MSD         Self_diff   LC_a      LC_b      LC_c      Volume      Pressure    DebyeT   Lindemann  
 fs          eV/atom     eV/atom     eV/atom     K        Å^2         mm^2/s      Å         Å         Å         Å^3/atom    Pa          K        1          
 500         -0.42175    0.02209     -0.39966    170.9    0.0         0.0         3.186     3.186     3.186     22.866    4460005487.16451 inf      0.0        
 600         -0.41273    0.01306     -0.39966    101.07   0.14523     0.0004      3.186     3.186     3.186     22.866    3368911720.35988 111.81   0.02392    
 700         -0.41716    0.01749     -0.39966    135.33   0.3319      0.00079     3.186     3.186     3.186     22.866    3049190270.19801 85.58    0.03617    
 800         -0.42025    0.02059     -0.39966    159.27   0.52456     0.00109     3.186     3.186     3.186     22.866    2826682576.43876 73.85    0.04547    
 900         -0.42294    0.02327     -0.39966    180.05   0.73355     0.00136     3.186     3.186     3.186     22.866    2530392265.70076 66.4     0.05377    
 1000        -0.42562    0.02596     -0.39967    200.81   0.89922     0.0015      3.186     3.186     3.186     22.866    2338676187.527 63.33    0.05953    
 1100        -0.4298     0.03014     -0.39967    233.14   1.02406     0.00155     3.186     3.186     3.186     22.866    2396216423.83396 63.95    0.06353    
 1200        -0.42639    0.02673     -0.39966    206.79   1.19695     0.00166     3.186     3.186     3.186     22.866    2121101345.26368 55.71    0.06868    
 1300        -0.42957    0.0299      -0.39967    231.33   1.40647     0.0018      3.186     3.186     3.186     22.866    1971586873.92564 54.35    0.07445    
 1400        -0.43234    0.03267     -0.39967    252.78   1.58334     0.00188     3.186     3.186     3.186     22.866    1778001326.71001 53.55    0.07899    
 1500        -0.43781    0.03815     -0.39967    295.11   1.84902     0.00205     3.186     3.186     3.186     22.866    1568716377.19258 53.54    0.08536    

Time averages:
             Epot        Ekin        Etot        Temp     MSD         Self_diff   Pressure    Spec_heat   DebyeT   Lindemann  
             eV/atom     eV/atom     eV/atom     K        Å^2         mm^2/s      Pa          J/(K*Kg)    K        1          
             -0.42546    0.0258      -0.39966    199.57   0.96943     0.00152     2394947536.71503 540.24638   68.21    0.05899    