Material ID: 0004
Unit cell composition: Ag250
Material:  Ag
Site positions of initial unit cell:
 Ag          Ag         
 -0.00000    1.47633    
 1.70471     0.85236    
 1.19958     3.59874    
Properties:
 Time        Epot        Ekin        Etot        Temp     MSD         Self_diff   LC_a      LC_b      LC_c      Volume      Pressure    DebyeT   Lindemann  
 fs          eV/atom     eV/atom     eV/atom     K        Å^2         mm^2/s      Å         Å         Å         Å^3/atom    Pa          K        1          
 500         -11.54114   0.02533     -11.51581   195.95   0.0         0.0         3.071     3.071     4.99      20.376    101330430597.44974 inf      0.0        
 600         -11.5519    0.03608     -11.51582   279.14   0.00824     2e-05       3.071     3.071     4.99      20.376    102261994657.13966 370.22   0.00549    
 700         -11.55843   0.04261     -11.51583   329.61   0.00762     2e-05       3.071     3.071     4.99      20.376    102727999700.2142 418.38   0.00528    
 800         -11.53373   0.01792     -11.51581   138.62   0.01642     3e-05       3.071     3.071     4.99      20.376    100892685379.05022 184.87   0.00775    
 900         -11.55209   0.03627     -11.51582   280.6    0.0099      2e-05       3.071     3.071     4.99      20.376    102287511266.81155 338.72   0.00602    
 1000        -11.55766   0.04183     -11.51582   323.62   0.00919     2e-05       3.071     3.071     4.99      20.376    102648511151.59628 377.45   0.0058     
 1100        -11.54453   0.02871     -11.51582   222.13   0.00767     1e-05       3.071     3.071     4.99      20.376    101665851780.55959 342.29   0.0053     
 1200        -11.55427   0.03845     -11.51582   297.45   0.00915     1e-05       3.071     3.071     4.99      20.376    102472260104.22353 362.76   0.00578    
 1300        -11.55346   0.03764     -11.51582   291.18   0.01459     2e-05       3.071     3.071     4.99      20.376    102435150530.7633 284.23   0.0073     
 1400        -11.5491    0.03328     -11.51582   257.48   0.01489     2e-05       3.071     3.071     4.99      20.376    102131906201.08025 264.57   0.00738    
 1500        -11.55255   0.03674     -11.51582   284.2    0.01676     2e-05       3.071     3.071     4.99      20.376    102494383589.30125 261.95   0.00783    

Time averages:
             Epot        Ekin        Etot        Temp     MSD         Self_diff   Pressure    Spec_heat   DebyeT   Lindemann  
             eV/atom     eV/atom     eV/atom     K        Å^2         mm^2/s      Pa          J/(K*Kg)    K        1          
             -11.55077   0.03495     -11.51582   270.4    0.01144     2e-05       102201825436.07399 121.77889   320.54   0.00639    