Material ID: 0007
Unit cell composition: Ag125
Material:  Ag
Site positions of initial unit cell:
 Ag         
 0.00000    
 0.00000    
 0.00000    
Properties:
 Time        Epot        Ekin        Etot        Temp     MSD         Self_diff   LC_a      LC_b      LC_c      Volume      Pressure    DebyeT   Lindemann  
 fs          eV/atom     eV/atom     eV/atom     K        Å^2         mm^2/s      Å         Å         Å         Å^3/atom    Pa          K        1          
 500         -13.03975   0.02401     -13.01574   185.76   0.0         0.0         2.942     2.942     2.942     18.005    85716553281.60825 inf      0.0        
 600         -13.02496   0.00924     -13.01573   71.47    0.00111     0.0         2.942     2.942     2.942     18.005    84900842638.72086 510.09   0.00227    
 700         -13.02875   0.01302     -13.01573   100.74   0.00177     0.0         2.942     2.942     2.942     18.005    85123789657.27591 480.32   0.00286    
 800         -13.02463   0.0089      -13.01573   68.89    0.00342     1e-05       2.942     2.942     2.942     18.005    84904665496.85059 285.35   0.00398    
 900         -13.02678   0.01105     -13.01573   85.5     0.00495     1e-05       2.942     2.942     2.942     18.005    84993257550.021 264.45   0.00478    
 1000        -13.02788   0.01215     -13.01573   94.0     0.00751     1e-05       2.942     2.942     2.942     18.005    85070239909.79802 225.08   0.00589    
 1100        -13.0292    0.01347     -13.01573   104.21   0.01041     2e-05       2.942     2.942     2.942     18.005    85142521210.02136 201.27   0.00694    
 1200        -13.02445   0.00873     -13.01573   67.51    0.01416     2e-05       2.942     2.942     2.942     18.005    84880836417.53838 138.91   0.00809    
 1300        -13.0303    0.01457     -13.01573   112.7    0.01777     2e-05       2.942     2.942     2.942     18.005    85199137887.4199 160.24   0.00906    
 1400        -13.02549   0.00976     -13.01573   75.53    0.02263     3e-05       2.942     2.942     2.942     18.005    84946897180.08624 116.22   0.01023    
 1500        -13.0277    0.01197     -13.01573   92.63    0.02767     3e-05       2.942     2.942     2.942     18.005    85061725818.54196 116.4    0.01131    

Time averages:
             Epot        Ekin        Etot        Temp     MSD         Self_diff   Pressure    Spec_heat   DebyeT   Lindemann  
             eV/atom     eV/atom     eV/atom     K        Å^2         mm^2/s      Pa          J/(K*Kg)    K        1          
             -13.02701   0.01129     -13.01573   87.32    0.01114     2e-05       85022391376.62741 118.00103   249.83   0.00654    