Material ID: 0267
Unit cell composition: Mg1250
Material:  Mg
Site positions of initial unit cell:
 Mg          Mg          Mg          Mg          Mg          Mg          Mg          Mg          Mg          Mg         
 1.77484     0.03195     0.03372     1.77797     0.05113     1.76048     1.75887     1.74315     0.06810     0.04804    
 0.04004     5.02873     5.00894     -0.00904    2.54023     2.45969     2.47775     4.96204     0.03742     2.59104    
 2.45524     4.84241     9.75349     12.13955    12.40837    9.48594     5.11741     7.29885     14.59433    2.18017    
Properties:
 Time        Epot        Ekin        Etot        Temp     MSD         Self_diff   LC_a      LC_b      LC_c      Volume      Pressure    DebyeT   Lindemann  
 fs          eV/atom     eV/atom     eV/atom     K        Å^2         mm^2/s      Å         Å         Å         Å^3/atom    Pa          K        1          
 500         -0.37123    0.02589     -0.34534    200.32   0.0         0.0         3.421     5.103     14.596    25.481    3292468683.38954 inf      0.0        
 600         -0.36886    0.02352     -0.34534    181.97   0.16158     0.00045     3.421     5.103     14.596    25.481    2403831442.96732 142.23   4e-05      
 700         -0.37262    0.02728     -0.34534    211.01   0.41314     0.00098     3.421     5.103     14.596    25.481    2014924097.50193 95.78    6e-05      
 800         -0.37378    0.02843     -0.34534    219.98   0.66018     0.00138     3.421     5.103     14.596    25.481    1973560577.39088 77.36    8e-05      
 900         -0.37678    0.03144     -0.34534    243.21   0.93969     0.00174     3.421     5.103     14.596    25.481    1777239414.28536 68.18    0.0001     
 1000        -0.37977    0.03443     -0.34534    266.38   1.23652     0.00206     3.421     5.103     14.596    25.481    1696183996.68214 62.21    0.00011    
 1100        -0.38273    0.03738     -0.34534    289.21   1.59427     0.00242     3.421     5.103     14.596    25.481    1546974566.49365 57.08    0.00013    
 1200        -0.38642    0.04108     -0.34534    317.8    1.95036     0.00271     3.421     5.103     14.596    25.481    1429392609.14478 54.1     0.00014    
 1300        -0.38923    0.04389     -0.34534    339.54   2.36791     0.00304     3.421     5.103     14.596    25.481    1308929988.3704 50.75    0.00015    
 1400        -0.3916     0.04626     -0.34534    357.87   2.84259     0.00338     3.421     5.103     14.596    25.481    1271907104.02685 47.55    0.00017    
 1500        -0.39295    0.04761     -0.34534    368.34   3.31605     0.00368     3.421     5.103     14.596    25.481    1202017649.45524 44.67    0.00018    

Time averages:
             Epot        Ekin        Etot        Temp     MSD         Self_diff   Pressure    Spec_heat   DebyeT   Lindemann  
             eV/atom     eV/atom     eV/atom     K        Å^2         mm^2/s      Pa          J/(K*Kg)    K        1          
             -0.38147    0.03613     -0.34534    279.53   1.54823     0.00238     1662496144.63186 763.50683   69.99    0.00012    