Material ID: 0047
Unit cell composition: Fe12500
Material:  Fe
Site positions of initial unit cell:
 Fe          Fe          Fe          Fe          Fe          Fe          Fe          Fe          Fe          Fe          Fe          Fe          Fe          Fe          Fe          Fe          Fe          Fe          Fe          Fe          Fe          Fe          Fe          Fe          Fe          Fe          Fe          Fe          Fe          Fe          Fe          Fe          Fe          Fe          Fe          Fe          Fe          Fe          Fe          Fe          Fe          Fe          Fe          Fe          Fe          Fe          Fe          Fe          Fe          Fe          Fe          Fe          Fe          Fe          Fe          Fe          Fe          Fe          Fe          Fe          Fe          Fe          Fe          Fe          Fe          Fe          Fe          Fe          Fe          Fe          Fe          Fe          Fe          Fe          Fe          Fe          Fe          Fe          Fe          Fe          Fe          Fe          Fe          Fe          Fe          Fe          Fe          Fe          Fe          Fe          Fe          Fe          Fe          Fe          Fe          Fe          Fe          Fe          Fe          Fe         
 5.81928     8.49077     8.78690     1.61238     8.05907     7.34638     3.93206     -0.06424    10.01257    0.18159     2.06284     1.51454     9.27844     0.16336     1.33527     4.12057     4.24468     0.81629     8.19078     5.94928     6.15606     4.00424     2.90043     5.17223     1.83469     6.52622     3.99937     6.20259     8.40247     9.48256     9.70571     3.43269     0.38866     4.47815     2.58214     7.68063     3.80033     9.10337     7.13860     10.00229    0.25440     2.43311     4.38268     5.87868     -0.05354    5.63354     9.34342     9.38239     3.62742     6.12568     3.35580     2.66209     6.54700     8.51891     6.88174     2.44256     9.64806     1.50418     1.07786     7.93044     6.89254     5.29788     7.28953     7.38713     3.51413     0.26582     7.48506     3.84293     5.44761     6.07618     6.76218     0.09623     8.39603     3.51491     5.92319     2.16089     7.69187     5.13843     7.83404     1.15529     3.48805     1.98676     9.31273     5.00601     1.92409     5.17630     8.07601     9.55299     5.53322     1.81400     1.10917     3.65932     7.84639     2.46120     4.31792     1.70097     1.24867     8.22555     5.16848     -0.00479   
 5.16284     2.78763     9.07748     7.37045     2.27799     8.26314     5.06848     5.43614     3.95277     3.41677     4.85362     1.10447     2.94630     1.09385     6.71525     6.16032     2.01829     9.21851     2.21740     10.68494    7.25501     10.68639    5.40073     2.35183     0.23104     0.68519     8.58982     3.24839     0.74063     9.73542     1.27967     3.93901     2.37175     3.69887     8.84336     9.41383     4.33151     3.50649     4.26679     6.32167     8.85006     10.52855    10.72489    9.61354     1.55415     6.44126     7.49329     10.04139    6.57789     5.18566     2.66138     1.69068     2.89503     4.89664     3.73006     7.02546     4.92204     4.81471     10.68618    4.46974     6.81664     8.50591     9.10458     1.91205     7.91485     5.44096     6.76734     6.53050     5.26320     9.62868     1.01563     7.54764     8.11474     9.11241     1.18882     8.98996     10.56922    8.16330     6.83834     3.14682     10.46996    2.71387     0.44978     4.27398     0.61270     9.86265     10.53800    7.44232     1.59621     7.14414     8.87563     2.74783     5.18255     2.26281     0.94370     5.15999     3.60528     5.77015     7.31236     9.96717    
 6.30958     3.89107     7.71128     10.03475    6.09115     1.27373     7.70510     8.11577     5.69244     10.04886    9.36896     0.88927     8.01366     9.12468     2.49957     9.89181     5.05345     8.65003     10.02487    2.27662     5.28395     6.44718     1.25975     2.89827     4.96747     9.12476     5.05456     4.99140     7.95083     2.09150     1.55432     3.09876     3.67765     9.49041     3.24868     3.48435     5.28910     1.31184     2.60404     4.90037     4.15682     10.00501    4.02344     7.60771     6.22143     1.54125     9.62941     10.09708    3.37061     8.57057     1.05769     3.17148     8.20814     9.45398     0.21169     7.83326     3.06435     4.03621     2.82539     7.11901     9.80607     2.92739     9.40828     1.97989     1.11206     0.55968     3.26025     5.90421     3.81153     5.25572     4.22091     6.90670     5.39036     8.51716     6.61189     6.47382     0.80021     10.02166    7.38877     7.68182     1.80441     5.43302     4.10088     1.36611     7.55830     0.12019     5.91484     2.24243     0.40560     4.97352     1.11645     7.25420     4.90505     9.41410     8.70025     6.44653     1.83865     1.12560     7.73118     6.29793    
Properties:
 Time        Epot        Ekin        Etot        Temp     MSD         Self_diff   LC_a      LC_b      LC_c      Volume      Pressure    DebyeT   Lindemann  
 fs          eV/atom     eV/atom     eV/atom     K        Å^2         mm^2/s      Å         Å         Å         Å^3/atom    Pa          K        1          
 500         -7.71368    0.02586     -7.68783    200.03   0.0         0.0         10.406    10.709    10.456    11.642    -181346144563.78253 inf      0.0        
 600         -8.10085    0.41184     -7.68901    3186.17  0.23208     0.00064     10.406    10.709    10.456    11.642    -155533640881.89853 327.61   5e-05      
 700         -8.10728    0.41809     -7.68919    3234.51  0.40548     0.00097     10.406    10.709    10.456    11.642    -154953414170.37918 249.72   6e-05      
 800         -8.133      0.44372     -7.68928    3432.79  0.4974      0.00104     10.406    10.709    10.456    11.642    -153333820717.86166 232.28   7e-05      
 900         -8.15272    0.46342     -7.6893     3585.19  0.60546     0.00112     10.406    10.709    10.456    11.642    -151741711429.53604 215.15   8e-05      
 1000        -8.1724     0.48303     -7.68937    3736.91  0.70156     0.00117     10.406    10.709    10.456    11.642    -150298002535.06003 204.06   8e-05      
 1100        -8.18074    0.49134     -7.6894     3801.14  0.77616     0.00118     10.406    10.709    10.456    11.642    -149504721600.0129 195.67   9e-05      
 1200        -8.1914     0.50198     -7.68942    3883.5   0.83826     0.00116     10.406    10.709    10.456    11.642    -148880243682.1961 190.31   9e-05      
 1300        -8.19936    0.50992     -7.68944    3944.91  0.87738     0.00112     10.406    10.709    10.456    11.642    -148155063665.8727 187.48   9e-05      
 1400        -8.208      0.51854     -7.68946    4011.57  0.92188     0.0011      10.406    10.709    10.456    11.642    -147583082485.7985 184.44   0.0001     
 1500        -8.21795    0.52845     -7.6895     4088.29  0.96157     0.00107     10.406    10.709    10.456    11.642    -146820184777.71625 182.31   0.0001     

Time averages:
             Epot        Ekin        Etot        Temp     MSD         Self_diff   Pressure    Spec_heat   DebyeT   Lindemann  
             eV/atom     eV/atom     eV/atom     K        Å^2         mm^2/s      Pa          J/(K*Kg)    K        1          
             -8.16637    0.47703     -7.68934    3690.5   0.68172     0.0011      -150680388594.63324 405.37668   216.9    8e-05      