Material ID: 0309
Unit cell composition: Pd500
Material:  Pd
Site positions of initial unit cell:
 Pd          Pd          Pd          Pd         
 0.00000     -0.00000    0.00000     1.39885    
 0.00000     1.61525     0.00000     0.80762    
 0.00000     2.28701     4.57402     6.86103    
Properties:
 Time        Epot        Ekin        Etot        Temp     MSD         Self_diff   LC_a      LC_b      LC_c      Volume      Pressure    DebyeT   Lindemann  
 fs          eV/atom     eV/atom     eV/atom     K        Å^2         mm^2/s      Å         Å         Å         Å^3/atom    Pa          K        1          
 500         -9.86853    0.02757     -9.84096    213.28   0.0         0.0         2.91      2.91      9.514     17.438    90497254486.6777 inf      0.0        
 600         -9.88675    0.04578     -9.84097    354.13   0.03128     9e-05       2.91      2.91      9.514     17.438    93174038765.96442 215.51   0.01719    
 700         -9.91243    0.07145     -9.84098    552.79   0.01304     3e-05       2.91      2.91      9.514     17.438    95758963620.03098 416.96   0.0111     
 800         -9.9092     0.06823     -9.84097    527.82   0.01658     3e-05       2.91      2.91      9.514     17.438    95517239700.77008 361.4    0.01252    
 900         -9.9085     0.06753     -9.84097    522.41   0.02161     4e-05       2.91      2.91      9.514     17.438    95435950582.6765 314.89   0.01429    
 1000        -9.89814    0.05716     -9.84097    442.24   0.01934     3e-05       2.91      2.91      9.514     17.438    94693366237.83807 306.26   0.01352    
 1100        -9.88611    0.04515     -9.84097    349.28   0.03328     5e-05       2.91      2.91      9.514     17.438    93509640785.93745 207.49   0.01773    
 1200        -9.87839    0.03744     -9.84096    289.62   0.01541     2e-05       2.91      2.91      9.514     17.438    92518277805.03804 277.69   0.01207    
 1300        -9.88381    0.04285     -9.84096    331.49   0.03179     4e-05       2.91      2.91      9.514     17.438    93287833014.84827 206.84   0.01733    
 1400        -9.89841    0.05745     -9.84096    444.43   0.02882     3e-05       2.91      2.91      9.514     17.438    94763880169.6401 251.5    0.0165     
 1500        -9.89488    0.05392     -9.84096    417.11   0.0266      3e-05       2.91      2.91      9.514     17.438    94423552879.13022 253.62   0.01586    

Time averages:
             Epot        Ekin        Etot        Temp     MSD         Self_diff   Pressure    Spec_heat   DebyeT   Lindemann  
             eV/atom     eV/atom     eV/atom     K        Å^2         mm^2/s      Pa          J/(K*Kg)    K        1          
             -9.89566    0.0547      -9.84097    423.13   0.02378     3e-05       94308274356.18742 131.91312   281.22   0.01481    