Material ID: 0275
Unit cell composition: Mg125
Material:  Mg
Site positions of initial unit cell:
 Mg         
 0.00000    
 0.00000    
 0.00000    
Properties:
 Time        Epot        Ekin        Etot        Temp     MSD         Self_diff   LC_a      LC_b      LC_c      Volume      Pressure    DebyeT   Lindemann  
 fs          eV/atom     eV/atom     eV/atom     K        Å^2         mm^2/s      Å         Å         Å         Å^3/atom    Pa          K        1          
 500         -0.50183    0.0266      -0.47523    205.82   0.0         0.0         3.059     3.059     3.059     20.231    5220303043.2121 inf      0.0        
 600         -0.48631    0.01108     -0.47523    85.72    0.09791     0.00027     3.059     3.059     3.059     20.231    4020484783.29462 125.4    0.02046    
 700         -0.48836    0.01313     -0.47523    101.57   0.13204     0.00031     3.059     3.059     3.059     20.231    4079504219.38296 117.55   0.02376    
 800         -0.48912    0.0139      -0.47523    107.5    0.13453     0.00028     3.059     3.059     3.059     20.231    4127171603.66259 119.81   0.02398    
 900         -0.4895     0.01427     -0.47523    110.4    0.12415     0.00023     3.059     3.059     3.059     20.231    4222843249.99029 126.38   0.02304    
 1000        -0.49019    0.01496     -0.47523    115.76   0.10589     0.00018     3.059     3.059     3.059     20.231    4342367779.23949 140.13   0.02128    
 1100        -0.49       0.01477     -0.47523    114.3    0.10121     0.00015     3.059     3.059     3.059     20.231    4317963879.16396 142.43   0.0208     
 1200        -0.49079    0.01556     -0.47523    120.4    0.11359     0.00016     3.059     3.059     3.059     20.231    4308169039.05544 137.99   0.02204    
 1300        -0.48945    0.01423     -0.47523    110.06   0.13368     0.00017     3.059     3.059     3.059     20.231    4133976269.84076 121.61   0.02391    
 1400        -0.48907    0.01384     -0.47523    107.07   0.1398      0.00017     3.059     3.059     3.059     20.231    4134558591.65465 117.29   0.02445    
 1500        -0.49007    0.01485     -0.47523    114.86   0.1447      0.00016     3.059     3.059     3.059     20.231    4214446933.61268 119.41   0.02487    

Time averages:
             Epot        Ekin        Etot        Temp     MSD         Self_diff   Pressure    Spec_heat   DebyeT   Lindemann  
             eV/atom     eV/atom     eV/atom     K        Å^2         mm^2/s      Pa          J/(K*Kg)    K        1          
             -0.48929    0.01406     -0.47523    108.76   0.12275     0.0002      4190148634.88974 515.5843    126.8    0.02286    