Material ID: 0076
Unit cell composition: Fe125
Material:  Fe
Site positions of initial unit cell:
 Fe         
 0.00000    
 0.00000    
 0.00000    
Properties:
 Time        Epot        Ekin        Etot        Temp     MSD         Self_diff   LC_a      LC_b      LC_c      Volume      Pressure    DebyeT   Lindemann  
 fs          eV/atom     eV/atom     eV/atom     K        Å^2         mm^2/s      Å         Å         Å         Å^3/atom    Pa          K        1          
 500         -9.75718    0.02504     -9.73215    193.68   0.0         0.0         2.526     2.526     2.526     11.401    -62966272305.11654 inf      0.0        
 600         -9.74551    0.0134      -9.7321     103.68   0.00172     0.0         2.526     2.526     2.526     11.401    -63798451342.88028 687.12   0.00328    
 700         -9.74551    0.01341     -9.7321     103.74   0.00562     1e-05       2.526     2.526     2.526     11.401    -63788967443.89331 379.92   0.00593    
 800         -9.74328    0.01119     -9.73209    86.57    0.01214     3e-05       2.526     2.526     2.526     11.401    -63957780753.62424 236.07   0.00872    
 900         -9.744      0.01191     -9.73208    92.14    0.02134     4e-05       2.526     2.526     2.526     11.401    -63913876674.47226 183.73   0.01156    
 1000        -9.74683    0.01473     -9.7321     113.93   0.03309     6e-05       2.526     2.526     2.526     11.401    -63703155181.05949 164.07   0.0144     
 1100        -9.74729    0.01519     -9.73209    117.54   0.04743     7e-05       2.526     2.526     2.526     11.401    -63685789599.10851 139.19   0.01724    
 1200        -9.74491    0.01282     -9.73209    99.14    0.06463     9e-05       2.526     2.526     2.526     11.401    -63844782248.80803 109.51   0.02013    
 1300        -9.74334    0.01126     -9.73208    87.08    0.08422     0.00011     2.526     2.526     2.526     11.401    -63959007469.55995 89.91    0.02297    
 1400        -9.73999    0.00792     -9.73207    61.26    0.10663     0.00013     2.526     2.526     2.526     11.401    -64197308381.11432 67.02    0.02585    
 1500        -9.7447     0.01261     -9.73209    97.56    0.13147     0.00015     2.526     2.526     2.526     11.401    -63856348657.98737 76.17    0.0287     

Time averages:
             Epot        Ekin        Etot        Temp     MSD         Self_diff   Pressure    Spec_heat   DebyeT   Lindemann  
             eV/atom     eV/atom     eV/atom     K        Å^2         mm^2/s      Pa          J/(K*Kg)    K        1          
             -9.74454    0.01244     -9.73209    96.26    0.05083     8e-05       -63870546775.25078 227.09466   213.27   0.01588    