Material ID: 0295
Unit cell composition: Mg125
Material:  Mg
Site positions of initial unit cell:
 Mg         
 0.00000    
 0.00000    
 0.00000    
Properties:
 Time        Epot        Ekin        Etot        Temp     MSD         Self_diff   LC_a      LC_b      LC_c      Volume      Pressure    DebyeT   Lindemann  
 fs          eV/atom     eV/atom     eV/atom     K        Å^2         mm^2/s      Å         Å         Å         Å^3/atom    Pa          K        1          
 500         -0.42121    0.02455     -0.39666    189.91   0.0         0.0         2.933     2.933     3.033     22.597    3464554335.70071 inf      0.0        
 600         -0.41206    0.0154      -0.39666    119.17   0.09522     0.00026     2.933     2.933     3.033     22.597    2909167765.50269 149.93   0.02104    
 700         -0.41327    0.01661     -0.39666    128.49   0.26295     0.00063     2.933     2.933     3.033     22.597    2779281746.89595 93.69    0.03497    
 800         -0.41865    0.02199     -0.39666    170.15   0.48874     0.00102     2.933     2.933     3.033     22.597    2908620393.40385 79.08    0.04767    
 900         -0.42078    0.02412     -0.39666    186.59   0.77494     0.00144     2.933     2.933     3.033     22.597    2974753887.57493 65.76    0.06003    
 1000        -0.41864    0.02198     -0.39666    170.06   1.03296     0.00172     2.933     2.933     3.033     22.597    2685018015.19296 54.38    0.06931    
 1100        -0.4204     0.02374     -0.39666    183.69   1.14166     0.00173     2.933     2.933     3.033     22.597    2781915770.12281 53.76    0.07286    
 1200        -0.42092    0.02426     -0.39666    187.66   1.31211     0.00182     2.933     2.933     3.033     22.597    2614936802.05631 50.69    0.07811    
 1300        -0.42512    0.02846     -0.39666    220.15   1.52303     0.00195     2.933     2.933     3.033     22.597    2484615286.47239 50.96    0.08416    
 1400        -0.4214     0.02474     -0.39666    191.43   1.72007     0.00205     2.933     2.933     3.033     22.597    2033273309.45115 44.71    0.08943    
 1500        -0.42678    0.03012     -0.39666    233.04   1.84077     0.00205     2.933     2.933     3.033     22.597    2325253940.42245 47.69    0.09252    

Time averages:
             Epot        Ekin        Etot        Temp     MSD         Self_diff   Pressure    Spec_heat   DebyeT   Lindemann  
             eV/atom     eV/atom     eV/atom     K        Å^2         mm^2/s      Pa          J/(K*Kg)    K        1          
             -0.4198     0.02314     -0.39666    179.04   1.01925     0.0016      2649683691.70955 525.38301   69.07    0.06501    