Material ID: 0117
Unit cell composition: Cu750
Material:  Cu
Site positions of initial unit cell:
 Cu          Cu          Cu          Cu          Cu          Cu         
 1.27030     0.00000     0.00000     1.27030     0.00000     0.00000    
 0.73341     0.00000     1.46681     0.73341     0.00000     1.46681    
 22.70256    0.04679     20.62708    16.47537    18.55082    14.38716   
Properties:
 Time        Epot        Ekin        Etot        Temp     MSD         Self_diff   LC_a      LC_b      LC_c      Volume      Pressure    DebyeT   Lindemann  
 fs          eV/atom     eV/atom     eV/atom     K        Å^2         mm^2/s      Å         Å         Å         Å^3/atom    Pa          K        1          
 500         -14.99031   0.02501     -14.9653    193.45   0.0         0.0         2.541     2.541     24.744    23.053    -35962696990.49042 inf      0.0        
 600         -15.01046   0.0452      -14.96526   349.7    0.00283     1e-05       2.541     2.541     24.744    23.053    -26256476039.6142 922.1    1e-05      
 700         -14.99328   0.02805     -14.96524   216.97   0.01572     4e-05       2.541     2.541     24.744    23.053    -11952479959.10394 307.9    1e-05      
 800         -14.98171   0.01647     -14.96524   127.41   0.02375     5e-05       2.541     2.541     24.744    23.053    -9931323088.99376 191.97   2e-05      
 900         -15.01041   0.04516     -14.96525   349.39   0.0202      4e-05       2.541     2.541     24.744    23.053    -20773154197.75088 344.7    1e-05      
 1000        -14.98852   0.02327     -14.96525   180.02   0.02411     4e-05       2.541     2.541     24.744    23.053    -34116544588.70646 226.49   2e-05      
 1100        -14.9953    0.03005     -14.96525   232.48   0.03494     5e-05       2.541     2.541     24.744    23.053    -31167668178.86792 213.8    2e-05      
 1200        -15.00698   0.04172     -14.96526   322.76   0.05405     8e-05       2.541     2.541     24.744    23.053    -16139879334.17981 202.55   2e-05      
 1300        -14.98058   0.01534     -14.96524   118.67   0.07663     0.0001      2.541     2.541     24.744    23.053    -9911567048.60276 103.15   3e-05      
 1400        -15.00128   0.03603     -14.96525   278.74   0.08633     0.0001      2.541     2.541     24.744    23.053    -15608012601.71342 148.94   3e-05      
 1500        -15.00513   0.03987     -14.96527   308.42   0.09625     0.00011     2.541     2.541     24.744    23.053    -28565764350.75868 148.38   3e-05      

Time averages:
             Epot        Ekin        Etot        Temp     MSD         Self_diff   Pressure    Spec_heat   DebyeT   Lindemann  
             eV/atom     eV/atom     eV/atom     K        Å^2         mm^2/s      Pa          J/(K*Kg)    K        1          
             -14.99737   0.03212     -14.96525   248.46   0.04348     7e-05       -20442286938.82918 350.44873   281.0    2e-05      