Material ID: 0163
Unit cell composition: Ti12500
Material:  Ti
Site positions of initial unit cell:
 Ti          Ti          Ti          Ti          Ti          Ti          Ti          Ti          Ti          Ti          Ti          Ti          Ti          Ti          Ti          Ti          Ti          Ti          Ti          Ti          Ti          Ti          Ti          Ti          Ti          Ti          Ti          Ti          Ti          Ti          Ti          Ti          Ti          Ti          Ti          Ti          Ti          Ti          Ti          Ti          Ti          Ti          Ti          Ti          Ti          Ti          Ti          Ti          Ti          Ti          Ti          Ti          Ti          Ti          Ti          Ti          Ti          Ti          Ti          Ti          Ti          Ti          Ti          Ti          Ti          Ti          Ti          Ti          Ti          Ti          Ti          Ti          Ti          Ti          Ti          Ti          Ti          Ti          Ti          Ti          Ti          Ti          Ti          Ti          Ti          Ti          Ti          Ti          Ti          Ti          Ti          Ti          Ti          Ti          Ti          Ti          Ti          Ti          Ti          Ti         
 0.97157     8.59942     4.36027     4.76396     6.03320     6.90922     5.54088     2.04797     11.12365    9.84547     0.48556     10.60173    1.99989     6.18956     3.05565     6.84810     9.52367     3.78770     3.61402     9.00041     10.67344    8.18697     5.36210     3.12276     1.27213     6.79024     8.32308     9.80200     6.65730     4.24848     2.11575     11.14477    9.23897     1.58886     4.77419     2.03350     4.51953     8.29020     5.62635     5.91910     9.13984     2.75663     7.38974     9.65416     5.85962     5.70269     10.47383    4.71225     6.29075     7.64589     10.17345    10.74277    3.65635     0.87166     8.20911     9.92337     10.32468    1.93418     8.82959     6.99586     3.91936     6.35659     0.25242     9.85852     2.52416     11.11204    1.85696     2.31749     5.06720     4.52060     7.24475     3.21445     9.31308     8.50745     2.96740     7.93224     2.98047     0.09218     11.20870    4.85789     0.76611     0.34409     7.87324     0.78659     10.41938    1.81021     4.17597     0.40339     12.11943    11.70103    8.78246     8.12666     6.37171     0.43196     2.27899     11.84097    2.16552     7.83211     5.27604     11.48983   
 2.07224     10.19684    8.08037     6.17294     2.36604     8.99284     7.46351     7.04763     9.52513     10.05344    1.66909     9.59452     10.15691    4.50200     8.08458     4.24119     0.54040     2.94428     10.18606    4.33279     1.51768     8.73939     12.37424    1.75114     0.41205     5.63790     2.85929     11.76156    6.33748     5.62610     8.97479     12.56286    6.23030     3.25884     7.87787     4.16018     3.61741     9.10588     8.18074     1.77597     5.28177     11.84038    11.72201    7.74127     12.87009    9.47873     1.87782     11.78031    2.26648     6.80596     7.97697     3.21974     2.62227     11.72873    0.55205     0.91362     3.38304     6.39364     5.13383     11.59975    0.48937     9.89231     7.26103     10.57354    12.07753    4.43500     4.72405     10.38286    10.58441    4.11085     7.01816     12.95270    7.09398     2.33607     5.49324     9.31240     8.83417     7.05445     11.17725    10.28838    9.43208     11.20929    12.21287    12.43538    6.58396     4.26822     5.27957     8.54018     8.69544     4.46984     3.49514     12.23149    4.69829     2.06825     6.62568     5.34079     2.44907     1.86407     1.05416     5.59900    
 7.85179     0.65201     1.83587     3.86169     6.83636     2.58935     8.15326     9.61839     11.47409    3.23248     3.46953     6.92338     6.32691     8.65185     7.32353     3.57702     3.14559     11.70523    9.67726     5.67511     1.05286     11.34703    8.71887     2.85552     1.05952     6.22072     1.71734     5.55232     1.25837     6.75286     11.70961    8.07022     11.31292    1.23990     10.88916    3.74175     4.84621     5.06951     5.53661     1.61903     2.11727     4.17035     2.74332     1.85868     11.52184    0.14712     5.84552     1.66462     9.90869     3.84783     9.21345     8.45804     8.51871     10.60321    0.46220     10.46025    3.52109     5.18989     8.49794     5.48996     6.29244     9.54878     7.15263     9.56829     8.15513     11.74480    7.50691     1.55100     4.06213     1.96288     9.76623     10.72927    6.70376     7.90319     0.20363     7.70075     4.17906     11.73620    1.02216     6.96384     9.01595     3.45072     10.13796    5.88645     4.30521     10.21272    9.81521     2.07782     4.75726     5.88060     10.65915    7.64450     11.61042    10.48785    2.52427     2.32581     5.68134     4.85326     4.10771     9.27822    
Properties:
 Time        Epot        Ekin        Etot        Temp     MSD         Self_diff   LC_a      LC_b      LC_c      Volume      Pressure    DebyeT   Lindemann  
 fs          eV/atom     eV/atom     eV/atom     K        Å^2         mm^2/s      Å         Å         Å         Å^3/atom    Pa          K        1          
 500         -2.63921    0.0262      -2.61301    202.69   0.0         0.0         12.143    12.686    12.149    18.663    -388409322593.3191 inf      0.0        
 600         -4.56684    1.93641     -2.63044    14980.71 0.69339     0.00193     12.143    12.686    12.149    18.663    -313941776989.0411 443.91   8e-05      
 700         -4.65836    2.02709     -2.63127    15682.29 1.06225     0.00253     12.143    12.686    12.149    18.663    -310297920131.8277 366.95   0.0001     
 800         -4.69144    2.05996     -2.63148    15936.57 1.30513     0.00272     12.143    12.686    12.149    18.663    -308873425656.05676 333.72   0.00011    
 900         -4.76593    2.13408     -2.63186    16509.95 1.49958     0.00278     12.143    12.686    12.149    18.663    -305794925087.81055 316.88   0.00012    
 1000        -4.77159    2.13999     -2.6316     16555.69 1.64593     0.00274     12.143    12.686    12.149    18.663    -305561694664.5598 302.89   0.00013    
 1100        -4.78101    2.14923     -2.63177    16627.22 1.77405     0.00269     12.143    12.686    12.149    18.663    -305101034405.5208 292.37   0.00013    
 1200        -4.80889    2.17697     -2.63192    16841.83 1.86343     0.00259     12.143    12.686    12.149    18.663    -303956680620.95593 287.11   0.00014    
 1300        -4.83082    2.1988      -2.63202    17010.72 1.97068     0.00253     12.143    12.686    12.149    18.663    -303117654142.3129 280.59   0.00014    
 1400        -4.84218    2.21027     -2.63191    17099.38 2.04627     0.00244     12.143    12.686    12.149    18.663    -302648928737.4267 276.07   0.00014    
 1500        -4.82084    2.18895     -2.63189    16934.47 2.13177     0.00237     12.143    12.686    12.149    18.663    -303490408771.92 269.17   0.00015    

Time averages:
             Epot        Ekin        Etot        Temp     MSD         Self_diff   Pressure    Spec_heat   DebyeT   Lindemann  
             eV/atom     eV/atom     eV/atom     K        Å^2         mm^2/s      Pa          J/(K*Kg)    K        1          
             -4.75379    2.12217     -2.63162    16417.88 1.59925     0.0026      -306278444920.7432 290.527     316.97   0.00012    