Material ID: 0257
Unit cell composition: Ni125
Material:  Ni
Site positions of initial unit cell:
 Ni         
 0.00000    
 0.00000    
 0.00000    
Properties:
 Time        Epot        Ekin        Etot        Temp     MSD         Self_diff   LC_a      LC_b      LC_c      Volume      Pressure    DebyeT   Lindemann  
 fs          eV/atom     eV/atom     eV/atom     K        Å^2         mm^2/s      Å         Å         Å         Å^3/atom    Pa          K        1          
 500         -16.87725   0.02596     -16.85128   200.86   0.0         0.0         2.479     2.479     2.479     10.772    133104543297.21259 inf      0.0        
 600         -16.86306   0.01183     -16.85123   91.52    0.00148     0.0         2.479     2.479     2.479     10.772    131905617485.7006 677.63   0.00311    
 700         -16.86626   0.01502     -16.85124   116.24   0.00448     1e-05       2.479     2.479     2.479     10.772    132168374624.96106 439.3    0.0054     
 800         -16.86222   0.011       -16.85122   85.1     0.0098      2e-05       2.479     2.479     2.479     10.772    131835678988.65121 254.1    0.00799    
 900         -16.86202   0.01081     -16.85121   83.64    0.01705     3e-05       2.479     2.479     2.479     10.772    131783534071.57385 191.04   0.01053    
 1000        -16.86199   0.01077     -16.85122   83.28    0.02644     4e-05       2.479     2.479     2.479     10.772    131805024511.92226 153.07   0.01312    
 1100        -16.863     0.01177     -16.85122   91.1     0.03783     6e-05       2.479     2.479     2.479     10.772    131887316450.99416 133.83   0.01569    
 1200        -16.86462   0.01338     -16.85123   103.53   0.05135     7e-05       2.479     2.479     2.479     10.772    132027291095.18237 122.47   0.01828    
 1300        -16.86795   0.0167      -16.85125   129.21   0.06695     9e-05       2.479     2.479     2.479     10.772    132328860599.19608 119.81   0.02088    
 1400        -16.86745   0.01621     -16.85124   125.41   0.08458     0.0001      2.479     2.479     2.479     10.772    132279953737.1374 105.02   0.02346    
 1500        -16.8648    0.01356     -16.85124   104.91   0.10449     0.00012     2.479     2.479     2.479     10.772    132057700893.91953 86.42    0.02608    

Time averages:
             Epot        Ekin        Etot        Temp     MSD         Self_diff   Pressure    Spec_heat   DebyeT   Lindemann  
             eV/atom     eV/atom     eV/atom     K        Å^2         mm^2/s      Pa          J/(K*Kg)    K        1          
             -16.86434   0.01311     -16.85123   101.39   0.04044     6e-05       132007935245.92383 216.27559   228.27   0.01445    