Material ID: 0228
Unit cell composition: Co500
Material:  Co
Site positions of initial unit cell:
 Co          Co          Co          Co         
 1.24425     0.00089     1.24397     0.00060    
 5.11995     7.07152     1.05506     3.00645    
 0.71800     1.43624     0.71800     1.43624    
Properties:
 Time        Epot        Ekin        Etot        Temp     MSD         Self_diff   LC_a      LC_b      LC_c      Volume      Pressure    DebyeT   Lindemann  
 fs          eV/atom     eV/atom     eV/atom     K        Å^2         mm^2/s      Å         Å         Å         Å^3/atom    Pa          K        1          
 500         -10.05766   0.02503     -10.03263   193.65   0.0         0.0         2.537     8.289     2.537     11.551    72563926289.73825 inf      0.0        
 600         -10.09794   0.06512     -10.03281   503.81   0.00465     1e-05       2.537     8.289     2.537     11.551    76757223687.55772 895.49   0.00761    
 700         -10.16845   0.13536     -10.03309   1047.18  0.00596     1e-05       2.537     8.289     2.537     11.551    83156854897.70241 1140.73  0.00861    
 800         -10.19547   0.16228     -10.03319   1255.49  0.00583     1e-05       2.537     8.289     2.537     11.551    85689659491.88858 1263.1   0.00851    
 900         -10.1675    0.13447     -10.03303   1040.33  0.01451     3e-05       2.537     8.289     2.537     11.551    83716958285.37497 728.76   0.01343    
 1000        -10.15463   0.1217      -10.03293   941.52   0.01441     2e-05       2.537     8.289     2.537     11.551    82775838443.39032 695.76   0.01338    
 1100        -10.15721   0.12422     -10.03299   961.02   0.01303     2e-05       2.537     8.289     2.537     11.551    82875581283.23943 739.2    0.01273    
 1200        -10.12719   0.0943      -10.03289   729.57   0.0101      1e-05       2.537     8.289     2.537     11.551    80074287989.07986 731.34   0.01121    
 1300        -10.11475   0.0819      -10.03285   633.65   0.00829     1e-05       2.537     8.289     2.537     11.551    78771857677.9963 752.66   0.01015    
 1400        -10.13587   0.10295     -10.03292   796.46   0.01416     2e-05       2.537     8.289     2.537     11.551    80797480803.69864 645.56   0.01327    
 1500        -10.14226   0.10934     -10.03292   845.89   0.01304     1e-05       2.537     8.289     2.537     11.551    81597433257.06766 693.15   0.01273    
 1600        -10.14906   0.11613     -10.03293   898.46   0.01586     2e-05       2.537     8.289     2.537     11.551    82157744199.17055 647.78   0.01404    
 1700        -10.15657   0.12361     -10.03296   956.3    0.01562     2e-05       2.537     8.289     2.537     11.551    82785055870.44922 673.45   0.01394    
 1800        -10.14841   0.11546     -10.03295   893.27   0.01506     1e-05       2.537     8.289     2.537     11.551    82146667692.86897 662.87   0.01368    

Time averages:
             Epot        Ekin        Etot        Temp     MSD         Self_diff   Pressure    Spec_heat   DebyeT   Lindemann  
             eV/atom     eV/atom     eV/atom     K        Å^2         mm^2/s      Pa          J/(K*Kg)    K        1          
             -10.14535   0.11241     -10.03294   869.65   0.01341     2e-05       81769890550.2336 222.01884   697.05   0.01286    