Material ID: 0280
Unit cell composition: Mg125
Material:  Mg
Site positions of initial unit cell:
 Mg         
 0.00000    
 0.00000    
 0.00000    
Properties:
 Time        Epot        Ekin        Etot        Temp     MSD         Self_diff   LC_a      LC_b      LC_c      Volume      Pressure    DebyeT   Lindemann  
 fs          eV/atom     eV/atom     eV/atom     K        Å^2         mm^2/s      Å         Å         Å         Å^3/atom    Pa          K        1          
 500         -0.50127    0.02803     -0.47325    216.81   0.0         0.0         2.967     2.967     2.967     20.049    4989878828.60068 inf      0.0        
 600         -0.48907    0.01582     -0.47325    122.41   0.09552     0.00027     2.967     2.967     2.967     20.049    4036821137.46301 151.72   0.02083    
 700         -0.48911    0.01586     -0.47325    122.69   0.18888     0.00045     2.967     2.967     2.967     20.049    3923317210.09511 108.02   0.02929    
 800         -0.49045    0.0172      -0.47325    133.09   0.26341     0.00055     2.967     2.967     2.967     20.049    3978824389.11097 95.27    0.03459    
 900         -0.48937    0.01612     -0.47325    124.74   0.32738     0.00061     2.967     2.967     2.967     20.049    3901659924.26372 82.73    0.03856    
 1000        -0.49068    0.01744     -0.47325    134.9    0.35601     0.00059     2.967     2.967     2.967     20.049    4060555315.39658 82.5     0.04021    
 1100        -0.48968    0.01643     -0.47325    127.13   0.3913      0.00059     2.967     2.967     2.967     20.049    3998825795.0264 76.39    0.04216    
 1200        -0.49128    0.01804     -0.47325    139.54   0.43752     0.00061     2.967     2.967     2.967     20.049    4053784437.99159 75.69    0.04458    
 1300        -0.49049    0.01725     -0.47325    133.41   0.50388     0.00065     2.967     2.967     2.967     20.049    3994295185.77901 68.96    0.04784    
 1400        -0.49071    0.01746     -0.47325    135.08   0.56417     0.00067     2.967     2.967     2.967     20.049    3926485865.64681 65.58    0.05062    
 1500        -0.4914     0.01815     -0.47325    140.41   0.60297     0.00067     2.967     2.967     2.967     20.049    3929059658.51021 64.67    0.05234    

Time averages:
             Epot        Ekin        Etot        Temp     MSD         Self_diff   Pressure    Spec_heat   DebyeT   Lindemann  
             eV/atom     eV/atom     eV/atom     K        Å^2         mm^2/s      Pa          J/(K*Kg)    K        1          
             -0.49022    0.01698     -0.47325    131.34   0.3731      0.0006      3980362891.92834 513.92588   87.15    0.0401     