Material ID: 0024
Unit cell composition: Au250
Material:  Au
Site positions of initial unit cell:
 Au          Au         
 -0.00000    1.46906    
 1.69632     0.84816    
 1.21971     3.65913    
Properties:
 Time        Epot        Ekin        Etot        Temp     MSD         Self_diff   LC_a      LC_b      LC_c      Volume      Pressure    DebyeT   Lindemann  
 fs          eV/atom     eV/atom     eV/atom     K        Å^2         mm^2/s      Å         Å         Å         Å^3/atom    Pa          K        1          
 500         -12.38826   0.02498     -12.36328   193.25   0.0         0.0         3.056     3.056     5.074     20.514    144875548021.6312 inf      0.0        
 600         -12.42126   0.05798     -12.36329   448.51   0.0311      9e-05       3.056     3.056     5.074     20.514    128219766671.54152 178.79   0.01058    
 700         -12.52552   0.16223     -12.36328   1255.09  0.11525     0.00027     3.056     3.056     5.074     20.514    120609383865.9972 155.37   0.02037    
 800         -12.81011   0.44678     -12.36333   3456.48  0.45241     0.00094     3.056     3.056     5.074     20.514    79966579934.06992 130.13   0.04037    
 900         -13.06102   0.69757     -12.36345   5396.64  1.00294     0.00186     3.056     3.056     5.074     20.514    51269197247.70975 109.21   0.06011    
 1000        -13.15099   0.78755     -12.36344   6092.75  1.47351     0.00246     3.056     3.056     5.074     20.514    43312632559.72944 95.73    0.07285    
 1100        -13.25403   0.89055     -12.36347   6889.63  1.92822     0.00292     3.056     3.056     5.074     20.514    45826831937.441 88.99    0.08334    
 1200        -13.39825   1.03467     -12.36358   8004.59  2.78113     0.00386     3.056     3.056     5.074     20.514    33613685995.55894 79.87    0.10009    
 1300        -13.53261   1.16893     -12.36368   9043.27  3.68113     0.00472     3.056     3.056     5.074     20.514    23404175708.05027 73.79    0.11515    
 1400        -13.67588   1.3121      -12.36378   10150.88 4.60021     0.00548     3.056     3.056     5.074     20.514    20473301535.20976 69.94    0.12873    
 1500        -13.83196   1.46813     -12.36383   11357.95 5.47796     0.00609     3.056     3.056     5.074     20.514    15872978710.6572 67.79    0.14047    

Time averages:
             Epot        Ekin        Etot        Temp     MSD         Self_diff   Pressure    Spec_heat   DebyeT   Lindemann  
             eV/atom     eV/atom     eV/atom     K        Å^2         mm^2/s      Pa          J/(K*Kg)    K        1          
             -13.16616   0.80265     -12.36351   6209.58  2.15439     0.00318     56256853416.5965 108.06507   104.96   0.07721    