Material ID: 0259
Unit cell composition: Ni125
Material:  Ni
Site positions of initial unit cell:
 Ni         
 0.00000    
 0.00000    
 0.00000    
Properties:
 Time        Epot        Ekin        Etot        Temp     MSD         Self_diff   LC_a      LC_b      LC_c      Volume      Pressure    DebyeT   Lindemann  
 fs          eV/atom     eV/atom     eV/atom     K        Å^2         mm^2/s      Å         Å         Å         Å^3/atom    Pa          K        1          
 500         -15.3841    0.02461     -15.35949   190.42   0.0         0.0         2.578     2.578     2.578     12.117    203822068992.55475 inf      0.0        
 600         -15.3716    0.01213     -15.35947   93.84    0.00101     0.0         2.578     2.578     2.578     12.117    202676108569.12756 833.39   0.00246    
 700         -15.37439   0.01491     -15.35947   115.38   0.00186     0.0         2.578     2.578     2.578     12.117    202928784456.19717 679.04   0.00335    
 800         -15.36947   0.01        -15.35946   77.4     0.00374     1e-05       2.578     2.578     2.578     12.117    202484419788.4553 392.31   0.00474    
 900         -15.3717    0.01223     -15.35947   94.6     0.00579     1e-05       2.578     2.578     2.578     12.117    202682310712.30347 348.65   0.0059     
 1000        -15.37128   0.01182     -15.35947   91.42    0.00858     1e-05       2.578     2.578     2.578     12.117    202627977790.10553 281.54   0.00719    
 1100        -15.36999   0.01053     -15.35947   81.43    0.01204     2e-05       2.578     2.578     2.578     12.117    202543173337.8167 224.32   0.00851    
 1200        -15.37248   0.01301     -15.35947   100.66   0.01582     2e-05       2.578     2.578     2.578     12.117    202771895248.42383 217.54   0.00976    
 1300        -15.37362   0.01415     -15.35947   109.45   0.02022     3e-05       2.578     2.578     2.578     12.117    202890469161.86752 200.66   0.01103    
 1400        -15.37607   0.01659     -15.35948   128.38   0.02518     3e-05       2.578     2.578     2.578     12.117    203085310129.1819 194.75   0.01231    
 1500        -15.37232   0.01285     -15.35947   99.43    0.03104     3e-05       2.578     2.578     2.578     12.117    202737696827.2924 154.36   0.01367    

Time averages:
             Epot        Ekin        Etot        Temp     MSD         Self_diff   Pressure    Spec_heat   DebyeT   Lindemann  
             eV/atom     eV/atom     eV/atom     K        Å^2         mm^2/s      Pa          J/(K*Kg)    K        1          
             -15.37229   0.01282     -15.35947   99.2     0.01253     2e-05       202742814602.07712 215.58801   352.66   0.00789    