Material ID: 0147
Unit cell composition: Zn12500
Material:  Zn
Site positions of initial unit cell:
 Zn          Zn          Zn          Zn          Zn          Zn          Zn          Zn          Zn          Zn          Zn          Zn          Zn          Zn          Zn          Zn          Zn          Zn          Zn          Zn          Zn          Zn          Zn          Zn          Zn          Zn          Zn          Zn          Zn          Zn          Zn          Zn          Zn          Zn          Zn          Zn          Zn          Zn          Zn          Zn          Zn          Zn          Zn          Zn          Zn          Zn          Zn          Zn          Zn          Zn          Zn          Zn          Zn          Zn          Zn          Zn          Zn          Zn          Zn          Zn          Zn          Zn          Zn          Zn          Zn          Zn          Zn          Zn          Zn          Zn          Zn          Zn          Zn          Zn          Zn          Zn          Zn          Zn          Zn          Zn          Zn          Zn          Zn          Zn          Zn          Zn          Zn          Zn          Zn          Zn          Zn          Zn          Zn          Zn          Zn          Zn          Zn          Zn          Zn          Zn         
 11.18729    3.42519     11.19376    3.44187     2.44351     5.28756     7.85554     1.62658     2.75988     6.57442     7.77289     6.32914     2.41991     1.15648     6.99100     8.89390     0.21143     5.83509     4.01873     8.30104     10.11052    6.41549     3.98480     0.58864     1.17287     10.61487    10.64397    6.15507     0.76419     1.49965     7.03792     8.30520     10.51206    2.35856     10.59461    1.07594     8.69064     5.29110     8.50556     8.45975     10.65261    3.81564     5.79702     10.03075    2.13517     10.16935    10.74064    1.79279     4.54606     2.95740     1.98698     11.63070    4.64123     5.77800     7.94783     5.61184     4.20404     3.27622     1.02431     11.52494    11.14555    9.83920     3.32856     1.43034     4.49116     5.36618     5.17184     6.01081     9.98707     9.30077     7.38833     8.21052     5.95309     4.54380     0.82959     7.90726     3.29020     7.84138     9.56213     3.61914     5.80514     1.08118     0.38327     3.12228     10.47709    9.58477     8.22670     3.79842     7.01695     10.78367    6.12974     5.73796     8.06312     10.39955    7.10559     7.43229     3.48573     1.30949     0.90158     2.12342    
 7.07144     1.18850     2.18200     7.15153     1.09992     9.76231     10.50912    1.48062     2.65410     8.47930     3.29427     3.40737     7.73346     0.96468     1.80256     8.07861     3.21752     11.24393    11.46128    7.12288     3.07404     6.07450     4.58284     9.59820     8.88863     5.03829     2.26711     7.37296     5.77782     4.16982     5.86342     2.28914     0.14151     8.99151     4.55402     6.06029     6.81449     3.35087     7.99309     2.12898     4.43101     8.01467     2.51095     7.07720     9.19982     0.30283     6.80006     3.45327     0.85606     5.59679     6.60059     7.85270     8.65259     10.92164    4.64644     6.49202     2.16271     10.22459    1.29728     9.87854     7.80326     9.53248     3.17852     8.09794     5.72828     4.04173     9.13464     0.92938     0.03254     9.38260     8.45499     4.19831     -0.05071    6.49560     2.14215     9.49140     10.47318    3.94996     5.43771     0.59890     4.72100     11.29130    4.74640     10.87118    10.14991    2.48809     1.15631     3.04398     5.89526     9.87575     1.46032     8.76642     10.76375    0.47091     -0.71076    -0.22913    5.84512     3.36289     -0.42503    5.65905    
 6.93106     1.16933     4.75755     2.80756     5.28572     7.53169     1.60219     9.47864     11.64511    5.44557     6.07839     2.34997     10.85560    2.75595     10.11189    6.47285     10.73259    0.09231     3.33333     3.83721     7.09915     10.99566    2.53828     11.26671    6.08819     8.92377     2.14880     8.27541     10.49838    8.52189     6.37322     0.96212     9.57214     8.48303     3.47954     3.37015     8.96921     11.51530    1.31522     3.77775     0.80208     5.70503     7.67834     11.34654    3.61366     0.56812     1.91957     4.19288     10.72166    5.03661     7.41444     9.33316     9.84455     5.06180     3.86991     4.00527     3.60762     1.26416     0.00320     1.92911     4.34561     10.29986    6.54076     1.23379     6.99125     5.05052     3.21599     2.07090     3.34036     3.34466     10.83392    8.51007     8.58218     0.41817     7.04097     8.55877     6.04750     11.31843    5.75732     7.72397     8.98989     4.80109     6.05644     10.17281    5.41710     9.95788     7.89094     9.22526     1.74334     7.92881     5.36333     0.76766     6.39828     6.75176     11.00109    3.95913     9.46428     1.66937     7.89094     0.96370    
Properties:
 Time        Epot        Ekin        Etot        Temp     MSD         Self_diff   LC_a      LC_b      LC_c      Volume      Pressure    DebyeT   Lindemann  
 fs          eV/atom     eV/atom     eV/atom     K        Å^2         mm^2/s      Å         Å         Å         Å^3/atom    Pa          K        1          
 500         -0.91259    0.02577     -0.88683    199.33   0.0         0.0         11.715    11.827    11.718    16.13     12793124053.15262 inf      0.0        
 600         -0.91247    0.02564     -0.88683    198.39   0.06349     0.00018     11.715    11.827    11.718    16.13     11052703015.88238 144.45   3e-05      
 700         -0.92704    0.04021     -0.88683    311.07   0.19628     0.00047     11.715    11.827    11.718    16.13     9372506223.72764 102.87   4e-05      
 800         -0.94055    0.05372     -0.88683    415.62   0.37631     0.00078     11.715    11.827    11.718    16.13     8246882638.43056 85.88    6e-05      
 900         -0.95427    0.06744     -0.88683    521.75   0.61245     0.00113     11.715    11.827    11.718    16.13     7029815642.15253 75.42    8e-05      
 1000        -0.96574    0.07891     -0.88683    610.49   0.89516     0.00149     11.715    11.827    11.718    16.13     6027224156.7394 67.48    9e-05      
 1100        -0.97654    0.08971     -0.88683    694.01   1.21216     0.00184     11.715    11.827    11.718    16.13     5382014443.97035 61.83    0.00011    
 1200        -0.98615    0.09932     -0.88683    768.38   1.54765     0.00215     11.715    11.827    11.718    16.13     5013986222.55521 57.58    0.00012    
 1300        -0.99304    0.10621     -0.88683    821.65   1.90738     0.00245     11.715    11.827    11.718    16.13     4636039365.08693 53.63    0.00014    
 1400        -0.99796    0.11112     -0.88683    859.68   2.28024     0.00271     11.715    11.827    11.718    16.13     4368225191.72531 50.17    0.00015    
 1500        -1.00256    0.11572     -0.88684    895.29   2.6421      0.00294     11.715    11.827    11.718    16.13     4163472044.36727 47.57    0.00016    

Time averages:
             Epot        Ekin        Etot        Temp     MSD         Self_diff   Pressure    Spec_heat   DebyeT   Lindemann  
             eV/atom     eV/atom     eV/atom     K        Å^2         mm^2/s      Pa          J/(K*Kg)    K        1          
             -0.96563    0.0788      -0.88683    609.63   1.17332     0.00177     6529286894.46376 -22.66122   74.69    0.0001     