Material ID: 0238
Unit cell composition: Ni250
Material:  Ni
Site positions of initial unit cell:
 Ni          Ni         
 -0.00000    1.23714    
 1.42853     0.71426    
 1.01755     3.05264    
Properties:
 Time        Epot        Ekin        Etot        Temp     MSD         Self_diff   LC_a      LC_b      LC_c      Volume      Pressure    DebyeT   Lindemann  
 fs          eV/atom     eV/atom     eV/atom     K        Å^2         mm^2/s      Å         Å         Å         Å^3/atom    Pa          K        1          
 500         -16.16913   0.02588     -16.14324   200.23   0.0         0.0         2.524     2.524     4.152     11.45     180366636253.45572 inf      0.0        
 600         -16.17831   0.035       -16.14332   270.75   0.00159     0.0         2.524     2.524     4.152     11.45     181475298184.92923 1124.67  0.00292    
 700         -16.16394   0.0207      -16.14324   160.12   0.00448     1e-05       2.524     2.524     4.152     11.45     180007466212.96878 515.82   0.00489    
 800         -16.17328   0.02999     -16.14328   232.02   0.00687     1e-05       2.524     2.524     4.152     11.45     180942793696.51923 501.09   0.00606    
 900         -16.17016   0.02688     -16.14327   207.99   0.01015     2e-05       2.524     2.524     4.152     11.45     180677103461.33347 390.33   0.00736    
 1000        -16.16252   0.01927     -16.14324   149.11   0.01545     3e-05       2.524     2.524     4.152     11.45     179969646903.7109 267.97   0.00908    
 1100        -16.17293   0.02964     -16.14329   229.34   0.02213     3e-05       2.524     2.524     4.152     11.45     181054564172.26425 277.62   0.01087    
 1200        -16.16656   0.02331     -16.14325   180.36   0.02967     4e-05       2.524     2.524     4.152     11.45     180400248740.22284 212.63   0.01259    
 1300        -16.1777    0.03442     -16.14328   266.26   0.03694     5e-05       2.524     2.524     4.152     11.45     181418750021.90677 231.56   0.01404    
 1400        -16.17273   0.02947     -16.14326   227.97   0.04617     5e-05       2.524     2.524     4.152     11.45     181016992270.99744 191.65   0.0157     
 1500        -16.16813   0.02487     -16.14326   192.39   0.05687     6e-05       2.524     2.524     4.152     11.45     180636547971.78992 158.62   0.01742    

Time averages:
             Epot        Ekin        Etot        Temp     MSD         Self_diff   Pressure    Spec_heat   DebyeT   Lindemann  
             eV/atom     eV/atom     eV/atom     K        Å^2         mm^2/s      Pa          J/(K*Kg)    K        1          
             -16.17063   0.02736     -16.14327   211.63   0.02303     3e-05       180759941163.6643 222.69812   387.2    0.01009    