Material ID: 0203
Unit cell composition: Co750
Material:  Co
Site positions of initial unit cell:
 Co          Co          Co          Co          Co          Co         
 2.30799     0.00000     4.61598     4.61598     3.46199     5.76998    
 1.33252     0.00000     2.66504     1.33252     3.33130     3.33130    
 0.94223     0.00000     0.47112     2.35558     2.35558     2.35558    
Properties:
 Time        Epot        Ekin        Etot        Temp     MSD         Self_diff   LC_a      LC_b      LC_c      Volume      Pressure    DebyeT   Lindemann  
 fs          eV/atom     eV/atom     eV/atom     K        Å^2         mm^2/s      Å         Å         Å         Å^3/atom    Pa          K        1          
 500         -8.54025    0.02596     -8.51429    200.87   0.0         0.0         4.708     4.708     4.708     12.301    20397465946.06971 inf      0.0        
 600         -8.83803    0.32308     -8.51495    2499.42  0.18002     0.0005      4.708     4.708     4.708     12.301    39553533385.54905 320.71   4e-05      
 700         -8.87879    0.36362     -8.51517    2813.12  0.46518     0.00111     4.708     4.708     4.708     12.301    39175611014.5321 211.66   7e-05      
 800         -8.89502    0.37982     -8.51521    2938.42  0.60257     0.00126     4.708     4.708     4.708     12.301    40686897639.64905 190.07   8e-05      
 900         -8.90412    0.3889      -8.51522    3008.68  0.69744     0.00129     4.708     4.708     4.708     12.301    40775351782.26375 178.77   8e-05      
 1000        -8.91903    0.40378     -8.51525    3123.77  0.74143     0.00124     4.708     4.708     4.708     12.301    42446967511.57706 176.67   9e-05      
 1100        -8.93466    0.41938     -8.51528    3244.49  0.81543     0.00124     4.708     4.708     4.708     12.301    43684022625.10844 171.68   9e-05      
 1200        -8.94851    0.43324     -8.51527    3351.73  0.90578     0.00126     4.708     4.708     4.708     12.301    44805393163.75516 165.57   0.0001     
 1300        -8.942      0.42674     -8.51526    3301.42  0.9845      0.00126     4.708     4.708     4.708     12.301    44299705692.84528 157.61   0.0001     
 1400        -8.93957    0.4243      -8.51527    3282.52  1.06933     0.00127     4.708     4.708     4.708     12.301    43208804325.46056 150.8    0.0001     
 1500        -8.9405     0.42525     -8.51524    3289.89  1.08299     0.0012      4.708     4.708     4.708     12.301    44883893984.46756 150.01   0.0001     

Time averages:
             Epot        Ekin        Etot        Temp     MSD         Self_diff   Pressure    Spec_heat   DebyeT   Lindemann  
             eV/atom     eV/atom     eV/atom     K        Å^2         mm^2/s      Pa          J/(K*Kg)    K        1          
             -8.91402    0.39881     -8.51521    3085.35  0.75447     0.00124     42352018112.5208 217.75513   187.36   9e-05      