Material ID: 0188
Unit cell composition: Ti12500
Material:  Ti
Site positions of initial unit cell:
 Ti          Ti          Ti          Ti          Ti          Ti          Ti          Ti          Ti          Ti          Ti          Ti          Ti          Ti          Ti          Ti          Ti          Ti          Ti          Ti          Ti          Ti          Ti          Ti          Ti          Ti          Ti          Ti          Ti          Ti          Ti          Ti          Ti          Ti          Ti          Ti          Ti          Ti          Ti          Ti          Ti          Ti          Ti          Ti          Ti          Ti          Ti          Ti          Ti          Ti          Ti          Ti          Ti          Ti          Ti          Ti          Ti          Ti          Ti          Ti          Ti          Ti          Ti          Ti          Ti          Ti          Ti          Ti          Ti          Ti          Ti          Ti          Ti          Ti          Ti          Ti          Ti          Ti          Ti          Ti          Ti          Ti          Ti          Ti          Ti          Ti          Ti          Ti          Ti          Ti          Ti          Ti          Ti          Ti          Ti          Ti          Ti          Ti          Ti          Ti         
 13.03551    7.73994     5.45008     3.68691     6.93955     7.92724     4.20336     2.56078     12.37848    10.37003    0.66328     11.41306    1.44411     8.11364     3.91340     7.62629     11.30913    3.66938     5.95262     11.32574    9.18749     8.47015     8.05766     2.83718     0.70809     9.07857     7.20110     9.88782     6.04976     4.02577     2.75916     11.62026    8.98424     3.10309     6.13357     1.18330     5.79456     9.91768     6.01306     5.70212     6.98308     3.39553     8.82531     9.87081     5.29551     7.24286     10.56509    5.07509     6.41519     6.49846     12.59410    10.57814    5.75229     3.06276     10.25993    9.80982     1.15221     1.33950     11.07535    6.14737     2.00154     7.97720     1.50052     10.80716    3.22245     10.82991    2.82374     2.73932     3.67337     4.79630     10.52046    5.70723     9.59757     9.13381     4.25673     8.55519     2.86103     0.72142     12.43966    5.19138     1.80617     1.20138     8.30671     11.85849    11.68475    4.22285     5.00668     1.36627     12.37920    12.74271    8.86781     7.47197     7.90177     13.15351    3.47102     11.68889    11.79389    9.61264     4.89677     1.81781    
 10.57668    10.41368    6.84213     5.49447     2.07365     7.90179     8.31296     4.82650     6.39888     9.25203     11.31372    5.36696     9.49091     5.06568     8.63591     2.46430     0.49247     1.45225     8.34909     2.66735     3.80574     6.29212     10.84151    0.77903     1.00205     6.23328     2.24318     9.79782     4.90115     6.51166     6.57837     8.06862     4.63742     3.99958     6.15136     3.13537     4.00919     6.95330     8.79295     0.67852     5.24278     2.58765     0.70224     6.61003     0.42511     7.88074     10.33495    9.40584     1.59740     6.85000     6.17473     -0.48528    4.33163     10.43657    11.31654    8.72156     1.27982     4.37404     2.36449     9.53078     0.95657     8.27867     6.45295     8.17476     10.50177    2.43936     3.63200     9.38910     11.00582    3.10463     5.02760     10.54999    3.58994     1.50723     7.12867     8.62109     7.73720     3.79504     8.59963     -0.34613    8.10094     9.91801     10.05882    -0.23202    4.71020     1.63021     3.68159     6.29228     7.43887     3.74177     1.24469     -0.12371    3.89284     8.95952     4.88959     4.97855     1.40439     1.09855     1.85643     1.90198    
 8.97158     2.29460     3.89006     5.21388     7.89341     3.92584     10.01476    9.26159     11.42984    2.79006     1.09142     6.23353     6.40679     5.26396     6.13247     5.04686     3.18725     11.38698    11.99538    5.11270     2.97812     11.25698    8.96096     1.76108     11.55164    7.95970     2.01558     5.10002     11.90285    7.81554     11.41670    6.74885     0.18866     12.15225    9.44566     1.80162     4.03585     4.90137     8.02987     3.59141     2.03000     3.86305     3.63669     2.08419     0.69958     1.32880     7.80816     2.58549     10.81929    6.43833     8.75045     10.64540    7.02223     11.33153    0.94615     0.09109     4.00858     4.52790     10.60001    5.06626     6.66820     9.68597     6.46266     9.63265     8.57037     1.15786     6.82223     1.09374     4.49656     1.06459     9.87124     10.24212    7.51795     9.18950     1.31688     6.90625     3.66563     10.84222    1.37564     7.28158     8.83756     3.54037     11.76123    5.65728     3.36548     8.48679     9.76857     1.69558     4.10862     7.96900     11.96440    6.12566     10.01292    11.19662    2.52221     0.79845     7.87797     6.33537     5.88432     9.27553    
Properties:
 Time        Epot        Ekin        Etot        Temp     MSD         Self_diff   LC_a      LC_b      LC_c      Volume      Pressure    DebyeT   Lindemann  
 fs          eV/atom     eV/atom     eV/atom     K        Å^2         mm^2/s      Å         Å         Å         Å^3/atom    Pa          K        1          
 500         -2.76693    0.02601     -2.74092    201.19   0.0         0.0         12.75     11.686    12.586    18.706    -383221700946.3455 inf      0.0        
 600         -4.70577    1.94954     -2.75623    15082.31 0.66629     0.00185     12.75     11.686    12.586    18.706    -305766180012.76483 454.38   8e-05      
 700         -4.97626    2.21856     -2.7577     17163.56 1.08513     0.00258     12.75     11.686    12.586    18.706    -295333001002.15466 379.82   0.0001     
 800         -5.07305    2.31513     -2.75791    17910.67 1.40829     0.00293     12.75     11.686    12.586    18.706    -291267670428.8339 340.58   0.00012    
 900         -5.16534    2.40699     -2.75835    18621.34 1.63384     0.00303     12.75     11.686    12.586    18.706    -287351282248.6914 322.41   0.00013    
 1000        -5.20132    2.4429      -2.75842    18899.11 1.79718     0.003       12.75     11.686    12.586    18.706    -285894618498.75275 309.7    0.00013    
 1100        -5.21143    2.45321     -2.75823    18978.85 1.92318     0.00291     12.75     11.686    12.586    18.706    -285474560926.1951 300.01   0.00014    
 1200        -5.24397    2.48575     -2.75822    19230.59 2.0182      0.0028      12.75     11.686    12.586    18.706    -284012845180.48553 294.8    0.00014    
 1300        -5.26805    2.50959     -2.75846    19415.09 2.15538     0.00276     12.75     11.686    12.586    18.706    -283028170326.932 286.63   0.00015    
 1400        -5.31614    2.5577      -2.75843    19787.27 2.26522     0.0027      12.75     11.686    12.586    18.706    -281061721670.17175 282.26   0.00015    
 1500        -5.33154    2.57298     -2.75856    19905.47 2.34078     0.0026      12.75     11.686    12.586    18.706    -280375780687.7933 278.5    0.00015    

Time averages:
             Epot        Ekin        Etot        Temp     MSD         Self_diff   Pressure    Spec_heat   DebyeT   Lindemann  
             eV/atom     eV/atom     eV/atom     K        Å^2         mm^2/s      Pa          J/(K*Kg)    K        1          
             -5.14929    2.39123     -2.75805    18499.43 1.72935     0.00281     -287956583098.2775 416.49496   324.91   0.00013    