Material ID: 0108
Unit cell composition: Cu500
Material:  Cu
Site positions of initial unit cell:
 Cu          Cu          Cu          Cu         
 0.00000     -0.00000    0.00000     1.27882    
 0.00000     1.47665     0.00000     0.73832    
 0.00000     2.08577     4.17154     6.25731    
Properties:
 Time        Epot        Ekin        Etot        Temp     MSD         Self_diff   LC_a      LC_b      LC_c      Volume      Pressure    DebyeT   Lindemann  
 fs          eV/atom     eV/atom     eV/atom     K        Å^2         mm^2/s      Å         Å         Å         Å^3/atom    Pa          K        1          
 500         -16.7659    0.02438     -16.74152   188.63   0.0         0.0         2.609     2.609     8.51      12.539    61866061697.04137 inf      0.0        
 600         -16.78007   0.03844     -16.74164   297.36   0.00116     0.0         2.609     2.609     8.51      12.539    62999474727.66569 1326.62  0.00369    
 700         -16.80367   0.06193     -16.74174   479.12   0.0023      1e-05       2.609     2.609     8.51      12.539    65048665582.53925 1197.55  0.00519    
 800         -16.78145   0.03993     -16.74152   308.93   0.00383     1e-05       2.609     2.609     8.51      12.539    63569089711.24185 743.99   0.00671    
 900         -16.77611   0.03466     -16.74145   268.17   0.00589     1e-05       2.609     2.609     8.51      12.539    63161609499.07298 559.18   0.00832    
 1000        -16.80196   0.06025     -16.74171   466.13   0.00798     1e-05       2.609     2.609     8.51      12.539    65116094704.41023 633.67   0.00968    
 1100        -16.82365   0.08173     -16.74191   632.31   0.00944     1e-05       2.609     2.609     8.51      12.539    66688159564.10297 678.31   0.01053    
 1200        -16.81476   0.07297     -16.74179   564.52   0.01165     2e-05       2.609     2.609     8.51      12.539    65873403939.25986 576.9    0.0117     
 1300        -16.79066   0.04906     -16.7416    379.56   0.01546     2e-05       2.609     2.609     8.51      12.539    64045424628.46768 410.76   0.01348    
 1400        -16.80056   0.05894     -16.74163   455.95   0.01867     2e-05       2.609     2.609     8.51      12.539    64843665067.83696 409.62   0.01481    
 1500        -16.8165    0.07481     -16.74169   578.74   0.02287     3e-05       2.609     2.609     8.51      12.539    66177566408.50118 416.99   0.0164     

Time averages:
             Epot        Ekin        Etot        Temp     MSD         Self_diff   Pressure    Spec_heat   DebyeT   Lindemann  
             eV/atom     eV/atom     eV/atom     K        Å^2         mm^2/s      Pa          J/(K*Kg)    K        1          
             -16.79894   0.05727     -16.74167   443.08   0.00992     2e-05       64752315383.30986 244.32188   695.36   0.01005    