Material ID: 0094
Unit cell composition: Cu250
Material:  Cu
Site positions of initial unit cell:
 Cu          Cu         
 -2.43060    3.15641    
 2.03828     0.31539    
 0.62975     1.88924    
Properties:
 Time        Epot        Ekin        Etot        Temp     MSD         Self_diff   LC_a      LC_b      LC_c      Volume      Pressure    DebyeT   Lindemann  
 fs          eV/atom     eV/atom     eV/atom     K        Å^2         mm^2/s      Å         Å         Å         Å^3/atom    Pa          K        1          
 500         -13.84277   0.02389     -13.81887   184.84   0.0         0.0         4.346     4.346     2.62      13.936    -10229301242.05953 inf      0.0        
 600         -14.78585   0.96064     -13.82521   7431.85  0.03088     9e-05       4.346     4.346     2.62      13.936    74568019592.30353 1285.91  0.01052    
 700         -14.53605   0.71388     -13.82217   5522.85  0.95629     0.00228     4.346     4.346     2.62      13.936    56910336563.15075 199.19   0.05854    
 800         -14.73275   0.91075     -13.822     7045.86  1.29579     0.0027      4.346     4.346     2.62      13.936    76611751129.96892 193.28   0.06815    
 900         -14.75564   0.93347     -13.82217   7221.63  1.78786     0.00331     4.346     4.346     2.62      13.936    80481992755.40828 166.59   0.08005    
 1000        -14.70968   0.88754     -13.82214   6866.28  2.1474      0.00358     4.346     4.346     2.62      13.936    76685446750.47305 148.21   0.08773    
 1100        -14.72704   0.90468     -13.82236   6998.89  2.27447     0.00345     4.346     4.346     2.62      13.936    76533412288.16675 145.4    0.09029    
 1200        -14.76428   0.94175     -13.82253   7285.74  2.16543     0.00301     4.346     4.346     2.62      13.936    80177500864.7232 152.04   0.08809    
 1300        -14.72917   0.90679     -13.82238   7015.27  2.14731     0.00275     4.346     4.346     2.62      13.936    77919178117.65906 149.82   0.08773    
 1400        -14.72252   0.90038     -13.82214   6965.65  2.07969     0.00248     4.346     4.346     2.62      13.936    77481230045.16196 151.69   0.08633    
 1500        -14.76176   0.93956     -13.8222    7268.77  2.21697     0.00246     4.346     4.346     2.62      13.936    78164380988.40587 150.09   0.08914    
 1600        -14.84587   1.02337     -13.8225    7917.16  2.15902     0.00225     4.346     4.346     2.62      13.936    83486067572.67413 158.72   0.08796    
 1700        -14.75049   0.92807     -13.82242   7179.89  2.13763     0.0021      4.346     4.346     2.62      13.936    76974160070.0772 151.91   0.08753    
 1800        -14.7768    0.95436     -13.82243   7383.3   2.21511     0.00205     4.346     4.346     2.62      13.936    78513033172.84975 151.33   0.0891     

Time averages:
             Epot        Ekin        Etot        Temp     MSD         Self_diff   Pressure    Spec_heat   DebyeT   Lindemann  
             eV/atom     eV/atom     eV/atom     K        Å^2         mm^2/s      Pa          J/(K*Kg)    K        1          
             -14.75433   0.932       -13.82233   7210.26  2.13309     0.00268     78641640262.55992 196.66624   152.58   0.0874     