Material ID: 0069
Unit cell composition: Fe250
Material:  Fe
Site positions of initial unit cell:
 Fe          Fe         
 1.19209     0.00000    
 1.21211     0.00000    
 1.85485     0.00000    
Properties:
 Time        Epot        Ekin        Etot        Temp     MSD         Self_diff   LC_a      LC_b      LC_c      Volume      Pressure    DebyeT   Lindemann  
 fs          eV/atom     eV/atom     eV/atom     K        Å^2         mm^2/s      Å         Å         Å         Å^3/atom    Pa          K        1          
 500         -9.61491    0.02409     -9.59082    186.39   0.0         0.0         2.52      2.52      3.858     12.246    6932112748.92704 inf      0.0        
 600         -9.67724    0.08607     -9.59117    665.87   0.00809     2e-05       2.52      2.52      3.858     12.246    11868804375.90854 801.91   0.00685    
 700         -9.64108    0.0501      -9.59098    387.61   0.0065      2e-05       2.52      2.52      3.858     12.246    9060402761.82749 682.79   0.00614    
 800         -9.63652    0.04558     -9.59094    352.64   0.00838     2e-05       2.52      2.52      3.858     12.246    8712627322.37684 573.59   0.00697    
 900         -9.67904    0.08789     -9.59115    679.96   0.00779     1e-05       2.52      2.52      3.858     12.246    12011142096.81257 825.96   0.00672    
 1000        -9.62227    0.03142     -9.59086    243.06   0.01886     3e-05       2.52      2.52      3.858     12.246    7646659215.53364 317.38   0.01046    
 1100        -9.68716    0.09602     -9.59114    742.84   0.01532     2e-05       2.52      2.52      3.858     12.246    12617034991.81955 615.67   0.00943    
 1200        -9.65007    0.0591      -9.59097    457.2    0.02262     3e-05       2.52      2.52      3.858     12.246    9826241274.37954 397.48   0.01146    
 1300        -9.66505    0.07405     -9.591      572.85   0.02803     4e-05       2.52      2.52      3.858     12.246    10955162404.29923 399.71   0.01275    
 1400        -9.68166    0.0906      -9.59106    700.93   0.0349      4e-05       2.52      2.52      3.858     12.246    12223565909.37247 396.23   0.01423    
 1500        -9.66115    0.07015     -9.59099    542.74   0.03898     4e-05       2.52      2.52      3.858     12.246    10813910760.33539 329.91   0.01504    

Time averages:
             Epot        Ekin        Etot        Temp     MSD         Self_diff   Pressure    Spec_heat   DebyeT   Lindemann  
             eV/atom     eV/atom     eV/atom     K        Å^2         mm^2/s      Pa          J/(K*Kg)    K        1          
             -9.66012    0.0691      -9.59103    534.57   0.01895     3e-05       10573555111.26653 253.70434   534.06   0.01001    