Material ID: 0177
Unit cell composition: Ti125
Material:  Ti
Site positions of initial unit cell:
 Ti         
 0.00000    
 0.00000    
 0.00000    
Properties:
 Time        Epot        Ekin        Etot        Temp     MSD         Self_diff   LC_a      LC_b      LC_c      Volume      Pressure    DebyeT   Lindemann  
 fs          eV/atom     eV/atom     eV/atom     K        Å^2         mm^2/s      Å         Å         Å         Å^3/atom    Pa          K        1          
 500         -5.78359    0.0254      -5.75818    196.53   0.0         0.0         2.816     2.816     2.816     17.188    -353726647823.0509 inf      0.0        
 600         -5.84737    0.08923     -5.75814    690.3    0.05675     0.00016     2.816     2.816     2.816     17.188    -352864197892.95746 333.09   0.01692    
 700         -5.86529    0.1072      -5.75809    829.35   0.13103     0.00031     2.816     2.816     2.816     17.188    -352063612526.6203 240.27   0.02571    
 800         -5.85065    0.09257     -5.75808    716.15   0.07957     0.00017     2.816     2.816     2.816     17.188    -352430564816.0795 286.51   0.02003    
 900         -5.85387    0.09577     -5.75811    740.87   0.09962     0.00018     2.816     2.816     2.816     17.188    -352381302903.49506 260.44   0.02242    
 1000        -5.91909    0.1609      -5.75819    1244.77  0.146       0.00024     2.816     2.816     2.816     17.188    -350077987010.4047 278.86   0.02714    
 1100        -5.92069    0.1624      -5.75829    1256.39  0.25425     0.00039     2.816     2.816     2.816     17.188    -350544711175.7724 212.3    0.03581    
 1200        -5.90808    0.14977     -5.75831    1158.65  0.19725     0.00027     2.816     2.816     2.816     17.188    -350568962840.1285 231.47   0.03154    
 1300        -5.89677    0.13852     -5.75825    1071.67  0.26653     0.00034     2.816     2.816     2.816     17.188    -351600066692.4254 191.5    0.03667    
 1400        -5.89191    0.13364     -5.75827    1033.89  0.20789     0.00025     2.816     2.816     2.816     17.188    -351363131353.66736 212.98   0.03238    
 1500        -5.921      0.16261     -5.75838    1258.02  0.25711     0.00029     2.816     2.816     2.816     17.188    -350532159339.2605 211.25   0.03601    

Time averages:
             Epot        Ekin        Etot        Temp     MSD         Self_diff   Pressure    Spec_heat   DebyeT   Lindemann  
             eV/atom     eV/atom     eV/atom     K        Å^2         mm^2/s      Pa          J/(K*Kg)    K        1          
             -5.88747    0.12926     -5.75821    1000.01  0.1696      0.00027     -351442669655.0812 269.46683   245.87   0.02846    