Material ID: 0002
Unit cell composition: Ag250
Material:  Ag
Site positions of initial unit cell:
 Ag          Ag         
 -0.00000    1.47633    
 1.70471     0.85236    
 1.19958     3.59874    
Properties:
 Time        Epot        Ekin        Etot        Temp     MSD         Self_diff   LC_a      LC_b      LC_c      Volume      Pressure    DebyeT   Lindemann  
 fs          eV/atom     eV/atom     eV/atom     K        Å^2         mm^2/s      Å         Å         Å         Å^3/atom    Pa          K        1          
 500         -12.98235   0.02735     -12.955     211.62   0.0         0.0         2.953     2.953     4.798     18.114    87826231043.49599 inf      0.0        
 600         -12.9648    0.00982     -12.95498   75.97    0.00155     0.0         2.953     2.953     4.798     18.114    86940158146.88008 446.08   0.00247    
 700         -12.96976   0.01478     -12.95499   114.32   0.00189     0.0         2.953     2.953     4.798     18.114    87214920263.26997 494.62   0.00273    
 800         -12.96543   0.01044     -12.95498   80.8     0.00303     1e-05       2.953     2.953     4.798     18.114    86972201333.55788 328.47   0.00346    
 900         -12.96901   0.01403     -12.95499   108.51   0.00421     1e-05       2.953     2.953     4.798     18.114    87165302915.03062 322.87   0.00408    
 1000        -12.96886   0.01388     -12.95499   107.37   0.00589     1e-05       2.953     2.953     4.798     18.114    87155069715.9912 271.64   0.00483    
 1100        -12.96752   0.01254     -12.95498   96.98    0.00836     1e-05       2.953     2.953     4.798     18.114    87093066197.18326 216.74   0.00575    
 1200        -12.96915   0.01417     -12.95499   109.62   0.01066     1e-05       2.953     2.953     4.798     18.114    87173665619.41129 203.99   0.00649    
 1300        -12.96669   0.01171     -12.95498   90.56    0.01373     2e-05       2.953     2.953     4.798     18.114    87039061110.25508 163.39   0.00737    
 1400        -12.96867   0.01368     -12.95499   105.85   0.01708     2e-05       2.953     2.953     4.798     18.114    87151327336.38104 158.35   0.00822    
 1500        -12.96997   0.01498     -12.95499   115.9    0.02069     2e-05       2.953     2.953     4.798     18.114    87227321553.58289 150.58   0.00904    

Time averages:
             Epot        Ekin        Etot        Temp     MSD         Self_diff   Pressure    Spec_heat   DebyeT   Lindemann  
             eV/atom     eV/atom     eV/atom     K        Å^2         mm^2/s      Pa          J/(K*Kg)    K        1          
             -12.96799   0.013       -12.95499   100.59   0.00871     1e-05       87113209419.15433 118.35256   275.67   0.00544    