Material ID: 0298
Unit cell composition: Mg125
Material:  Mg
Site positions of initial unit cell:
 Mg         
 0.00000    
 0.00000    
 0.00000    
Properties:
 Time        Epot        Ekin        Etot        Temp     MSD         Self_diff   LC_a      LC_b      LC_c      Volume      Pressure    DebyeT   Lindemann  
 fs          eV/atom     eV/atom     eV/atom     K        Å^2         mm^2/s      Å         Å         Å         Å^3/atom    Pa          K        1          
 500         -0.32982    0.0235      -0.30633    181.77   0.0         0.0         3.116     3.116     3.223     27.104    2916252806.6857 inf      0.0        
 600         -0.32392    0.01759     -0.30633    136.07   0.15103     0.00042     3.116     3.116     3.223     27.104    2243160596.18853 127.22   0.02494    
 700         -0.33157    0.02524     -0.30633    195.3    0.45348     0.00108     3.116     3.116     3.223     27.104    2010541468.09668 87.95    0.04322    
 800         -0.34133    0.035       -0.30633    270.79   0.97313     0.00203     3.116     3.116     3.223     27.104    1651372718.01504 70.7     0.06331    
 900         -0.34681    0.04048     -0.30633    313.18   1.58119     0.00293     3.116     3.116     3.223     27.104    1408700781.77943 59.65    0.0807     
 1000        -0.35477    0.04844     -0.30633    374.72   2.14821     0.00358     3.116     3.116     3.223     27.104    1424131074.59285 55.98    0.09407    
 1100        -0.35999    0.05366     -0.30633    415.14   2.84982     0.00432     3.116     3.116     3.223     27.104    1518441761.12037 51.15    0.10835    
 1200        -0.361      0.05467     -0.30633    422.96   3.7388      0.00519     3.116     3.116     3.223     27.104    1207305394.40041 45.08    0.1241     
 1300        -0.3686     0.06227     -0.30633    481.77   4.49911     0.00577     3.116     3.116     3.223     27.104    1184565467.80701 43.86    0.13613    
 1400        -0.37109    0.06476     -0.30633    501.03   5.21793     0.00621     3.116     3.116     3.223     27.104    982798723.94 41.53    0.14661    
 1500        -0.36713    0.0608      -0.30633    470.39   5.77225     0.00641     3.116     3.116     3.223     27.104    820823738.00996 38.26    0.1542     

Time averages:
             Epot        Ekin        Etot        Temp     MSD         Self_diff   Pressure    Spec_heat   DebyeT   Lindemann  
             eV/atom     eV/atom     eV/atom     K        Å^2         mm^2/s      Pa          J/(K*Kg)    K        1          
             -0.35262    0.04629     -0.30633    358.13   2.73849     0.00417     1445184172.39503 553.87207   62.14    0.09756    