Material ID: 0175
Unit cell composition: Ti125
Material:  Ti
Site positions of initial unit cell:
 Ti         
 0.00000    
 0.00000    
 0.00000    
Properties:
 Time        Epot        Ekin        Etot        Temp     MSD         Self_diff   LC_a      LC_b      LC_c      Volume      Pressure    DebyeT   Lindemann  
 fs          eV/atom     eV/atom     eV/atom     K        Å^2         mm^2/s      Å         Å         Å         Å^3/atom    Pa          K        1          
 500         1.39896     0.02418     1.42314     187.1    0.0         0.0         2.703     2.703     2.703     15.207    -882632943304.8136 inf      0.0        
 600         1.28745     0.13589     1.42334     1051.3   0.03663     0.0001      2.703     2.703     2.703     15.207    -879304292011.7688 511.66   0.01416    
 700         1.2702      0.15304     1.42324     1183.96  0.09144     0.00022     2.703     2.703     2.703     15.207    -879289561759.9974 343.64   0.02237    
 800         1.18798     0.23499     1.42296     1817.94  0.24247     0.00051     2.703     2.703     2.703     15.207    -876711006087.6611 261.5    0.03643    
 900         1.20512     0.21773     1.42285     1684.42  0.18082     0.00033     2.703     2.703     2.703     15.207    -876954133520.8606 291.49   0.03146    
 1000        1.19494     0.22789     1.42283     1763.01  0.25832     0.00043     2.703     2.703     2.703     15.207    -876846215882.9252 249.5    0.0376     
 1100        1.18942     0.23315     1.42257     1803.72  0.24673     0.00037     2.703     2.703     2.703     15.207    -876389253260.2488 258.22   0.03675    
 1200        1.17994     0.2423      1.42223     1874.49  0.288       0.0004      2.703     2.703     2.703     15.207    -875944629669.5874 243.64   0.0397     
 1300        1.19237     0.23008     1.42245     1779.98  0.3432      0.00044     2.703     2.703     2.703     15.207    -876795481167.4893 217.5    0.04334    
 1400        1.18291     0.23911     1.42202     1849.81  0.36139     0.00043     2.703     2.703     2.703     15.207    -876438847897.0951 216.07   0.04448    
 1500        1.19719     0.22506     1.42225     1741.18  0.40906     0.00045     2.703     2.703     2.703     15.207    -877152627643.0048 197.03   0.04732    
 1600        1.19672     0.22528     1.42199     1742.84  0.43555     0.00045     2.703     2.703     2.703     15.207    -877040439401.1953 191.04   0.04883    

Time averages:
             Epot        Ekin        Etot        Temp     MSD         Self_diff   Pressure    Spec_heat   DebyeT   Lindemann  
             eV/atom     eV/atom     eV/atom     K        Å^2         mm^2/s      Pa          J/(K*Kg)    K        1          
             1.19968     0.22286     1.42254     1724.13  0.2857      0.00042     -876956219629.0066 262.62302   246.96   0.03883    