Material ID: 0067
Unit cell composition: Fe250
Material:  Fe
Site positions of initial unit cell:
 Fe          Fe         
 1.19209     0.00000    
 1.21211     0.00000    
 1.85485     0.00000    
Properties:
 Time        Epot        Ekin        Etot        Temp     MSD         Self_diff   LC_a      LC_b      LC_c      Volume      Pressure    DebyeT   Lindemann  
 fs          eV/atom     eV/atom     eV/atom     K        Å^2         mm^2/s      Å         Å         Å         Å^3/atom    Pa          K        1          
 500         -9.23146    0.02475     -9.20671    191.47   0.0         0.0         2.423     2.423     3.71      10.887    -161407036148.46237 inf      0.0        
 600         -9.22099    0.01433     -9.20666    110.88   0.001       0.0         2.423     2.423     3.71      10.887    -162152244431.31015 932.77   0.0025     
 700         -9.22043    0.01379     -9.20665    106.65   0.003       1e-05       2.423     2.423     3.71      10.887    -162195777691.14084 526.85   0.00434    
 800         -9.2189     0.01226     -9.20664    94.86    0.00632     1e-05       2.423     2.423     3.71      10.887    -162305190554.8968 342.42   0.0063     
 900         -9.2192     0.01257     -9.20663    97.24    0.01097     2e-05       2.423     2.423     3.71      10.887    -162283528576.31253 263.27   0.0083     
 1000        -9.21853    0.0119      -9.20663    92.1     0.01685     3e-05       2.423     2.423     3.71      10.887    -162336764542.50003 206.7    0.01028    
 1100        -9.2173     0.01067     -9.20662    82.58    0.02419     4e-05       2.423     2.423     3.71      10.887    -162420452342.3731 163.36   0.01232    
 1200        -9.2194     0.01277     -9.20664    98.79    0.0328      5e-05       2.423     2.423     3.71      10.887    -162266020811.93008 153.44   0.01435    
 1300        -9.21905    0.01241     -9.20664    96.03    0.04272     5e-05       2.423     2.423     3.71      10.887    -162290705810.17944 132.56   0.01637    
 1400        -9.21996    0.01333     -9.20664    103.1    0.05396     6e-05       2.423     2.423     3.71      10.887    -162231655320.414 122.21   0.0184     
 1500        -9.21955    0.01291     -9.20663    99.91    0.06648     7e-05       2.423     2.423     3.71      10.887    -162263068516.15363 108.39   0.02042    

Time averages:
             Epot        Ekin        Etot        Temp     MSD         Self_diff   Pressure    Spec_heat   DebyeT   Lindemann  
             eV/atom     eV/atom     eV/atom     K        Å^2         mm^2/s      Pa          J/(K*Kg)    K        1          
             -9.21933    0.01269     -9.20664    98.21    0.02583     4e-05       -162274540859.72107 225.06107   295.2    0.01136    