Material ID: 0016
Unit cell composition: Ag375
Material:  Ag
Site positions of initial unit cell:
 Ag          Ag          Ag         
 0.00000     16.35984    4.67583    
 0.00000     3.32183     0.94942    
 0.00000     1.97058     0.56322    
Properties:
 Time        Epot        Ekin        Etot        Temp     MSD         Self_diff   LC_a      LC_b      LC_c      Volume      Pressure    DebyeT   Lindemann  
 fs          eV/atom     eV/atom     eV/atom     K        Å^2         mm^2/s      Å         Å         Å         Å^3/atom    Pa          K        1          
 500         -12.69262   0.0249      -12.66772   192.61   0.0         0.0         7.255     7.255     7.255     16.99     9905582861.47101 inf      0.0        
 600         -12.69192   0.02456     -12.66736   190.02   0.06854     0.00019     7.255     7.255     7.255     16.99     13178274847.75373 105.93   3e-05      
 700         -12.70891   0.04114     -12.66777   318.26   0.0023      1e-05       7.255     7.255     7.255     16.99     11053870466.28199 748.4    0.0        
 800         -12.77129   0.10368     -12.66761   802.14   0.06797     0.00014     7.255     7.255     7.255     16.99     18004437558.59127 218.54   3e-05      
 900         -12.9194    0.25121     -12.66819   1943.47  0.02155     4e-05       7.255     7.255     7.255     16.99     25446545981.65622 604.13   1e-05      
 1000        -13.05579   0.38736     -12.66843   2996.74  0.05758     0.0001      7.255     7.255     7.255     16.99     35099538246.6349 458.95   2e-05      
 1100        -13.10702   0.43852     -12.6685    3392.58  0.05385     8e-05       7.255     7.255     7.255     16.99     37660559578.65767 504.97   2e-05      
 1200        -13.09355   0.42508     -12.66847   3288.57  0.05064     7e-05       7.255     7.255     7.255     16.99     36787108787.01002 512.66   2e-05      
 1300        -13.08334   0.41485     -12.66849   3209.46  0.05942     8e-05       7.255     7.255     7.255     16.99     36304872338.2284 467.56   2e-05      
 1400        -13.10055   0.43204     -12.66851   3342.43  0.05282     6e-05       7.255     7.255     7.255     16.99     37084507775.25167 506.06   2e-05      
 1500        -13.11      0.44149     -12.6685    3415.54  0.05108     6e-05       7.255     7.255     7.255     16.99     37646650291.10736 520.23   2e-05      
 1600        -13.09531   0.4268      -12.66852   3301.86  0.05741     6e-05       7.255     7.255     7.255     16.99     36799711977.52508 482.49   2e-05      
 1700        -13.07296   0.40448     -12.66848   3129.18  0.05761     6e-05       7.255     7.255     7.255     16.99     35624762932.08582 468.85   2e-05      
 1800        -13.0976    0.42911     -12.66849   3319.74  0.05591     5e-05       7.255     7.255     7.255     16.99     36912368306.29546 490.24   2e-05      
 1900        -13.08821   0.41968     -12.66853   3246.81  0.06329     6e-05       7.255     7.255     7.255     16.99     36629898500.36541 455.67   3e-05      
 2000        -13.08842   0.41993     -12.66849   3248.73  0.06148     5e-05       7.255     7.255     7.255     16.99     36439703100.7179 462.46   2e-05      

Time averages:
             Epot        Ekin        Etot        Temp     MSD         Self_diff   Pressure    Spec_heat   DebyeT   Lindemann  
             eV/atom     eV/atom     eV/atom     K        Å^2         mm^2/s      Pa          J/(K*Kg)    K        1          
             -13.0937    0.4252      -12.6685    3289.49  0.05635     6e-05       36789014358.72448 115.76087   487.12   2e-05      