Material ID: 0249
Unit cell composition: Ni250
Material:  Ni
Site positions of initial unit cell:
 Ni          Ni         
 0.00000     0.00000    
 0.00000     0.00000    
 6.32249     8.58985    
Properties:
 Time        Epot        Ekin        Etot        Temp     MSD         Self_diff   LC_a      LC_b      LC_c      Volume      Pressure    DebyeT   Lindemann  
 fs          eV/atom     eV/atom     eV/atom     K        Å^2         mm^2/s      Å         Å         Å         Å^3/atom    Pa          K        1          
 500         -9.65671    0.02536     -9.63135    196.21   0.0         0.0         2.477     2.477     15.509    41.214    1624072275.71156 inf      0.0        
 600         -9.76187    0.13054     -9.63133    1009.89  0.07437     0.00021     2.477     2.477     15.509    41.214    7718342761.58998 317.82   0.00686    
 700         -10.47423   0.84146     -9.63277    6509.84  0.55269     0.00132     2.477     2.477     15.509    41.214    3837734058.90824 295.99   0.0187     
 800         -10.50221   0.86913     -9.63308    6723.87  0.61551     0.00128     2.477     2.477     15.509    41.214    5777516954.58203 285.06   0.01974    
 900         -10.41729   0.78478     -9.63251    6071.3   0.62538     0.00116     2.477     2.477     15.509    41.214    6269694698.12354 268.72   0.0199     
 1000        -10.43354   0.80075     -9.63279    6194.87  0.62756     0.00105     2.477     2.477     15.509    41.214    4373937255.62348 270.97   0.01993    
 1100        -10.47185   0.83889     -9.63296    6489.94  0.61694     0.00093     2.477     2.477     15.509    41.214    2851950584.47602 279.73   0.01976    
 1200        -10.47185   0.83877     -9.63307    6489.05  0.65028     0.0009      2.477     2.477     15.509    41.214    4429507834.42715 272.44   0.02029    
 1300        -10.37146   0.73909     -9.63237    5717.84  0.72056     0.00092     2.477     2.477     15.509    41.214    2874088941.91381 242.95   0.02136    
 1400        -10.51533   0.88244     -9.63288    6826.89  0.65241     0.00078     2.477     2.477     15.509    41.214    1916778857.76111 278.99   0.02032    
 1500        -10.41399   0.78135     -9.63264    6044.78  0.7771      0.00086     2.477     2.477     15.509    41.214    5443071214.8031 240.54   0.02218    
 1600        -10.4496    0.81678     -9.63283    6318.86  0.83318     0.00087     2.477     2.477     15.509    41.214    6247629697.8546 237.51   0.02296    
 1700        -10.4335    0.8009      -9.6326     6196.04  0.82322     0.00081     2.477     2.477     15.509    41.214    4726166228.48241 236.61   0.02283    

Time averages:
             Epot        Ekin        Etot        Temp     MSD         Self_diff   Pressure    Spec_heat   DebyeT   Lindemann  
             eV/atom     eV/atom     eV/atom     K        Å^2         mm^2/s      Pa          J/(K*Kg)    K        1          
             -10.44806   0.81529     -9.63277    6307.34  0.69421     0.00092     4491034226.80473 213.20846   261.35   0.02093    