Material ID: 0105
Unit cell composition: Cu500
Material:  Cu
Site positions of initial unit cell:
 Cu          Cu          Cu          Cu         
 0.00000     -0.00000    0.00000     1.27882    
 0.00000     1.47665     0.00000     0.73832    
 0.00000     2.08577     4.17154     6.25731    
Properties:
 Time        Epot        Ekin        Etot        Temp     MSD         Self_diff   LC_a      LC_b      LC_c      Volume      Pressure    DebyeT   Lindemann  
 fs          eV/atom     eV/atom     eV/atom     K        Å^2         mm^2/s      Å         Å         Å         Å^3/atom    Pa          K        1          
 500         -12.88359   0.02571     -12.85788   198.91   0.0         0.0         2.455     2.455     8.009     10.454    -615251548841.8273 inf      0.0        
 600         -15.03555   2.13694     -12.89861   16532.09 0.01534     4e-05       2.455     2.455     8.009     10.454    -454810079055.6374 2721.4   0.01427    
 700         -13.92041   1.0273      -12.89311   7947.55  0.28947     0.00069     2.455     2.455     8.009     10.454    -535723280141.7295 434.31   0.06198    
 800         -13.75353   0.86712     -12.8864    6708.37  0.5218      0.00109     2.455     2.455     8.009     10.454    -547439551532.75073 297.2    0.08321    
 900         -14.08117   1.18984     -12.89132   9205.03  1.05406     0.00195     2.455     2.455     8.009     10.454    -523772470492.37665 244.94   0.11827    
 1000        -14.00082   1.11189     -12.88894   8601.93  1.93753     0.00323     2.455     2.455     8.009     10.454    -530146245403.96063 174.65   0.16035    
 1100        -14.16336   1.27273     -12.89063   9846.28  2.59754     0.00394     2.455     2.455     8.009     10.454    -517080567843.84534 161.38   0.18566    
 1200        -13.92271   1.03447     -12.88824   8002.99  1.79966     0.0025      2.455     2.455     8.009     10.454    -534441551757.73627 174.79   0.15454    
 1300        -14.11048   1.22165     -12.88883   9451.13  2.39213     0.00307     2.455     2.455     8.009     10.454    -522939507242.0357 164.75   0.17817    
 1400        -14.13819   1.24727     -12.89091   9649.35  2.82718     0.00337     2.455     2.455     8.009     10.454    -519742322591.65 153.13   0.19369    
 1500        -14.20086   1.31098     -12.88988   10142.19 4.20826     0.00468     2.455     2.455     8.009     10.454    -518810644912.228 128.68   0.23631    
 1600        -14.16232   1.27037     -12.89195   9828.01  6.57617     0.00685     2.455     2.455     8.009     10.454    -518257525145.5638 101.33   0.29541    
 1700        -14.03688   1.14438     -12.8925    8853.31  8.91322     0.00874     2.455     2.455     8.009     10.454    -528775309796.30646 82.61    0.34392    
 1800        -14.02446   1.13536     -12.8891    8783.58  10.04693    0.0093      2.455     2.455     8.009     10.454    -530102525708.76074 77.5     0.36513    
 1900        -14.06649   1.17723     -12.88926   9107.47  10.52236    0.00923     2.455     2.455     8.009     10.454    -526269716577.376 77.11    0.37367    
 2000        -14.09923   1.20838     -12.89086   9348.43  8.59162     0.00716     2.455     2.455     8.009     10.454    -525313690244.5164 86.46    0.33766    
 2100        -14.02367   1.13389     -12.88978   8772.18  9.32123     0.0074      2.455     2.455     8.009     10.454    -529853423457.4831 80.41    0.3517     
 2200        -13.95719   1.06772     -12.88947   8260.28  10.41004    0.00789     2.455     2.455     8.009     10.454    -535030677999.6976 73.83    0.37167    
 2300        -14.09867   1.20719     -12.89148   9339.26  9.62737     0.00698     2.455     2.455     8.009     10.454    -523880373717.93427 81.64    0.35743    
 2400        -14.1391    1.24884     -12.89026   9661.49  11.31074    0.00785     2.455     2.455     8.009     10.454    -520718126244.26447 76.61    0.38742    

Time averages:
             Epot        Ekin        Etot        Temp     MSD         Self_diff   Pressure    Spec_heat   DebyeT   Lindemann  
             eV/atom     eV/atom     eV/atom     K        Å^2         mm^2/s      Pa          J/(K*Kg)    K        1          
             -14.08089   1.19043     -12.89045   9209.62  8.95279     0.00793     -525701201380.4131 198.07073   86.62    0.34203    