Material ID: 0170
Unit cell composition: Ti125
Material:  Ti
Site positions of initial unit cell:
 Ti         
 0.00000    
 0.00000    
 0.00000    
Properties:
 Time        Epot        Ekin        Etot        Temp     MSD         Self_diff   LC_a      LC_b      LC_c      Volume      Pressure    DebyeT   Lindemann  
 fs          eV/atom     eV/atom     eV/atom     K        Å^2         mm^2/s      Å         Å         Å         Å^3/atom    Pa          K        1          
 500         -1.21487    0.02592     -1.18895    200.52   0.0         0.0         2.789     2.789     2.789     15.346    -747114783715.8824 inf      0.0        
 600         -1.20166    0.01299     -1.18867    100.47   0.00053     0.0         2.789     2.789     2.789     15.346    -747739638076.5997 1312.0   0.00165    
 700         -1.20461    0.01582     -1.18878    122.4    0.00188     0.0         2.789     2.789     2.789     15.346    -747595690306.4899 770.83   0.00311    
 800         -1.1981     0.00947     -1.18863    73.23    0.00414     1e-05       2.789     2.789     2.789     15.346    -747904032752.5392 401.44   0.00462    
 900         -1.20231    0.01356     -1.18875    104.9    0.00726     1e-05       2.789     2.789     2.789     15.346    -747703636505.7448 362.97   0.00611    
 1000        -1.20249    0.01375     -1.18874    106.39   0.01127     2e-05       2.789     2.789     2.789     15.346    -747696175864.2473 293.4    0.00761    
 1100        -1.20168    0.01294     -1.18873    100.13   0.01618     2e-05       2.789     2.789     2.789     15.346    -747733475031.4885 237.58   0.00912    
 1200        -1.2038     0.01503     -1.18877    116.28   0.02197     3e-05       2.789     2.789     2.789     15.346    -747634021714.0925 219.69   0.01063    
 1300        -1.20027    0.01156     -1.1887     89.45    0.0287      4e-05       2.789     2.789     2.789     15.346    -747800507425.7069 168.62   0.01215    
 1400        -1.20446    0.0157      -1.18876    121.44   0.03625     4e-05       2.789     2.789     2.789     15.346    -747603437695.5245 174.8    0.01365    
 1500        -1.19816    0.00952     -1.18865    73.62    0.04477     5e-05       2.789     2.789     2.789     15.346    -747900521329.916 122.47   0.01517    

Time averages:
             Epot        Ekin        Etot        Temp     MSD         Self_diff   Pressure    Spec_heat   DebyeT   Lindemann  
             eV/atom     eV/atom     eV/atom     K        Å^2         mm^2/s      Pa          J/(K*Kg)    K        1          
             -1.20175    0.01303     -1.18872    100.83   0.01729     2e-05       -747731113670.235 265.43707   406.38   0.00838    