Material ID: 0101
Unit cell composition: Cu125
Material:  Cu
Site positions of initial unit cell:
 Cu         
 0.00000    
 0.00000    
 0.00000    
Properties:
 Time        Epot        Ekin        Etot        Temp     MSD         Self_diff   LC_a      LC_b      LC_c      Volume      Pressure    DebyeT   Lindemann  
 fs          eV/atom     eV/atom     eV/atom     K        Å^2         mm^2/s      Å         Å         Å         Å^3/atom    Pa          K        1          
 500         -15.55362   0.02596     -15.52766   200.83   0.0         0.0         2.438     2.438     2.438     11.156    -239292722552.76065 inf      0.0        
 600         -15.61973   0.09216     -15.52757   713.01   0.04212     0.00012     2.438     2.438     2.438     11.156    -239468717442.9777 341.04   0.01684    
 700         -15.62677   0.0992      -15.52757   767.47   0.05552     0.00013     2.438     2.438     2.438     11.156    -238146501972.749 308.17   0.01933    
 800         -15.70404   0.17637     -15.52767   1364.47  0.16531     0.00034     2.438     2.438     2.438     11.156    -235345870337.65848 238.13   0.03335    
 900         -15.67715   0.14943     -15.52772   1156.08  0.16327     0.0003      2.438     2.438     2.438     11.156    -237311424924.3994 220.56   0.03315    
 1000        -15.66049   0.13279     -15.5277    1027.31  0.15039     0.00025     2.438     2.438     2.438     11.156    -238410812328.3888 216.64   0.03181    
 1100        -15.71442   0.18658     -15.52785   1443.41  0.20714     0.00031     2.438     2.438     2.438     11.156    -235242827382.92496 218.8    0.03734    
 1200        -15.68225   0.15447     -15.52778   1195.0   0.15927     0.00022     2.438     2.438     2.438     11.156    -236584789637.95963 227.04   0.03274    
 1300        -15.69138   0.16346     -15.52792   1264.6   0.20252     0.00026     2.438     2.438     2.438     11.156    -236583243808.0516 207.12   0.03692    
 1400        -15.69376   0.16597     -15.52779   1284.0   0.19389     0.00023     2.438     2.438     2.438     11.156    -236527985898.8692 213.3    0.03612    
 1500        -15.69355   0.16568     -15.52786   1281.77  0.17991     0.0002      2.438     2.438     2.438     11.156    -236064063431.01913 221.24   0.03479    

Time averages:
             Epot        Ekin        Etot        Temp     MSD         Self_diff   Pressure    Spec_heat   DebyeT   Lindemann  
             eV/atom     eV/atom     eV/atom     K        Å^2         mm^2/s      Pa          J/(K*Kg)    K        1          
             -15.67635   0.14861     -15.52774   1149.71  0.15193     0.00025     -236968623716.49982 201.70432   241.2    0.03124    