Material ID: 0065
Unit cell composition: Fe250
Material:  Fe
Site positions of initial unit cell:
 Fe          Fe         
 1.19209     0.00000    
 1.21211     0.00000    
 1.85485     0.00000    
Properties:
 Time        Epot        Ekin        Etot        Temp     MSD         Self_diff   LC_a      LC_b      LC_c      Volume      Pressure    DebyeT   Lindemann  
 fs          eV/atom     eV/atom     eV/atom     K        Å^2         mm^2/s      Å         Å         Å         Å^3/atom    Pa          K        1          
 500         -6.10314    0.02663     -6.07652    205.99   0.0         0.0         2.326     2.326     3.561     9.632     -620732319308.8925 inf      0.0        
 600         -6.43213    0.34826     -6.08387    2694.27  0.00242     1e-05       2.326     2.326     3.561     9.632     -594131344782.9203 2952.28  0.00406    
 700         -6.16057    0.08279     -6.07778    640.5    0.0064      2e-05       2.326     2.326     3.561     9.632     -616021006883.5533 884.69   0.0066     
 800         -6.30731    0.22654     -6.08077    1752.6   0.00415     1e-05       2.326     2.326     3.561     9.632     -604066310988.9775 1817.33  0.00531    
 900         -6.33361    0.25286     -6.08075    1956.21  0.00856     2e-05       2.326     2.326     3.561     9.632     -601644742936.1442 1336.52  0.00763    
 1000        -6.3673     0.28639     -6.0809     2215.65  0.01073     2e-05       2.326     2.326     3.561     9.632     -599075259726.142 1270.61  0.00855    
 1100        -6.3318     0.25172     -6.08008    1947.43  0.01281     2e-05       2.326     2.326     3.561     9.632     -601970090455.9352 1090.2   0.00934    
 1200        -6.36005    0.27958     -6.08047    2162.91  0.01884     3e-05       2.326     2.326     3.561     9.632     -599677175366.3698 947.26   0.01133    
 1300        -6.35733    0.27675     -6.08058    2141.05  0.02326     3e-05       2.326     2.326     3.561     9.632     -599735444834.3628 848.38   0.01258    
 1400        -6.35464    0.27407     -6.08057    2120.31  0.0283      3e-05       2.326     2.326     3.561     9.632     -600122267677.4501 765.39   0.01388    
 1500        -6.28251    0.20279     -6.07972    1568.86  0.03308     4e-05       2.326     2.326     3.561     9.632     -605814121769.7274 608.94   0.01501    
 1600        -6.29292    0.21308     -6.07984    1648.48  0.04046     4e-05       2.326     2.326     3.561     9.632     -604956747107.2915 564.38   0.0166     
 1700        -6.31708    0.23608     -6.08101    1826.39  0.04563     4e-05       2.326     2.326     3.561     9.632     -602972868371.1222 559.38   0.01763    
 1800        -6.24377    0.16433     -6.07944    1271.35  0.05215     5e-05       2.326     2.326     3.561     9.632     -608833383936.3204 436.55   0.01884    

Time averages:
             Epot        Ekin        Etot        Temp     MSD         Self_diff   Pressure    Spec_heat   DebyeT   Lindemann  
             eV/atom     eV/atom     eV/atom     K        Å^2         mm^2/s      Pa          J/(K*Kg)    K        1          
             -6.3241     0.24377     -6.08034    1885.86  0.02738     3e-05       -602480210218.0865 230.69876   842.76   0.01314    