Material ID: 0217
Unit cell composition: Co250
Material:  Co
Site positions of initial unit cell:
 Co          Co         
 -0.00000    1.25039    
 1.44383     0.72191    
 1.00833     3.02500    
Properties:
 Time        Epot        Ekin        Etot        Temp     MSD         Self_diff   LC_a      LC_b      LC_c      Volume      Pressure    DebyeT   Lindemann  
 fs          eV/atom     eV/atom     eV/atom     K        Å^2         mm^2/s      Å         Å         Å         Å^3/atom    Pa          K        1          
 500         -10.54337   0.02434     -10.51904   188.27   0.0         0.0         2.501     2.501     4.033     10.922    51998039260.65817 inf      0.0        
 600         -10.52947   0.01048     -10.51899   81.08    0.00092     0.0         2.501     2.501     4.033     10.922    50897588206.79343 806.62   0.00227    
 700         -10.52952   0.01052     -10.519     81.4     0.00191     0.0         2.501     2.501     4.033     10.922    50899576913.19136 561.37   0.00326    
 800         -10.53128   0.01228     -10.519     95.01    0.0035      1e-05       2.501     2.501     4.033     10.922    51034897934.53735 448.62   0.00441    
 900         -10.53249   0.01348     -10.51901   104.31   0.00585     1e-05       2.501     2.501     4.033     10.922    51134854411.9708 363.45   0.0057     
 1000        -10.53135   0.01235     -10.519     95.57    0.00891     1e-05       2.501     2.501     4.033     10.922    51045234199.41579 281.83   0.00704    
 1100        -10.53007   0.01107     -10.519     85.63    0.01266     2e-05       2.501     2.501     4.033     10.922    50947016850.72802 223.84   0.00839    
 1200        -10.52947   0.01047     -10.519     81.02    0.0171      2e-05       2.501     2.501     4.033     10.922    50919043208.68648 187.35   0.00975    
 1300        -10.52966   0.01067     -10.51899   82.53    0.02205     3e-05       2.501     2.501     4.033     10.922    50911258307.38936 166.52   0.01107    
 1400        -10.53213   0.01312     -10.519     101.51   0.02773     3e-05       2.501     2.501     4.033     10.922    51109190083.01601 164.68   0.01242    
 1500        -10.53036   0.01136     -10.519     87.89    0.03418     4e-05       2.501     2.501     4.033     10.922    50972985716.29336 138.03   0.01379    

Time averages:
             Epot        Ekin        Etot        Temp     MSD         Self_diff   Pressure    Spec_heat   DebyeT   Lindemann  
             eV/atom     eV/atom     eV/atom     K        Å^2         mm^2/s      Pa          J/(K*Kg)    K        1          
             -10.53058   0.01158     -10.519     89.59    0.01348     2e-05       50987164583.20219 214.13263   334.23   0.00781    