Material ID: 0136
Unit cell composition: Zn12500
Material:  Zn
Site positions of initial unit cell:
 Zn          Zn          Zn          Zn          Zn          Zn          Zn          Zn          Zn          Zn          Zn          Zn          Zn          Zn          Zn          Zn          Zn          Zn          Zn          Zn          Zn          Zn          Zn          Zn          Zn          Zn          Zn          Zn          Zn          Zn          Zn          Zn          Zn          Zn          Zn          Zn          Zn          Zn          Zn          Zn          Zn          Zn          Zn          Zn          Zn          Zn          Zn          Zn          Zn          Zn          Zn          Zn          Zn          Zn          Zn          Zn          Zn          Zn          Zn          Zn          Zn          Zn          Zn          Zn          Zn          Zn          Zn          Zn          Zn          Zn          Zn          Zn          Zn          Zn          Zn          Zn          Zn          Zn          Zn          Zn          Zn          Zn          Zn          Zn          Zn          Zn          Zn          Zn          Zn          Zn          Zn          Zn          Zn          Zn          Zn          Zn          Zn          Zn          Zn          Zn         
 0.25500     3.48141     10.89956    2.84102     2.96104     4.58905     7.50644     2.63138     3.62172     6.50867     6.65799     5.30738     1.47935     1.02863     7.55623     8.84662     0.90130     1.18810     2.21918     8.28786     9.21896     6.60692     1.69896     -0.06160    1.85117     10.77836    10.68702    6.62485     1.57429     3.63082     7.08576     8.09683     11.98019    0.47985     11.10658    1.17440     8.73017     4.98116     6.80228     9.02913     10.09546    3.86232     5.88914     8.72409     1.29967     9.84743     10.71383    1.60130     5.08543     2.78928     2.08885     11.27007    5.28543     6.09486     7.74082     5.34971     4.26019     0.09544     11.48843    9.38396     10.60431    10.41922    3.87019     0.82395     4.66491     3.38796     5.41567     5.94256     9.64806     8.13671     7.90146     8.28785     7.23746     3.01432     11.72848    8.75252     2.48437     7.72081     9.56880     5.07715     5.73969     1.12522     1.22439     3.05370     10.57338    9.71027     7.33949     5.27343     5.89695     10.98152    6.85365     3.51165     8.19235     9.26759     6.66492     8.54248     3.84928     1.36604     1.63137     11.33849   
 6.73741     1.73571     1.79534     8.68884     2.39053     10.30254    11.02725    2.20325     3.13842     9.47556     4.77430     3.48065     7.52070     0.86601     2.35306     8.38917     3.23262     11.61053    11.22827    6.36464     3.00606     7.28367     5.53713     9.29398     9.45948     4.33627     2.42226     8.64025     4.96853     4.72376     6.79904     1.91139     1.11774     10.62615    4.32573     5.38141     7.01804     5.30147     8.43540     3.65682     3.28993     9.23552     4.36904     6.89521     9.17525     0.57077     5.19296     2.80529     1.12667     6.83421     6.90251     7.06491     9.58626     -0.06781    4.36686     7.37964     1.84015     9.64250     0.01349     9.23033     7.33213     8.73725     4.43489     7.34065     7.12373     6.08722     9.98966     0.82334     10.99420    8.86264     9.63748     5.13264     0.10358     8.00555     2.11887     10.80306    11.45876    4.82277     6.28950     1.22307     6.02352     0.00951     4.42535     10.72083    9.02569     1.80629     2.64658     3.40594     5.98389     9.75695     2.38896     10.53419    0.31964     11.11028    0.17957     0.48367     7.99678     3.43219     0.33435     5.73148    
 5.69004     1.93834     4.19122     2.94926     6.68337     7.72635     1.89924     9.28904     11.49590    6.05938     4.24681     2.40225     10.19318    2.60687     10.79111    7.20720     11.09907    0.51500     3.50051     3.06674     6.13602     11.11504    0.24303     0.37099     7.85791     8.34348     1.55759     8.59077     9.30011     7.76760     5.94426     1.74070     9.66842     9.87330     4.96436     3.57582     9.41098     11.39561    1.82294     3.45537     10.78813    5.39541     6.70291     0.45104     5.21990     11.13445    1.81516     4.48215     10.95501    4.97237     7.55480     8.24003     10.68181    5.29200     1.17472     3.98277     4.49987     2.90517     0.54785     1.50126     3.36471     10.32130    4.83173     1.77638     6.80039     2.42408     3.34734     2.74487     3.45217     4.14244     11.07537    7.65999     9.32442     0.35007     6.80192     8.85528     6.18395     10.25571    5.71568     7.87535     8.89475     5.12441     6.79018     9.81036     5.30403     8.59620     8.02176     9.47371     1.85053     7.83114     5.19419     1.30109     6.92387     6.17672     0.35605     4.24889     9.23270     1.96787     7.68546     10.71529   
Properties:
 Time        Epot        Ekin        Etot        Temp     MSD         Self_diff   LC_a      LC_b      LC_c      Volume      Pressure    DebyeT   Lindemann  
 fs          eV/atom     eV/atom     eV/atom     K        Å^2         mm^2/s      Å         Å         Å         Å^3/atom    Pa          K        1          
 500         -0.99313    0.02568     -0.96745    198.64   0.0         0.0         11.575    11.556    11.348    15.079    13319127331.81634 inf      0.0        
 600         -0.99475    0.0273      -0.96745    211.2    0.06808     0.00019     11.575    11.556    11.348    15.079    12063722614.46632 143.93   3e-05      
 700         -1.00333    0.03587     -0.96745    277.54   0.1722      0.00041     11.575    11.556    11.348    15.079    10939809173.40069 103.74   4e-05      
 800         -1.01084    0.04338     -0.96746    335.61   0.29413     0.00061     11.575    11.556    11.348    15.079    10157201820.5914 87.29    5e-05      
 900         -1.02001    0.05256     -0.96746    406.6    0.45497     0.00084     11.575    11.556    11.348    15.079    9067761876.35121 77.25    7e-05      
 1000        -1.02872    0.06127     -0.96746    473.97   0.64938     0.00108     11.575    11.556    11.348    15.079    8013205897.60998 69.81    8e-05      
 1100        -1.03732    0.06986     -0.96746    540.48   0.87241     0.00132     11.575    11.556    11.348    15.079    7187394783.46556 64.32    9e-05      
 1200        -1.04465    0.07719     -0.96746    597.18   1.12459     0.00156     11.575    11.556    11.348    15.079    6495700595.07545 59.55    0.00011    
 1300        -1.05082    0.08336     -0.96746    644.9    1.39651     0.00179     11.575    11.556    11.348    15.079    5913396448.61276 55.53    0.00012    
 1400        -1.05612    0.08866     -0.96746    685.93   1.67031     0.00199     11.575    11.556    11.348    15.079    5505926414.38914 52.37    0.00013    
 1500        -1.06007    0.09261     -0.96746    716.45   1.95872     0.00218     11.575    11.556    11.348    15.079    5103501254.03604 49.42    0.00014    

Time averages:
             Epot        Ekin        Etot        Temp     MSD         Self_diff   Pressure    Spec_heat   DebyeT   Lindemann  
             eV/atom     eV/atom     eV/atom     K        Å^2         mm^2/s      Pa          J/(K*Kg)    K        1          
             -1.03066    0.06321     -0.96746    488.99   0.86613     0.00131     8044762087.79986 -27.84135   76.32    9e-05      