Material ID: 0040
Unit cell composition: Fe500
Material:  Fe
Site positions of initial unit cell:
 Fe          Fe          Fe          Fe         
 2.45285     0.91599     2.45314     0.91570    
 -0.00013    1.18586     -0.00036    1.18609    
 3.92871     5.89678     7.85942     1.96614    
Properties:
 Time        Epot        Ekin        Etot        Temp     MSD         Self_diff   LC_a      LC_b      LC_c      Volume      Pressure    DebyeT   Lindemann  
 fs          eV/atom     eV/atom     eV/atom     K        Å^2         mm^2/s      Å         Å         Å         Å^3/atom    Pa          K        1          
 500         -5.97386    0.02627     -5.94759    203.26   0.0         0.0         2.355     2.355     7.546     10.117    -521447259432.4611 inf      0.0        
 600         -6.84439    0.88407     -5.96032    6839.45  0.05455     0.00015     2.355     2.355     7.546     10.117    -459018494628.47845 990.05   0.02806    
 700         -6.70704    0.7462      -5.96084    5772.87  0.16374     0.00039     2.355     2.355     7.546     10.117    -468963626438.25867 525.0    0.04861    
 800         -6.84345    0.88146     -5.96199    6819.3   0.30028     0.00063     2.355     2.355     7.546     10.117    -459567106199.52374 421.35   0.06583    
 900         -6.84379    0.88125     -5.96254    6817.66  0.42157     0.00078     2.355     2.355     7.546     10.117    -459830858252.5395 355.57   0.078      
 1000        -6.89534    0.93285     -5.96249    7216.86  0.45251     0.00075     2.355     2.355     7.546     10.117    -456106796932.2067 353.1    0.08081    
 1100        -6.89798    0.93581     -5.96218    7239.73  0.73895     0.00112     2.355     2.355     7.546     10.117    -455925770680.5424 276.75   0.10326    
 1200        -6.90103    0.93874     -5.9623     7262.38  0.95782     0.00133     2.355     2.355     7.546     10.117    -455874942509.15765 243.46   0.11756    
 1300        -6.90133    0.93903     -5.9623     7264.65  0.89381     0.00115     2.355     2.355     7.546     10.117    -455982521184.8148 252.07   0.11357    
 1400        -6.93706    0.97456     -5.9625     7539.51  0.74445     0.00089     2.355     2.355     7.546     10.117    -453002382976.41376 281.38   0.10365    
 1500        -6.91576    0.95342     -5.96234    7375.96  0.87402     0.00097     2.355     2.355     7.546     10.117    -454716400012.4676 256.85   0.1123     
 1600        -6.90166    0.9392      -5.96245    7265.98  0.98034     0.00102     2.355     2.355     7.546     10.117    -455859111579.1629 240.71   0.11894    
 1700        -6.86376    0.9019      -5.96185    6977.45  0.80229     0.00079     2.355     2.355     7.546     10.117    -458372199597.3059 260.75   0.1076     

Time averages:
             Epot        Ekin        Etot        Temp     MSD         Self_diff   Pressure    Spec_heat   DebyeT   Lindemann  
             eV/atom     eV/atom     eV/atom     K        Å^2         mm^2/s      Pa          J/(K*Kg)    K        1          
             -6.89012    0.92782     -5.96229    7177.95  0.7166      0.00098     -456523808992.4136 223.90202   294.2    0.10015    