Material ID: 0272
Unit cell composition: Mg375
Material:  Mg
Site positions of initial unit cell:
 Mg          Mg          Mg         
 0.00000     4.95089     17.32955   
 0.00000     1.03261     3.61442    
 0.00000     0.61347     2.14732    
Properties:
 Time        Epot        Ekin        Etot        Temp     MSD         Self_diff   LC_a      LC_b      LC_c      Volume      Pressure    DebyeT   Lindemann  
 fs          eV/atom     eV/atom     eV/atom     K        Å^2         mm^2/s      Å         Å         Å         Å^3/atom    Pa          K        1          
 500         -0.42493    0.02575     -0.39917    199.25   0.0         0.0         7.864     7.864     7.864     22.75     4488760205.54657 inf      0.0        
 600         -0.41471    0.01554     -0.39917    120.21   0.1535      0.00043     7.864     7.864     7.864     22.75     3284375856.98437 118.6    4e-05      
 700         -0.41645    0.01727     -0.39917    133.62   0.32691     0.00078     7.864     7.864     7.864     22.75     3018647398.50125 85.68    6e-05      
 800         -0.42035    0.02117     -0.39917    163.8    0.47662     0.00099     7.864     7.864     7.864     22.75     2973400089.34269 78.57    7e-05      
 900         -0.42239    0.02322     -0.39917    179.62   0.6597      0.00122     7.864     7.864     7.864     22.75     2730917545.74129 69.93    8e-05      
 1000        -0.42504    0.02586     -0.39918    200.08   0.8863      0.00148     7.864     7.864     7.864     22.75     2499869530.3665 63.68    9e-05      
 1100        -0.42803    0.02886     -0.39918    223.25   1.15127     0.00174     7.864     7.864     7.864     22.75     2262844696.78357 59.02    0.00011    
 1200        -0.42974    0.03056     -0.39918    236.44   1.41464     0.00196     7.864     7.864     7.864     22.75     2087036195.15212 54.79    0.00012    
 1300        -0.43331    0.03414     -0.39918    264.08   1.67918     0.00215     7.864     7.864     7.864     22.75     1952569248.30906 53.15    0.00013    
 1400        -0.43393    0.03475     -0.39918    268.87   1.92041     0.00229     7.864     7.864     7.864     22.75     1728551025.77395 50.15    0.00014    
 1500        -0.43581    0.03663     -0.39918    283.39   2.17392     0.00242     7.864     7.864     7.864     22.75     1721626337.17475 48.39    0.00015    

Time averages:
             Epot        Ekin        Etot        Temp     MSD         Self_diff   Pressure    Spec_heat   DebyeT   Lindemann  
             eV/atom     eV/atom     eV/atom     K        Å^2         mm^2/s      Pa          J/(K*Kg)    K        1          
             -0.42598    0.0268      -0.39918    207.34   1.08424     0.00167     2425983792.41295 595.18565   68.2     0.0001     