Material ID: 0109
Unit cell composition: Cu500
Material:  Cu
Site positions of initial unit cell:
 Cu          Cu          Cu          Cu         
 0.00000     -0.00000    0.00000     1.27882    
 0.00000     1.47665     0.00000     0.73832    
 0.00000     2.08577     4.17154     6.25731    
Properties:
 Time        Epot        Ekin        Etot        Temp     MSD         Self_diff   LC_a      LC_b      LC_c      Volume      Pressure    DebyeT   Lindemann  
 fs          eV/atom     eV/atom     eV/atom     K        Å^2         mm^2/s      Å         Å         Å         Å^3/atom    Pa          K        1          
 500         -16.12305   0.02447     -16.09857   189.33   0.0         0.0         2.66      2.66      8.677     13.291    102907746591.72226 inf      0.0        
 600         -16.26207   0.16331     -16.09876   1263.41  0.02243     6e-05       2.66      2.66      8.677     13.291    116433247756.62933 622.14   0.01592    
 700         -16.36189   0.26263     -16.09925   2031.83  0.01521     4e-05       2.66      2.66      8.677     13.291    124148485531.01353 958.04   0.01311    
 800         -16.27437   0.1753      -16.09907   1356.15  0.00758     2e-05       2.66      2.66      8.677     13.291    116937680430.5302 1108.89  0.00926    
 900         -16.15333   0.05499     -16.09834   425.43   0.02828     5e-05       2.66      2.66      8.677     13.291    108737999608.13995 321.49   0.01788    
 1000        -16.25322   0.15422     -16.099     1193.1   0.00956     2e-05       2.66      2.66      8.677     13.291    115525576134.8835 925.92   0.0104     
 1100        -16.32043   0.22143     -16.09901   1713.04  0.01898     3e-05       2.66      2.66      8.677     13.291    121276887672.68102 787.38   0.01465    
 1200        -16.24023   0.14142     -16.09881   1094.07  0.02634     4e-05       2.66      2.66      8.677     13.291    115070363898.01987 534.25   0.01726    
 1300        -16.20303   0.1043      -16.09874   806.87   0.01319     2e-05       2.66      2.66      8.677     13.291    112573944663.05252 648.3    0.01221    
 1400        -16.28596   0.18699     -16.09897   1446.62  0.01896     2e-05       2.66      2.66      8.677     13.291    119021171456.2457 724.02   0.01464    
 1500        -16.26616   0.16732     -16.09885   1294.41  0.02196     2e-05       2.66      2.66      8.677     13.291    117321226686.59547 636.35   0.01576    
 1600        -16.26299   0.16414     -16.09885   1269.86  0.01851     2e-05       2.66      2.66      8.677     13.291    116962619104.1522 686.6    0.01447    
 1700        -16.27657   0.17772     -16.09885   1374.91  0.02324     2e-05       2.66      2.66      8.677     13.291    118095005240.8775 637.61   0.01621    

Time averages:
             Epot        Ekin        Etot        Temp     MSD         Self_diff   Pressure    Spec_heat   DebyeT   Lindemann  
             eV/atom     eV/atom     eV/atom     K        Å^2         mm^2/s      Pa          J/(K*Kg)    K        1          
             -16.25363   0.15478     -16.09885   1197.45  0.01866     3e-05       116152247489.51779 250.16108   701.08   0.01427    