Material ID: 0172
Unit cell composition: Ti125
Material:  Ti
Site positions of initial unit cell:
 Ti         
 0.00000    
 0.00000    
 0.00000    
Properties:
 Time        Epot        Ekin        Etot        Temp     MSD         Self_diff   LC_a      LC_b      LC_c      Volume      Pressure    DebyeT   Lindemann  
 fs          eV/atom     eV/atom     eV/atom     K        Å^2         mm^2/s      Å         Å         Å         Å^3/atom    Pa          K        1          
 500         -7.23212    0.02547     -7.20665    197.05   0.0         0.0         2.906     2.906     2.906     17.345    -283704292775.1944 inf      0.0        
 600         -7.21663    0.01011     -7.20653    78.2     0.00045     0.0         2.906     2.906     2.906     17.345    -284370350677.51807 1256.82  0.00146    
 700         -7.21584    0.00933     -7.2065     72.2     0.00093     0.0         2.906     2.906     2.906     17.345    -284408139748.68445 840.06   0.0021     
 800         -7.21932    0.01276     -7.20655    98.75    0.0016      0.0         2.906     2.906     2.906     17.345    -284256283509.00696 750.11   0.00275    
 900         -7.22147    0.01491     -7.20656    115.32   0.0025      0.0         2.906     2.906     2.906     17.345    -284164735481.2836 648.09   0.00344    
 1000        -7.22026    0.01372     -7.20655    106.11   0.00378     1e-05       2.906     2.906     2.906     17.345    -284216780422.878 505.95   0.00423    
 1100        -7.2171     0.01057     -7.20653    81.74    0.00552     1e-05       2.906     2.906     2.906     17.345    -284352121311.64453 367.58   0.00511    
 1200        -7.2175     0.01096     -7.20654    84.8     0.00741     1e-05       2.906     2.906     2.906     17.345    -284333704487.4262 323.02   0.00593    
 1300        -7.21856    0.01202     -7.20654    93.01    0.0095      1e-05       2.906     2.906     2.906     17.345    -284289163265.25653 298.89   0.00671    
 1400        -7.22069    0.01414     -7.20655    109.39   0.01184     1e-05       2.906     2.906     2.906     17.345    -284198716915.9421 290.22   0.00749    
 1500        -7.22099    0.01444     -7.20655    111.68   0.01458     2e-05       2.906     2.906     2.906     17.345    -284185260510.46356 264.34   0.00831    

Time averages:
             Epot        Ekin        Etot        Temp     MSD         Self_diff   Pressure    Spec_heat   DebyeT   Lindemann  
             eV/atom     eV/atom     eV/atom     K        Å^2         mm^2/s      Pa          J/(K*Kg)    K        1          
             -7.21884    0.0123      -7.20654    95.12    0.00581     1e-05       -284277525633.0104 264.68623   554.51   0.00475    