Material ID: 0200
Unit cell composition: Co750
Material:  Co
Site positions of initial unit cell:
 Co          Co          Co          Co          Co          Co         
 2.30799     0.00000     4.61598     4.61598     3.46199     5.76998    
 1.33252     0.00000     2.66504     1.33252     3.33130     3.33130    
 0.94223     0.00000     0.47112     2.35558     2.35558     2.35558    
Properties:
 Time        Epot        Ekin        Etot        Temp     MSD         Self_diff   LC_a      LC_b      LC_c      Volume      Pressure    DebyeT   Lindemann  
 fs          eV/atom     eV/atom     eV/atom     K        Å^2         mm^2/s      Å         Å         Å         Å^3/atom    Pa          K        1          
 500         -6.18607    0.02636     -6.15971    203.9    0.0         0.0         4.431     4.431     4.431     10.255    -365611481873.12933 inf      0.0        
 600         -7.60779    1.42173     -6.18606    10999.01 0.4027      0.00112     4.431     4.431     4.431     10.255    -263150808146.40967 449.82   6e-05      
 700         -7.6939     1.50751     -6.18638    11662.66 0.79156     0.00188     4.431     4.431     4.431     10.255    -255894660851.6216 330.38   9e-05      
 800         -7.76131    1.57421     -6.18711    12178.61 0.99661     0.00208     4.431     4.431     4.431     10.255    -250654940899.5526 300.88   0.0001     
 900         -7.79341    1.60651     -6.1869     12428.52 1.02863     0.0019      4.431     4.431     4.431     10.255    -247480889132.16327 299.18   0.0001     
 1000        -7.83433    1.64749     -6.18684    12745.54 1.08629     0.00181     4.431     4.431     4.431     10.255    -243316938627.14084 294.82   0.0001     
 1100        -7.82072    1.63411     -6.1866     12642.05 1.1997      0.00182     4.431     4.431     4.431     10.255    -244772558951.68427 279.4    0.00011    
 1200        -7.84833    1.66168     -6.18666    12855.32 1.3047      0.00181     4.431     4.431     4.431     10.255    -242934768479.9777 270.17   0.00011    
 1300        -7.85859    1.67143     -6.18716    12930.77 1.45487     0.00187     4.431     4.431     4.431     10.255    -242470271884.58896 256.6    0.00012    
 1400        -7.86731    1.68025     -6.18705    12999.03 1.54944     0.00184     4.431     4.431     4.431     10.255    -241535638826.15677 249.3    0.00012    
 1500        -7.90609    1.71934     -6.18675    13301.44 1.62509     0.00181     4.431     4.431     4.431     10.255    -238555647516.02017 246.24   0.00013    
 1600        -7.9131     1.72546     -6.18763    13348.79 1.80591     0.00188     4.431     4.431     4.431     10.255    -237667464959.11 234.0    0.00013    

Time averages:
             Epot        Ekin        Etot        Temp     MSD         Self_diff   Pressure    Spec_heat   DebyeT   Lindemann  
             eV/atom     eV/atom     eV/atom     K        Å^2         mm^2/s      Pa          J/(K*Kg)    K        1          
             -7.82971    1.6428      -6.18691    12709.27 1.28428     0.00187     -244528378012.8016 212.87656   276.1    0.00011    