Material ID: 0173
Unit cell composition: Ti125
Material:  Ti
Site positions of initial unit cell:
 Ti         
 0.00000    
 0.00000    
 0.00000    
Properties:
 Time        Epot        Ekin        Etot        Temp     MSD         Self_diff   LC_a      LC_b      LC_c      Volume      Pressure    DebyeT   Lindemann  
 fs          eV/atom     eV/atom     eV/atom     K        Å^2         mm^2/s      Å         Å         Å         Å^3/atom    Pa          K        1          
 500         -8.6674     0.02641     -8.641      204.28   0.0         0.0         2.964     2.964     2.964     18.406    -158881132163.9219 inf      0.0        
 600         -8.65779    0.01686     -8.64094    130.4    0.00156     0.0         2.964     2.964     2.964     18.406    -159283004258.9891 873.44   0.00266    
 700         -8.65724    0.0163      -8.64094    126.07   0.00565     1e-05       2.964     2.964     2.964     18.406    -159304546693.03705 451.0    0.00507    
 800         -8.65762    0.01667     -8.64095    128.97   0.01242     3e-05       2.964     2.964     2.964     18.406    -159287549620.31134 307.74   0.00752    
 900         -8.65317    0.01225     -8.64092    94.76    0.02196     4e-05       2.964     2.964     2.964     18.406    -159470530639.49976 198.38   0.01       
 1000        -8.65281    0.01188     -8.64093    91.93    0.03406     6e-05       2.964     2.964     2.964     18.406    -159483889228.18887 156.9    0.01245    
 1100        -8.65406    0.01313     -8.64093    101.6    0.04878     7e-05       2.964     2.964     2.964     18.406    -159435522880.98935 137.82   0.01491    
 1200        -8.65195    0.01103     -8.64092    85.35    0.06622     9e-05       2.964     2.964     2.964     18.406    -159522329567.44147 108.42   0.01737    
 1300        -8.6521     0.01119     -8.64091    86.56    0.08628     0.00011     2.964     2.964     2.964     18.406    -159517338919.54172 95.66    0.01982    
 1400        -8.65457    0.01364     -8.64092    105.55   0.10901     0.00013     2.964     2.964     2.964     18.406    -159413417108.4757 93.98    0.02228    
 1500        -8.65858    0.01764     -8.64094    136.46   0.13436     0.00015     2.964     2.964     2.964     18.406    -159249871280.2698 96.25    0.02474    

Time averages:
             Epot        Ekin        Etot        Temp     MSD         Self_diff   Pressure    Spec_heat   DebyeT   Lindemann  
             eV/atom     eV/atom     eV/atom     K        Å^2         mm^2/s      Pa          J/(K*Kg)    K        1          
             -8.65499    0.01406     -8.64093    108.77   0.05203     8e-05       -159396800019.67438 265.83005   251.96   0.01368    