Material ID: 0236
Unit cell composition: Ni250
Material:  Ni
Site positions of initial unit cell:
 Ni          Ni         
 -0.00000    1.23714    
 1.42853     0.71426    
 1.01755     3.05264    
Properties:
 Time        Epot        Ekin        Etot        Temp     MSD         Self_diff   LC_a      LC_b      LC_c      Volume      Pressure    DebyeT   Lindemann  
 fs          eV/atom     eV/atom     eV/atom     K        Å^2         mm^2/s      Å         Å         Å         Å^3/atom    Pa          K        1          
 500         -17.18268   0.02369     -17.15899   183.29   0.0         0.0         2.425     2.425     3.989     10.155    42122664099.9912 inf      0.0        
 600         -17.19466   0.03546     -17.1592    274.35   0.00271     1e-05       2.425     2.425     3.989     10.155    43318203291.29486 868.06   0.00396    
 700         -17.22628   0.06673     -17.15954   516.26   0.00236     1e-05       2.425     2.425     3.989     10.155    46222613706.2313 1275.41  0.00369    
 800         -17.21299   0.05362     -17.15937   414.84   0.00488     1e-05       2.425     2.425     3.989     10.155    44967722880.27845 795.31   0.00531    
 900         -17.18293   0.02391     -17.15902   184.99   0.00885     2e-05       2.425     2.425     3.989     10.155    42204854532.25017 394.35   0.00715    
 1000        -17.19056   0.03148     -17.15908   243.53   0.01165     2e-05       2.425     2.425     3.989     10.155    42927441279.84852 394.3    0.00821    
 1100        -17.21245   0.05312     -17.15933   410.96   0.01708     3e-05       2.425     2.425     3.989     10.155    44988386883.0938 423.1    0.00994    
 1200        -17.21533   0.05599     -17.15934   433.18   0.02252     3e-05       2.425     2.425     3.989     10.155    45262363608.43967 378.22   0.01141    
 1300        -17.20279   0.04357     -17.15921   337.08   0.02918     4e-05       2.425     2.425     3.989     10.155    44176908627.18103 293.12   0.01299    
 1400        -17.21023   0.05101     -17.15921   394.67   0.03659     4e-05       2.425     2.425     3.989     10.155    44827190555.97852 283.26   0.01455    
 1500        -17.20046   0.04129     -17.15917   319.44   0.04501     5e-05       2.425     2.425     3.989     10.155    44026681553.12043 229.76   0.01613    

Time averages:
             Epot        Ekin        Etot        Temp     MSD         Self_diff   Pressure    Spec_heat   DebyeT   Lindemann  
             eV/atom     eV/atom     eV/atom     K        Å^2         mm^2/s      Pa          J/(K*Kg)    K        1          
             -17.20487   0.04562     -17.15925   352.93   0.01808     3e-05       44292236691.77168 235.08076   533.49   0.00933    