Material ID: 0213
Unit cell composition: Co125
Material:  Co
Site positions of initial unit cell:
 Co         
 0.00000    
 0.00000    
 0.00000    
Properties:
 Time        Epot        Ekin        Etot        Temp     MSD         Self_diff   LC_a      LC_b      LC_c      Volume      Pressure    DebyeT   Lindemann  
 fs          eV/atom     eV/atom     eV/atom     K        Å^2         mm^2/s      Å         Å         Å         Å^3/atom    Pa          K        1          
 500         -10.23952   0.02813     -10.21139   217.59   0.0         0.0         2.54      2.54      2.54      11.581    92151686259.67851 inf      0.0        
 600         -10.22429   0.01293     -10.21136   100.07   0.00118     0.0         2.54      2.54      2.54      11.581    90899691660.05788 793.22   0.0027     
 700         -10.22061   0.00926     -10.21135   71.6     0.00248     1e-05       2.54      2.54      2.54      11.581    90605601845.55438 462.05   0.00393    
 800         -10.22274   0.01138     -10.21136   88.07    0.00411     1e-05       2.54      2.54      2.54      11.581    90770637983.22765 398.43   0.00505    
 900         -10.22483   0.01347     -10.21136   104.18   0.00645     1e-05       2.54      2.54      2.54      11.581    90959912280.5565 345.87   0.00633    
 1000        -10.22766   0.01629     -10.21137   126.04   0.0094      2e-05       2.54      2.54      2.54      11.581    91187893235.3043 315.19   0.00764    
 1100        -10.22954   0.01817     -10.21137   140.55   0.013       2e-05       2.54      2.54      2.54      11.581    91325155802.29623 283.06   0.00898    
 1200        -10.22313   0.01177     -10.21136   91.07    0.0177      2e-05       2.54      2.54      2.54      11.581    90796483523.08871 195.21   0.01048    
 1300        -10.22121   0.00985     -10.21135   76.23    0.02299     3e-05       2.54      2.54      2.54      11.581    90660041112.0356 156.73   0.01194    
 1400        -10.22797   0.0166      -10.21136   128.45   0.0284      3e-05       2.54      2.54      2.54      11.581    91194711809.48422 183.03   0.01327    
 1500        -10.22491   0.01355     -10.21136   104.83   0.0352      4e-05       2.54      2.54      2.54      11.581    90947688408.7646 148.53   0.01478    

Time averages:
             Epot        Ekin        Etot        Temp     MSD         Self_diff   Pressure    Spec_heat   DebyeT   Lindemann  
             eV/atom     eV/atom     eV/atom     K        Å^2         mm^2/s      Pa          J/(K*Kg)    K        1          
             -10.22469   0.01333     -10.21136   103.11   0.01409     2e-05       90934781766.03702 218.00779   328.13   0.00851    