Material ID: 0106
Unit cell composition: Cu500
Material:  Cu
Site positions of initial unit cell:
 Cu          Cu          Cu          Cu         
 0.00000     -0.00000    0.00000     1.27882    
 0.00000     1.47665     0.00000     0.73832    
 0.00000     2.08577     4.17154     6.25731    
Properties:
 Time        Epot        Ekin        Etot        Temp     MSD         Self_diff   LC_a      LC_b      LC_c      Volume      Pressure    DebyeT   Lindemann  
 fs          eV/atom     eV/atom     eV/atom     K        Å^2         mm^2/s      Å         Å         Å         Å^3/atom    Pa          K        1          
 500         -16.23894   0.02594     -16.213     200.72   0.0         0.0         2.506     2.506     8.176     11.121    -208831124281.87085 inf      0.0        
 600         -16.3367    0.12224     -16.21446   945.68   0.00097     0.0         2.506     2.506     8.176     11.121    -201748268070.00357 2586.9   0.00352    
 700         -16.40871   0.19376     -16.21496   1498.97  0.00429     1e-05       2.506     2.506     8.176     11.121    -196280041156.84113 1549.86  0.00739    
 800         -16.41918   0.20426     -16.21492   1580.23  0.00776     2e-05       2.506     2.506     8.176     11.121    -194986334949.37204 1183.18  0.00994    
 900         -16.35501   0.14012     -16.21489   1084.0   0.00982     2e-05       2.506     2.506     8.176     11.121    -199912526037.5298 870.82   0.01118    
 1000        -16.32859   0.1145      -16.21409   885.8    0.00854     1e-05       2.506     2.506     8.176     11.121    -201922782339.46503 844.2    0.01043    
 1100        -16.43448   0.21895     -16.21553   1693.86  0.01062     2e-05       2.506     2.506     8.176     11.121    -193966503153.66595 1046.55  0.01163    
 1200        -16.38826   0.17366     -16.2146    1343.46  0.01097     2e-05       2.506     2.506     8.176     11.121    -197145615489.60507 917.32   0.01182    
 1300        -16.41881   0.20337     -16.21544   1573.32  0.01119     1e-05       2.506     2.506     8.176     11.121    -194760640021.34973 982.73   0.01194    
 1400        -16.40431   0.18951     -16.2148    1466.12  0.0116      1e-05       2.506     2.506     8.176     11.121    -196015431726.29547 931.9    0.01215    
 1500        -16.3811    0.16608     -16.21502   1284.84  0.01621     2e-05       2.506     2.506     8.176     11.121    -198174540403.67224 737.88   0.01437    
 1600        -16.35131   0.13631     -16.215     1054.51  0.01964     2e-05       2.506     2.506     8.176     11.121    -199918906303.12195 607.34   0.01581    
 1700        -16.39885   0.1836      -16.21525   1420.4   0.01817     2e-05       2.506     2.506     8.176     11.121    -196090307142.6424 732.9    0.01521    
 1800        -16.40254   0.18736     -16.21517   1449.51  0.01888     2e-05       2.506     2.506     8.176     11.121    -195790685660.9423 726.18   0.01551    
 1900        -16.40471   0.18979     -16.21492   1468.25  0.0191      2e-05       2.506     2.506     8.176     11.121    -195760114368.97073 726.65   0.0156     

Time averages:
             Epot        Ekin        Etot        Temp     MSD         Self_diff   Pressure    Spec_heat   DebyeT   Lindemann  
             eV/atom     eV/atom     eV/atom     K        Å^2         mm^2/s      Pa          J/(K*Kg)    K        1          
             -16.3913    0.17631     -16.21498   1364.01  0.01449     2e-05       -196954552660.9731 211.92237   825.37   0.01345    