Material ID: 0226
Unit cell composition: Co500
Material:  Co
Site positions of initial unit cell:
 Co          Co          Co          Co         
 1.24425     0.00089     1.24397     0.00060    
 5.11995     7.07152     1.05506     3.00645    
 0.71800     1.43624     0.71800     1.43624    
Properties:
 Time        Epot        Ekin        Etot        Temp     MSD         Self_diff   LC_a      LC_b      LC_c      Volume      Pressure    DebyeT   Lindemann  
 fs          eV/atom     eV/atom     eV/atom     K        Å^2         mm^2/s      Å         Å         Å         Å^3/atom    Pa          K        1          
 500         -10.50956   0.02594     -10.48362   200.67   0.0         0.0         2.437     7.964     2.437     10.244    -33446710208.35396 inf      0.0        
 600         -10.52082   0.03718     -10.48363   287.67   0.00117     0.0         2.437     7.964     2.437     10.244    -32274679368.76392 1352.02  0.00396    
 700         -10.54744   0.06377     -10.48367   493.35   0.00189     0.0         2.437     7.964     2.437     10.244    -29717288357.47592 1389.26  0.00505    
 800         -10.55203   0.06834     -10.48369   528.69   0.0027      1e-05       2.437     7.964     2.437     10.244    -29131852705.25722 1205.1   0.00603    
 900         -10.55111   0.06735     -10.48375   521.07   0.00525     1e-05       2.437     7.964     2.437     10.244    -29405115444.9976 857.66   0.00841    
 1000        -10.52257   0.03886     -10.48371   300.62   0.0079      1e-05       2.437     7.964     2.437     10.244    -32057623785.11453 530.98   0.01031    
 1100        -10.50972   0.02608     -10.48364   201.79   0.00828     1e-05       2.437     7.964     2.437     10.244    -33190235135.05328 424.95   0.01056    
 1200        -10.54057   0.05686     -10.48371   439.89   0.00768     1e-05       2.437     7.964     2.437     10.244    -30360695501.6172 651.21   0.01017    
 1300        -10.56491   0.0811      -10.4838    627.42   0.00684     1e-05       2.437     7.964     2.437     10.244    -28011343139.05814 824.07   0.0096     
 1400        -10.57345   0.08956     -10.48389   692.86   0.00548     1e-05       2.437     7.964     2.437     10.244    -27154207058.56718 967.9    0.00859    
 1500        -10.56367   0.07978     -10.4839    617.18   0.00626     1e-05       2.437     7.964     2.437     10.244    -27918807420.52155 854.45   0.00918    

Time averages:
             Epot        Ekin        Etot        Temp     MSD         Self_diff   Pressure    Spec_heat   DebyeT   Lindemann  
             eV/atom     eV/atom     eV/atom     K        Å^2         mm^2/s      Pa          J/(K*Kg)    K        1          
             -10.54463   0.06089     -10.48374   471.05   0.00535     1e-05       -29922184791.64265 296.14039   905.76   0.00819    