Material ID: 0154
Unit cell composition: Pt125
Material:  Pt
Site positions of initial unit cell:
 Pt         
 0.00000    
 0.00000    
 0.00000    
Properties:
 Time        Epot        Ekin        Etot        Temp     MSD         Self_diff   LC_a      LC_b      LC_c      Volume      Pressure    DebyeT   Lindemann  
 fs          eV/atom     eV/atom     eV/atom     K        Å^2         mm^2/s      Å         Å         Å         Å^3/atom    Pa          K        1          
 500         -20.73914   0.02731     -20.71183   211.26   0.0         0.0         2.924     2.924     2.924     17.686    236701062192.2061 inf      0.0        
 600         -20.7291    0.01727     -20.71183   133.64   0.00219     1e-05       2.924     2.924     2.924     17.686    236015963523.1677 369.44   0.0032     
 700         -20.72721   0.01539     -20.71183   119.03   0.00282     1e-05       2.924     2.924     2.924     17.686    235894422158.00775 307.34   0.00363    
 800         -20.72594   0.01411     -20.71183   109.18   0.00505     1e-05       2.924     2.924     2.924     17.686    235819863525.86957 219.96   0.00486    
 900         -20.72475   0.01293     -20.71183   100.0    0.0073      1e-05       2.924     2.924     2.924     17.686    235703242356.62723 175.04   0.00584    
 1000        -20.72229   0.01047     -20.71183   80.99    0.01084     2e-05       2.924     2.924     2.924     17.686    235589398497.50937 129.3    0.00712    
 1100        -20.72281   0.01098     -20.71183   84.94    0.0144      2e-05       2.924     2.924     2.924     17.686    235528243841.81995 114.88   0.00821    
 1200        -20.7233    0.01148     -20.71183   88.78    0.01901     3e-05       2.924     2.924     2.924     17.686    235686938749.43365 102.23   0.00943    
 1300        -20.72437   0.01255     -20.71183   97.08    0.02394     3e-05       2.924     2.924     2.924     17.686    235653210573.41876 95.27    0.01058    
 1400        -20.72728   0.01546     -20.71183   119.59   0.02914     3e-05       2.924     2.924     2.924     17.686    235903078072.46805 95.84    0.01167    
 1500        -20.72726   0.01543     -20.71183   119.41   0.03598     4e-05       2.924     2.924     2.924     17.686    235886572256.643 86.18    0.01297    

Time averages:
             Epot        Ekin        Etot        Temp     MSD         Self_diff   Pressure    Spec_heat   DebyeT   Lindemann  
             eV/atom     eV/atom     eV/atom     K        Å^2         mm^2/s      Pa          J/(K*Kg)    K        1          
             -20.72543   0.01361     -20.71183   105.26   0.01507     2e-05       235768093355.4965 65.01895    169.55   0.00775    