Material ID: 0125
Unit cell composition: Zn375
Material:  Zn
Site positions of initial unit cell:
 Zn          Zn          Zn         
 0.00000     4.83683     16.95108   
 0.00000     0.86092     3.01716    
 0.00000     0.50755     1.77875    
Properties:
 Time        Epot        Ekin        Etot        Temp     MSD         Self_diff   LC_a      LC_b      LC_c      Volume      Pressure    DebyeT   Lindemann  
 fs          eV/atom     eV/atom     eV/atom     K        Å^2         mm^2/s      Å         Å         Å         Å^3/atom    Pa          K        1          
 500         -1.19873    0.02427     -1.17446    187.74   0.0         0.0         7.27      7.27      7.27      13.342    12677290761.52842 inf      0.0        
 600         -1.19708    0.02261     -1.17446    174.93   0.03303     9e-05       7.27      7.27      7.27      13.342    12205519187.00116 188.06   2e-05      
 700         -1.20588    0.03141     -1.17446    243.03   0.02632     6e-05       7.27      7.27      7.27      13.342    12738906070.7025 248.32   2e-05      
 800         -1.20702    0.03255     -1.17446    251.86   0.05826     0.00012     7.27      7.27      7.27      13.342    12692349303.21157 169.9    2e-05      
 900         -1.22801    0.05355     -1.17446    414.28   0.18183     0.00034     7.27      7.27      7.27      13.342    11913779471.93272 123.34   4e-05      
 1000        -1.24212    0.06765     -1.17447    523.39   0.45702     0.00076     7.27      7.27      7.27      13.342    6814471472.31595 87.45    7e-05      
 1100        -1.26052    0.08605     -1.17447    665.72   0.61577     0.00093     7.27      7.27      7.27      13.342    5346213988.61462 84.97    8e-05      
 1200        -1.25653    0.08206     -1.17447    634.86   0.60179     0.00084     7.27      7.27      7.27      13.342    9424299570.85974 83.93    8e-05      
 1300        -1.25662    0.08214     -1.17448    635.45   0.71431     0.00092     7.27      7.27      7.27      13.342    9574958659.62875 77.07    8e-05      
 1400        -1.27823    0.10375     -1.17447    802.68   0.90988     0.00108     7.27      7.27      7.27      13.342    8421662870.3816 76.75    0.0001     
 1500        -1.25333    0.07886     -1.17447    610.07   1.09556     0.00122     7.27      7.27      7.27      13.342    2283313416.20425 60.98    0.0001     

Time averages:
             Epot        Ekin        Etot        Temp     MSD         Self_diff   Pressure    Spec_heat   DebyeT   Lindemann  
             eV/atom     eV/atom     eV/atom     K        Å^2         mm^2/s      Pa          J/(K*Kg)    K        1          
             -1.23853    0.06406     -1.17447    495.63   0.46938     0.0007      9141547401.08529 285.89059   120.08   6e-05      