Material ID: 0268
Unit cell composition: Mg1250
Material:  Mg
Site positions of initial unit cell:
 Mg          Mg          Mg          Mg          Mg          Mg          Mg          Mg          Mg          Mg         
 1.77484     0.03195     0.03372     1.77797     0.05113     1.76048     1.75887     1.74315     0.06810     0.04804    
 0.04004     5.02873     5.00894     -0.00904    2.54023     2.45969     2.47775     4.96204     0.03742     2.59104    
 2.45524     4.84241     9.75349     12.13955    12.40837    9.48594     5.11741     7.29885     14.59433    2.18017    
Properties:
 Time        Epot        Ekin        Etot        Temp     MSD         Self_diff   LC_a      LC_b      LC_c      Volume      Pressure    DebyeT   Lindemann  
 fs          eV/atom     eV/atom     eV/atom     K        Å^2         mm^2/s      Å         Å         Å         Å^3/atom    Pa          K        1          
 500         -0.34193    0.02596     -0.31597    200.86   0.0         0.0         3.49      5.205     14.888    27.04     2997745164.82338 inf      0.0        
 600         -0.34148    0.02551     -0.31597    197.38   0.18029     0.0005      3.49      5.205     14.888    27.04     2143513803.57215 140.23   4e-05      
 700         -0.34727    0.03131     -0.31597    242.19   0.46578     0.00111     3.49      5.205     14.888    27.04     1739606871.51398 96.64    7e-05      
 800         -0.34774    0.03177     -0.31597    245.8    0.7565      0.00158     3.49      5.205     14.888    27.04     1702499806.54425 76.4     9e-05      
 900         -0.35157    0.0356      -0.31597    275.44   1.11055     0.00206     3.49      5.205     14.888    27.04     1540334790.77264 66.75    0.00011    
 1000        -0.35552    0.03955     -0.31597    305.98   1.50185     0.0025      3.49      5.205     14.888    27.04     1448437064.26817 60.49    0.00012    
 1100        -0.35822    0.04226     -0.31597    326.9    1.94481     0.00295     3.49      5.205     14.888    27.04     1323386412.32199 54.95    0.00014    
 1200        -0.36164    0.04568     -0.31597    353.36   2.42378     0.00337     3.49      5.205     14.888    27.04     1191936481.31635 51.17    0.00016    
 1300        -0.36437    0.0484      -0.31597    374.43   2.93958     0.00377     3.49      5.205     14.888    27.04     1218928892.79612 47.83    0.00017    
 1400        -0.36716    0.05119     -0.31597    396.02   3.48315     0.00415     3.49      5.205     14.888    27.04     1146411888.52189 45.19    0.00019    
 1500        -0.36753    0.05157     -0.31597    398.93   4.08525     0.00454     3.49      5.205     14.888    27.04     1023423487.53483 41.88    0.0002     

Time averages:
             Epot        Ekin        Etot        Temp     MSD         Self_diff   Pressure    Spec_heat   DebyeT   Lindemann  
             eV/atom     eV/atom     eV/atom     K        Å^2         mm^2/s      Pa          J/(K*Kg)    K        1          
             -0.35625    0.04028     -0.31597    311.64   1.88915     0.00289     1447847949.91624 736.70907   68.15    0.00013    