Material ID: 0245
Unit cell composition: Ni250
Material:  Ni
Site positions of initial unit cell:
 Ni          Ni         
 0.00000     0.00000    
 0.00000     0.00000    
 6.32249     8.58985    
Properties:
 Time        Epot        Ekin        Etot        Temp     MSD         Self_diff   LC_a      LC_b      LC_c      Volume      Pressure    DebyeT   Lindemann  
 fs          eV/atom     eV/atom     eV/atom     K        Å^2         mm^2/s      Å         Å         Å         Å^3/atom    Pa          K        1          
 500         -8.32667    0.02575     -8.30092    199.2    0.0         0.0         2.287     2.287     14.316    32.416    -112617485131.3604 inf      0.0        
 600         -9.23606    0.93378     -8.30228    7224.04  1.3268      0.00369     2.287     2.287     14.316    32.416    15584975639.65386 201.24   0.03139    
 700         -9.58613    1.28369     -8.30244    9931.1   1.43331     0.00341     2.287     2.287     14.316    32.416    6069020470.04985 227.02   0.03263    
 800         -9.52543    1.22296     -8.30247    9461.24  2.08939     0.00435     2.287     2.287     14.316    32.416    13109772549.11879 183.53   0.0394     
 900         -9.42192    1.11973     -8.3022     8662.61  2.52049     0.00467     2.287     2.287     14.316    32.416    14862076103.37063 159.89   0.04327    
 1000        -9.56466    1.26218     -8.30248    9764.65  2.66374     0.00444     2.287     2.287     14.316    32.416    9240812926.07767 165.13   0.04448    
 1100        -9.52739    1.22537     -8.30202    9479.87  2.86294     0.00434     2.287     2.287     14.316    32.416    14560317988.45841 156.94   0.04611    
 1200        -9.53099    1.22857     -8.30242    9504.66  3.09648     0.0043      2.287     2.287     14.316    32.416    12952188459.22872 151.1    0.04796    
 1300        -9.50015    1.198       -8.30214    9268.18  3.49604     0.00448     2.287     2.287     14.316    32.416    17178378246.88818 140.43   0.05096    
 1400        -9.54656    1.24405     -8.30251    9624.39  3.82624     0.00456     2.287     2.287     14.316    32.416    14773060785.28464 136.78   0.05331    
 1500        -9.54837    1.24561     -8.30276    9636.48  4.08247     0.00454     2.287     2.287     14.316    32.416    14641680565.46064 132.51   0.05507    
 1600        -9.51426    1.21161     -8.30265    9373.45  4.54721     0.00474     2.287     2.287     14.316    32.416    14959880948.03296 123.83   0.05812    
 1700        -9.45361    1.15142     -8.30219    8907.79  4.95879     0.00486     2.287     2.287     14.316    32.416    15194974992.07007 115.59   0.06069    
 1800        -9.46221    1.15981     -8.3024     8972.69  5.5256      0.00512     2.287     2.287     14.316    32.416    8925015026.28154 109.9    0.06407    
 1900        -9.51721    1.21499     -8.30222    9399.58  5.98274     0.00525     2.287     2.287     14.316    32.416    15918948344.73628 108.1    0.06666    

Time averages:
             Epot        Ekin        Etot        Temp     MSD         Self_diff   Pressure    Spec_heat   DebyeT   Lindemann  
             eV/atom     eV/atom     eV/atom     K        Å^2         mm^2/s      Pa          J/(K*Kg)    K        1          
             -9.51654    1.21416     -8.30238    9393.17  4.10422     0.00469     13834525828.25191 212.7135    134.03   0.05474    