Material ID: 0286
Unit cell composition: Mg125
Material:  Mg
Site positions of initial unit cell:
 Mg         
 0.00000    
 0.00000    
 0.00000    
Properties:
 Time        Epot        Ekin        Etot        Temp     MSD         Self_diff   LC_a      LC_b      LC_c      Volume      Pressure    DebyeT   Lindemann  
 fs          eV/atom     eV/atom     eV/atom     K        Å^2         mm^2/s      Å         Å         Å         Å^3/atom    Pa          K        1          
 500         -0.45451    0.02719     -0.42732    210.34   0.0         0.0         3.038     3.038     3.038     21.579    4673689240.94994 inf      0.0        
 600         -0.4438     0.01648     -0.42732    127.52   0.12133     0.00034     3.038     3.038     3.038     21.579    3646194315.8171 137.4    0.02293    
 700         -0.44461    0.01729     -0.42732    133.79   0.26789     0.00064     3.038     3.038     3.038     21.579    3387319043.65224 94.71    0.03408    
 800         -0.4452     0.01788     -0.42732    138.32   0.3768      0.00078     3.038     3.038     3.038     21.579    3152150049.18839 81.2     0.04041    
 900         -0.44862    0.0213      -0.42732    164.82   0.4357      0.00081     3.038     3.038     3.038     21.579    3353437683.78512 82.43    0.04346    
 1000        -0.44868    0.02136     -0.42732    165.28   0.54473     0.00091     3.038     3.038     3.038     21.579    3254191346.99825 73.83    0.04859    
 1100        -0.44832    0.021       -0.42732    162.46   0.67934     0.00103     3.038     3.038     3.038     21.579    3033319056.74039 65.54    0.05426    
 1200        -0.44876    0.02145     -0.42732    165.92   0.81524     0.00113     3.038     3.038     3.038     21.579    2877029060.25858 60.46    0.05945    
 1300        -0.44844    0.02112     -0.42732    163.37   0.94141     0.00121     3.038     3.038     3.038     21.579    2760086501.61111 55.83    0.06388    
 1400        -0.4481     0.02079     -0.42732    160.81   1.08162     0.00129     3.038     3.038     3.038     21.579    2683345896.9824 51.68    0.06847    
 1500        -0.44988    0.02256     -0.42732    174.56   1.15953     0.00129     3.038     3.038     3.038     21.579    2714459702.23848 52.0     0.0709     

Time averages:
             Epot        Ekin        Etot        Temp     MSD         Self_diff   Pressure    Spec_heat   DebyeT   Lindemann  
             eV/atom     eV/atom     eV/atom     K        Å^2         mm^2/s      Pa          J/(K*Kg)    K        1          
             -0.44744    0.02012     -0.42732    155.69   0.64236     0.00101     3086153265.72721 516.45951   75.51    0.05064    