Material ID: 0234
Unit cell composition: Co3500
Material:  Co
Site positions of initial unit cell:
 Co          Co          Co          Co          Co          Co          Co          Co          Co          Co          Co          Co          Co          Co          Co          Co          Co          Co          Co          Co          Co          Co          Co          Co          Co          Co          Co          Co         
 7.58022     0.78682     3.39670     4.97034     8.14338     0.22365     3.95987     4.40717     3.02858     5.33845     1.15494     7.21210     2.10631     6.26073     6.28983     2.07721     3.71839     4.64865     0.46513     7.90190     5.74270     2.62434     1.55918     6.80785     2.62434     5.74270     6.80785     1.55918    
 0.78682     7.58022     3.39670     4.97034     3.02858     5.33845     1.15494     7.21210     8.14338     0.22365     3.95987     4.40717     3.71839     4.64865     0.46513     7.90190     2.10631     6.26073     6.28983     2.07721     2.62434     5.74270     1.55918     6.80785     5.74270     2.62434     6.80785     1.55918    
 2.27774     2.27774     0.00000     0.00000     2.27774     2.27774     0.00000     0.00000     2.27774     2.27774     0.00000     0.00000     2.27774     2.27774     0.00000     0.00000     2.27774     2.27774     0.00000     0.00000     1.13689     1.13689     3.41463     3.41463     3.41858     3.41858     1.14085     1.14085    
Properties:
 Time        Epot        Ekin        Etot        Temp     MSD         Self_diff   LC_a      LC_b      LC_c      Volume      Pressure    DebyeT   Lindemann  
 fs          eV/atom     eV/atom     eV/atom     K        Å^2         mm^2/s      Å         Å         Å         Å^3/atom    Pa          K        1          
 500         -8.43311    0.02575     -8.40737    199.18   0.0         0.0         8.702     8.702     4.738     12.812    36187027033.29959 inf      0.0        
 600         -8.67249    0.26451     -8.40798    2046.31  0.12161     0.00034     8.702     8.702     4.738     12.812    52422085145.56887 353.07   3e-05      
 700         -8.72254    0.31433     -8.4082     2431.8   0.10641     0.00025     8.702     8.702     4.738     12.812    53298222411.39332 411.45   3e-05      
 800         -8.69396    0.28575     -8.4082     2210.69  0.12793     0.00027     8.702     8.702     4.738     12.812    53525099939.38074 357.79   4e-05      
 900         -8.70622    0.29803     -8.40819    2305.63  0.20046     0.00037     8.702     8.702     4.738     12.812    53929669710.63048 291.9    4e-05      
 1000        -8.70719    0.29898     -8.4082     2313.03  0.26607     0.00044     8.702     8.702     4.738     12.812    55203275809.10416 253.77   5e-05      
 1100        -8.70672    0.29854     -8.40818    2309.61  0.34355     0.00052     8.702     8.702     4.738     12.812    55905881479.58147 223.16   6e-05      
 1200        -8.71532    0.30712     -8.40819    2375.99  0.43122     0.0006      8.702     8.702     4.738     12.812    56666177754.85446 202.03   7e-05      
 1300        -8.71647    0.30828     -8.40819    2384.97  0.51991     0.00067     8.702     8.702     4.738     12.812    57819706960.46562 184.34   7e-05      
 1400        -8.7204     0.31222     -8.40818    2415.41  0.62843     0.00075     8.702     8.702     4.738     12.812    58626506741.40324 168.74   8e-05      
 1500        -8.72627    0.31808     -8.40819    2460.79  0.70364     0.00078     8.702     8.702     4.738     12.812    59586525152.22791 160.96   8e-05      

Time averages:
             Epot        Ekin        Etot        Temp     MSD         Self_diff   Pressure    Spec_heat   DebyeT   Lindemann  
             eV/atom     eV/atom     eV/atom     K        Å^2         mm^2/s      Pa          J/(K*Kg)    K        1          
             -8.70876    0.30058     -8.40817    2325.42  0.34492     0.00052     55698315110.46102 222.02476   260.72   5e-05      