Material ID: 0192
Unit cell composition: Ti375
Material:  Ti
Site positions of initial unit cell:
 Ti          Ti          Ti         
 0.00000     -0.00000    2.28843    
 0.00000     2.64245     1.32122    
 0.00000     1.41434     1.41434    
Properties:
 Time        Epot        Ekin        Etot        Temp     MSD         Self_diff   LC_a      LC_b      LC_c      Volume      Pressure    DebyeT   Lindemann  
 fs          eV/atom     eV/atom     eV/atom     K        Å^2         mm^2/s      Å         Å         Å         Å^3/atom    Pa          K        1          
 500         -3.86988    0.02587     -3.84401    200.12   0.0         0.0         4.577     4.577     2.829     17.105    -441260012347.42267 inf      0.0        
 600         -4.67735    0.83245     -3.8449     6440.16  0.2482      0.00069     4.577     4.577     2.829     17.105    -410172514047.4135 486.47   5e-05      
 700         -4.84372    0.99741     -3.8463     7716.34  0.65268     0.00155     4.577     4.577     2.829     17.105    -404495196914.865 328.37   8e-05      
 800         -4.75675    0.91051     -3.84624    7044.05  0.6858      0.00143     4.577     4.577     2.829     17.105    -407195034196.17975 306.07   8e-05      
 900         -4.82575    0.97907     -3.84668    7574.44  0.97897     0.00181     4.577     4.577     2.829     17.105    -404434207709.8219 265.65   0.0001     
 1000        -4.82528    0.97921     -3.84607    7575.53  0.97868     0.00163     4.577     4.577     2.829     17.105    -404643920205.7458 265.7    0.0001     
 1100        -4.77146    0.9256      -3.84586    7160.77  1.01505     0.00154     4.577     4.577     2.829     17.105    -406524411555.4071 253.66   0.0001     
 1200        -4.86461    1.01811     -3.8465     7876.46  1.16251     0.00161     4.577     4.577     2.829     17.105    -402995561860.37134 248.59   0.00011    
 1300        -4.88093    1.03415     -3.84678    8000.54  1.38656     0.00178     4.577     4.577     2.829     17.105    -402678703539.25085 229.41   0.00012    
 1400        -4.84823    1.00156     -3.84667    7748.41  1.64188     0.00195     4.577     4.577     2.829     17.105    -404058397838.0435 207.47   0.00013    
 1500        -4.90058    1.05376     -3.84683    8152.22  1.5388      0.00171     4.577     4.577     2.829     17.105    -401566541262.8402 219.82   0.00012    
 1600        -4.98874    1.14042     -3.84832    8822.7   1.60004     0.00167     4.577     4.577     2.829     17.105    -397877602174.08344 224.26   0.00013    
 1700        -4.8802     1.03358     -3.84662    7996.17  1.62701     0.0016      4.577     4.577     2.829     17.105    -402907113295.8569 211.72   0.00013    
 1800        -4.88065    1.03343     -3.84722    7994.99  1.58404     0.00147     4.577     4.577     2.829     17.105    -402794110194.8654 214.55   0.00013    

Time averages:
             Epot        Ekin        Etot        Temp     MSD         Self_diff   Pressure    Spec_heat   DebyeT   Lindemann  
             eV/atom     eV/atom     eV/atom     K        Å^2         mm^2/s      Pa          J/(K*Kg)    K        1          
             -4.86664    1.01989     -3.84676    7890.22  1.35135     0.00166     -403048056963.6286 261.99961   234.08   0.00012    