Material ID: 0073
Unit cell composition: Fe125
Material:  Fe
Site positions of initial unit cell:
 Fe         
 0.00000    
 0.00000    
 0.00000    
Properties:
 Time        Epot        Ekin        Etot        Temp     MSD         Self_diff   LC_a      LC_b      LC_c      Volume      Pressure    DebyeT   Lindemann  
 fs          eV/atom     eV/atom     eV/atom     K        Å^2         mm^2/s      Å         Å         Å         Å^3/atom    Pa          K        1          
 500         -9.42455    0.02645     -9.3981     204.66   0.0         0.0         2.509     2.509     2.508     12.155    -9630764427.67306 inf      0.0        
 600         -9.44631    0.04823     -9.39807    373.15   0.04551     0.00013     2.509     2.509     2.508     12.155    -10042929715.25683 253.17   0.01701    
 700         -9.45406    0.056       -9.39805    433.26   0.06578     0.00016     2.509     2.509     2.508     12.155    -9472423104.04215 226.92   0.02045    
 800         -9.47474    0.07667     -9.39807    593.13   0.129       0.00027     2.509     2.509     2.508     12.155    -8698695896.59624 189.59   0.02864    
 900         -9.47981    0.08173     -9.39808    632.32   0.20243     0.00037     2.509     2.509     2.508     12.155    -9003665698.71289 156.27   0.03587    
 1000        -9.47607    0.07799     -9.39808    603.33   0.24702     0.00041     2.509     2.509     2.508     12.155    -9455365995.44356 138.18   0.03963    
 1100        -9.46648    0.0684      -9.39808    529.17   0.29812     0.00045     2.509     2.509     2.508     12.155    -10102220796.63027 117.8    0.04353    
 1200        -9.46654    0.06845     -9.3981     529.52   0.2591      0.00036     2.509     2.509     2.508     12.155    -9822302913.09392 126.4    0.04059    
 1300        -9.4751     0.07699     -9.3981     595.65   0.2885      0.00037     2.509     2.509     2.508     12.155    -9169377701.06698 127.05   0.04283    
 1400        -9.47173    0.07361     -9.39812    569.46   0.38548     0.00046     2.509     2.509     2.508     12.155    -9788427051.486 107.47   0.0495     
 1500        -9.4729     0.0748      -9.3981     578.65   0.36581     0.00041     2.509     2.509     2.508     12.155    -9213653729.842 111.2    0.04822    

Time averages:
             Epot        Ekin        Etot        Temp     MSD         Self_diff   Pressure    Spec_heat   DebyeT   Lindemann  
             eV/atom     eV/atom     eV/atom     K        Å^2         mm^2/s      Pa          J/(K*Kg)    K        1          
             -9.46837    0.07029     -9.39809    543.76   0.22868     0.00036     -9476906260.21708 226.3964    155.41   0.03663    