Material ID: 0265
Unit cell composition: Mg1250
Material:  Mg
Site positions of initial unit cell:
 Mg          Mg          Mg          Mg          Mg          Mg          Mg          Mg          Mg          Mg         
 1.77484     0.03195     0.03372     1.77797     0.05113     1.76048     1.75887     1.74315     0.06810     0.04804    
 0.04004     5.02873     5.00894     -0.00904    2.54023     2.45969     2.47775     4.96204     0.03742     2.59104    
 2.45524     4.84241     9.75349     12.13955    12.40837    9.48594     5.11741     7.29885     14.59433    2.18017    
Properties:
 Time        Epot        Ekin        Etot        Temp     MSD         Self_diff   LC_a      LC_b      LC_c      Volume      Pressure    DebyeT   Lindemann  
 fs          eV/atom     eV/atom     eV/atom     K        Å^2         mm^2/s      Å         Å         Å         Å^3/atom    Pa          K        1          
 500         -0.40811    0.02522     -0.38289    195.07   0.0         0.0         3.285     4.899     14.012    22.544    2561536805.56581 inf      0.0        
 600         -0.41713    0.03423     -0.3829     264.8    0.19341     0.00054     3.285     4.899     14.012    22.544    2266555987.25168 156.82   4e-05      
 700         -0.41916    0.03626     -0.3829     280.49   0.37232     0.00089     3.285     4.899     14.012    22.544    2175400031.74977 116.33   6e-05      
 800         -0.41957    0.03667     -0.3829     283.69   0.51697     0.00108     3.285     4.899     14.012    22.544    2181692124.89586 99.28    7e-05      
 900         -0.41939    0.03648     -0.3829     282.25   0.68884     0.00128     3.285     4.899     14.012    22.544    1977829642.09238 85.79    8e-05      
 1000        -0.42039    0.03749     -0.3829     290.0    0.84513     0.00141     3.285     4.899     14.012    22.544    2002696712.74509 78.51    9e-05      
 1100        -0.42079    0.03789     -0.3829     293.1    1.03041     0.00156     3.285     4.899     14.012    22.544    1975324841.98631 71.48    0.0001     
 1200        -0.42131    0.03841     -0.3829     297.12   1.23034     0.00171     3.285     4.899     14.012    22.544    1959291957.90012 65.86    0.00011    
 1300        -0.421      0.0381      -0.3829     294.76   1.43705     0.00184     3.285     4.899     14.012    22.544    1888392182.2667 60.7     0.00012    
 1400        -0.42401    0.04111     -0.3829     318.04   1.64709     0.00196     3.285     4.899     14.012    22.544    1922351071.49903 58.89    0.00013    
 1500        -0.42475    0.04185     -0.3829     323.77   1.90099     0.00211     3.285     4.899     14.012    22.544    1829260200.96174 55.31    0.00014    

Time averages:
             Epot        Ekin        Etot        Temp     MSD         Self_diff   Pressure    Spec_heat   DebyeT   Lindemann  
             eV/atom     eV/atom     eV/atom     K        Å^2         mm^2/s      Pa          J/(K*Kg)    K        1          
             -0.42075    0.03785     -0.3829     292.8    0.98626     0.00154     2017879475.33487 524.37233   84.9     9e-05      