Material ID: 0044
Unit cell composition: Fe500
Material:  Fe
Site positions of initial unit cell:
 Fe          Fe          Fe          Fe         
 2.45285     0.91599     2.45314     0.91570    
 -0.00013    1.18586     -0.00036    1.18609    
 3.92871     5.89678     7.85942     1.96614    
Properties:
 Time        Epot        Ekin        Etot        Temp     MSD         Self_diff   LC_a      LC_b      LC_c      Volume      Pressure    DebyeT   Lindemann  
 fs          eV/atom     eV/atom     eV/atom     K        Å^2         mm^2/s      Å         Å         Å         Å^3/atom    Pa          K        1          
 500         -9.18876    0.02494     -9.16382    192.92   0.0         0.0         2.551     2.551     8.175     12.863    24924696231.63493 inf      0.0        
 600         -9.25621    0.09218     -9.16402    713.16   0.0374      0.0001      2.551     2.551     8.175     12.863    30343478208.9764 386.12   0.02144    
 700         -9.31198    0.14798     -9.16399    1144.86  0.1033      0.00025     2.551     2.551     8.175     12.863    33451878466.23388 294.35   0.03564    
 800         -9.34891    0.1849      -9.16401    1430.44  0.27496     0.00057     2.551     2.551     8.175     12.863    35427172267.62635 201.67   0.05814    
 900         -9.36604    0.20202     -9.16401    1562.92  0.68185     0.00126     2.551     2.551     8.175     12.863    36499403620.77642 133.86   0.09156    
 1000        -9.37108    0.20706     -9.16401    1601.9   1.2982      0.00216     2.551     2.551     8.175     12.863    36654083415.1411 98.22    0.12634    
 1100        -9.34112    0.17711     -9.16402    1370.18  1.56849     0.00238     2.551     2.551     8.175     12.863    34579730298.37816 82.64    0.13887    
 1200        -9.36742    0.2034      -9.16402    1573.6   1.16753     0.00162     2.551     2.551     8.175     12.863    36514315842.03926 102.65   0.11981    
 1300        -9.37563    0.21159     -9.16404    1636.92  0.66879     0.00086     2.551     2.551     8.175     12.863    37099663087.19724 138.33   0.09068    
 1400        -9.35888    0.19481     -9.16406    1507.12  0.40873     0.00049     2.551     2.551     8.175     12.863    36142108825.61786 169.78   0.07089    
 1500        -9.34957    0.18553     -9.16405    1435.29  0.38434     0.00043     2.551     2.551     8.175     12.863    35630434620.41524 170.87   0.06874    

Time averages:
             Epot        Ekin        Etot        Temp     MSD         Self_diff   Pressure    Spec_heat   DebyeT   Lindemann  
             eV/atom     eV/atom     eV/atom     K        Å^2         mm^2/s      Pa          J/(K*Kg)    K        1          
             -9.34468    0.18066     -9.16402    1397.64  0.65936     0.00111     35234226865.24019 247.10564   177.85   0.08221    