Material ID: 0229
Unit cell composition: Co500
Material:  Co
Site positions of initial unit cell:
 Co          Co          Co          Co         
 1.24425     0.00089     1.24397     0.00060    
 5.11995     7.07152     1.05506     3.00645    
 0.71800     1.43624     0.71800     1.43624    
Properties:
 Time        Epot        Ekin        Etot        Temp     MSD         Self_diff   LC_a      LC_b      LC_c      Volume      Pressure    DebyeT   Lindemann  
 fs          eV/atom     eV/atom     eV/atom     K        Å^2         mm^2/s      Å         Å         Å         Å^3/atom    Pa          K        1          
 500         -9.56313    0.02544     -9.53769    196.78   0.0         0.0         2.586     8.452     2.586     12.244    87389628786.36728 inf      0.0        
 600         -9.74939    0.2112      -9.53819    1633.93  0.01499     4e-05       2.586     8.452     2.586     12.244    107376169744.27821 898.7    0.01339    
 700         -9.63899    0.10118     -9.53781    782.77   0.0255      6e-05       2.586     8.452     2.586     12.244    97539901713.35948 476.87   0.01746    
 800         -9.66867    0.13072     -9.53795    1011.3   0.01294     3e-05       2.586     8.452     2.586     12.244    99421072563.12395 760.79   0.01244    
 900         -9.67688    0.13898     -9.5379     1075.17  0.03162     6e-05       2.586     8.452     2.586     12.244    101852526591.92026 501.87   0.01945    
 1000        -9.67575    0.13783     -9.53792    1066.31  0.03664     6e-05       2.586     8.452     2.586     12.244    101309834936.5667 464.31   0.02093    
 1100        -9.66699    0.12906     -9.53794    998.42   0.03895     6e-05       2.586     8.452     2.586     12.244    100823456589.32317 435.74   0.02158    
 1200        -9.69055    0.15261     -9.53794    1180.62  0.03688     5e-05       2.586     8.452     2.586     12.244    102814366488.12778 486.98   0.021      
 1300        -9.68511    0.14716     -9.53795    1138.47  0.03259     4e-05       2.586     8.452     2.586     12.244    102298125871.99841 508.74   0.01974    
 1400        -9.66639    0.12847     -9.53792    993.89   0.03333     4e-05       2.586     8.452     2.586     12.244    100545478467.7892 469.98   0.01997    
 1500        -9.67738    0.13946     -9.53792    1078.93  0.04188     5e-05       2.586     8.452     2.586     12.244    101681540869.91393 436.88   0.02238    
 1600        -9.6767     0.13877     -9.53792    1073.61  0.04734     5e-05       2.586     8.452     2.586     12.244    101686139953.30498 409.89   0.02379    
 1700        -9.66981    0.13189     -9.53792    1020.32  0.05185     5e-05       2.586     8.452     2.586     12.244    101075617027.75792 381.81   0.0249     
 1800        -9.66791    0.13        -9.53791    1005.73  0.05247     5e-05       2.586     8.452     2.586     12.244    100930184250.89594 376.81   0.02505    

Time averages:
             Epot        Ekin        Etot        Temp     MSD         Self_diff   Pressure    Spec_heat   DebyeT   Lindemann  
             eV/atom     eV/atom     eV/atom     K        Å^2         mm^2/s      Pa          J/(K*Kg)    K        1          
             -9.67535    0.13742     -9.53792    1063.15  0.04036     5e-05       101501727104.75981 213.34074   447.3    0.02188    