Material ID: 0202
Unit cell composition: Co750
Material:  Co
Site positions of initial unit cell:
 Co          Co          Co          Co          Co          Co         
 2.30799     0.00000     4.61598     4.61598     3.46199     5.76998    
 1.33252     0.00000     2.66504     1.33252     3.33130     3.33130    
 0.94223     0.00000     0.47112     2.35558     2.35558     2.35558    
Properties:
 Time        Epot        Ekin        Etot        Temp     MSD         Self_diff   LC_a      LC_b      LC_c      Volume      Pressure    DebyeT   Lindemann  
 fs          eV/atom     eV/atom     eV/atom     K        Å^2         mm^2/s      Å         Å         Å         Å^3/atom    Pa          K        1          
 500         -8.67803    0.02652     -8.65151    205.18   0.0         0.0         4.616     4.616     4.616     11.591    -25466059226.02903 inf      0.0        
 600         -9.01225    0.36064     -8.65161    2790.05  0.22301     0.00062     4.616     4.616     4.616     11.591    -4669394933.54181 304.44   5e-05      
 700         -9.09073    0.43891     -8.65183    3395.53  0.57519     0.00137     4.616     4.616     4.616     11.591    -87144658.70602 209.12   8e-05      
 800         -9.09879    0.44687     -8.65192    3457.14  0.73534     0.00153     4.616     4.616     4.616     11.591    559318262.0275 186.62   9e-05      
 900         -9.1083     0.45639     -8.6519     3530.83  0.76317     0.00141     4.616     4.616     4.616     11.591    1845798931.17576 185.13   9e-05      
 1000        -9.10304    0.45117     -8.65187    3490.38  0.78281     0.0013      4.616     4.616     4.616     11.591    1225052613.93543 181.74   9e-05      
 1100        -9.12639    0.47443     -8.65196    3670.33  0.8444      0.00128     4.616     4.616     4.616     11.591    3014377966.93768 179.44   9e-05      
 1200        -9.12853    0.47654     -8.65198    3686.7   0.91802     0.00128     4.616     4.616     4.616     11.591    3890123267.65371 172.48   0.0001     
 1300        -9.13054    0.47862     -8.65192    3702.75  1.05789     0.00136     4.616     4.616     4.616     11.591    4042764120.58818 161.02   0.0001     
 1400        -9.14127    0.48934     -8.65193    3785.73  1.18436     0.00141     4.616     4.616     4.616     11.591    4793287362.24659 153.88   0.00011    
 1500        -9.12038    0.46849     -8.65189    3624.42  1.23913     0.00138     4.616     4.616     4.616     11.591    2907586457.26738 147.2    0.00011    

Time averages:
             Epot        Ekin        Etot        Temp     MSD         Self_diff   Pressure    Spec_heat   DebyeT   Lindemann  
             eV/atom     eV/atom     eV/atom     K        Å^2         mm^2/s      Pa          J/(K*Kg)    K        1          
             -9.10602    0.45414     -8.65188    3513.39  0.83233     0.00137     1752176938.95844 216.66619   188.11   9e-05      