Material ID: 0034
Unit cell composition: Fe500
Material:  Fe
Site positions of initial unit cell:
 Fe          Fe          Fe          Fe         
 0.90677     0.90583     2.12575     2.12870    
 3.97558     1.98695     3.97464     1.98790    
 2.04528     3.43914     4.23913     1.24550    
Properties:
 Time        Epot        Ekin        Etot        Temp     MSD         Self_diff   LC_a      LC_b      LC_c      Volume      Pressure    DebyeT   Lindemann  
 fs          eV/atom     eV/atom     eV/atom     K        Å^2         mm^2/s      Å         Å         Å         Å^3/atom    Pa          K        1          
 500         -9.52188    0.02717     -9.49471    210.16   0.0         0.0         2.54      4.136     4.563     11.982    -23992597786.34211 inf      0.0        
 600         -9.67431    0.17852     -9.49578    1381.11  0.00669     2e-05       2.54      4.136     4.563     11.982    -12589546849.40748 1270.59  0.00674    
 700         -9.76732    0.27092     -9.49641    2095.9   0.00883     2e-05       2.54      4.136     4.563     11.982    -5425557168.71943 1362.38  0.00774    
 800         -9.63686    0.14125     -9.49561    1092.79  0.01075     2e-05       2.54      4.136     4.563     11.982    -15392781683.32238 891.58   0.00854    
 900         -9.60474    0.10954     -9.49521    847.43   0.01919     4e-05       2.54      4.136     4.563     11.982    -17618093644.49399 587.63   0.01142    
 1000        -9.65331    0.15774     -9.49557    1220.31  0.01779     3e-05       2.54      4.136     4.563     11.982    -13434380179.96488 732.39   0.01099    
 1100        -9.68163    0.18592     -9.49571    1438.31  0.02251     3e-05       2.54      4.136     4.563     11.982    -11392635573.91145 706.82   0.01236    
 1200        -9.65269    0.15712     -9.49557    1215.55  0.02817     4e-05       2.54      4.136     4.563     11.982    -13446928918.91808 580.76   0.01383    
 1300        -9.66661    0.17104     -9.49557    1323.25  0.02963     4e-05       2.54      4.136     4.563     11.982    -12530833783.2415 590.87   0.01419    
 1400        -9.6577     0.16216     -9.49554    1254.53  0.03331     4e-05       2.54      4.136     4.563     11.982    -13123483005.88069 542.58   0.01504    
 1500        -9.64984    0.15433     -9.49552    1193.92  0.04182     5e-05       2.54      4.136     4.563     11.982    -13695496934.82949 472.43   0.01685    
 1600        -9.66068    0.16511     -9.49557    1277.32  0.04816     5e-05       2.54      4.136     4.563     11.982    -12936051645.00657 455.37   0.01809    

Time averages:
             Epot        Ekin        Etot        Temp     MSD         Self_diff   Pressure    Spec_heat   DebyeT   Lindemann  
             eV/atom     eV/atom     eV/atom     K        Å^2         mm^2/s      Pa          J/(K*Kg)    K        1          
             -9.66314    0.16751     -9.49563    1295.93  0.02602     4e-05       -12899624253.82885 261.92289   692.28   0.0129     