Material ID: 0121
Unit cell composition: Zn250
Material:  Zn
Site positions of initial unit cell:
 Zn          Zn         
 -0.00000    1.31337    
 1.51654     0.75827    
 1.30181     3.90543    
Properties:
 Time        Epot        Ekin        Etot        Temp     MSD         Self_diff   LC_a      LC_b      LC_c      Volume      Pressure    DebyeT   Lindemann  
 fs          eV/atom     eV/atom     eV/atom     K        Å^2         mm^2/s      Å         Å         Å         Å^3/atom    Pa          K        1          
 500         -1.03494    0.02554     -1.0094     197.56   0.0         0.0         2.574     2.574     5.103     14.643    15087295286.6583 inf      0.0        
 600         -1.0364     0.027       -1.0094     208.9    0.0541      0.00015     2.574     2.574     5.103     14.643    13702315480.3852 160.58   0.01484    
 700         -1.04995    0.04055     -1.0094     313.68   0.16742     0.0004      2.574     2.574     5.103     14.643    11971052579.69906 111.85   0.02611    
 800         -1.0621     0.0527      -1.0094     407.73   0.30282     0.00063     2.574     2.574     5.103     14.643    11091003031.796 94.82    0.03511    
 900         -1.07175    0.06234     -1.0094     482.32   0.47929     0.00089     2.574     2.574     5.103     14.643    9253587189.43309 81.97    0.04418    
 1000        -1.08316    0.07375     -1.0094     570.58   0.64475     0.00107     2.574     2.574     5.103     14.643    9045787298.73836 76.87    0.05124    
 1100        -1.08914    0.07974     -1.0094     616.89   0.84584     0.00128     2.574     2.574     5.103     14.643    8590979012.55974 69.79    0.05869    
 1200        -1.10983    0.10042     -1.00941    776.88   1.1698      0.00162     2.574     2.574     5.103     14.643    8214627252.56648 66.59    0.06902    
 1300        -1.13054    0.12113     -1.0094     937.11   1.66042     0.00213     2.574     2.574     5.103     14.643    7649594674.8972 61.39    0.08222    
 1400        -1.16763    0.15822     -1.00941    1224.02  2.42796     0.00289     2.574     2.574     5.103     14.643    6878842993.91127 58.02    0.09943    
 1500        -1.17814    0.16872     -1.00942    1305.29  3.54462     0.00394     2.574     2.574     5.103     14.643    1804115619.33291 49.59    0.12014    

Time averages:
             Epot        Ekin        Etot        Temp     MSD         Self_diff   Pressure    Spec_heat   DebyeT   Lindemann  
             eV/atom     eV/atom     eV/atom     K        Å^2         mm^2/s      Pa          J/(K*Kg)    K        1          
             -1.09786    0.08846     -1.0094     684.34   1.1297      0.00165     8820190513.33193 295.82981   83.15    0.0601     