Material ID: 0252
Unit cell composition: Ni125
Material:  Ni
Site positions of initial unit cell:
 Ni         
 0.00000    
 0.00000    
 0.00000    
Properties:
 Time        Epot        Ekin        Etot        Temp     MSD         Self_diff   LC_a      LC_b      LC_c      Volume      Pressure    DebyeT   Lindemann  
 fs          eV/atom     eV/atom     eV/atom     K        Å^2         mm^2/s      Å         Å         Å         Å^3/atom    Pa          K        1          
 500         -16.26722   0.02637     -16.24085   204.01   0.0         0.0         2.416     2.416     2.416     10.861    107179578615.92625 inf      0.0        
 600         -16.27925   0.03848     -16.24077   297.7    0.05493     0.00015     2.416     2.416     2.416     10.861    103092577187.10258 200.79   0.0194     
 700         -16.31944   0.07863     -16.24081   608.27   0.06992     0.00017     2.416     2.416     2.416     10.861    106718087807.91985 254.38   0.02189    
 800         -16.33083   0.09        -16.24083   696.26   0.10094     0.00021     2.416     2.416     2.416     10.861    107156708526.89294 226.51   0.0263     
 900         -16.33575   0.09491     -16.24084   734.23   0.171       0.00032     2.416     2.416     2.416     10.861    106052462368.69678 178.71   0.03423    
 1000        -16.34406   0.10322     -16.24085   798.53   0.24155     0.0004      2.416     2.416     2.416     10.861    106078061023.80817 156.81   0.04068    
 1100        -16.35927   0.11834     -16.24093   915.52   0.21213     0.00032     2.416     2.416     2.416     10.861    107705937483.05675 179.17   0.03812    
 1200        -16.3522    0.11129     -16.24091   861.0    0.20584     0.00029     2.416     2.416     2.416     10.861    107606677668.9652 176.39   0.03755    
 1300        -16.34225   0.10136     -16.24089   784.12   0.2632      0.00034     2.416     2.416     2.416     10.861    106103621538.63474 148.86   0.04246    
 1400        -16.351     0.11006     -16.24094   851.46   0.25633     0.00031     2.416     2.416     2.416     10.861    107237561778.17001 157.19   0.0419     
 1500        -16.34288   0.10198     -16.2409    788.97   0.25687     0.00029     2.416     2.416     2.416     10.861    106507045601.30914 151.15   0.04195    

Time averages:
             Epot        Ekin        Etot        Temp     MSD         Self_diff   Pressure    Spec_heat   DebyeT   Lindemann  
             eV/atom     eV/atom     eV/atom     K        Å^2         mm^2/s      Pa          J/(K*Kg)    K        1          
             -16.33569   0.09483     -16.24087   733.61   0.18327     0.00029     106425874098.45561 220.12834   183.0    0.03445    