Material ID: 0247
Unit cell composition: Ni250
Material:  Ni
Site positions of initial unit cell:
 Ni          Ni         
 0.00000     0.00000    
 0.00000     0.00000    
 6.32249     8.58985    
Properties:
 Time        Epot        Ekin        Etot        Temp     MSD         Self_diff   LC_a      LC_b      LC_c      Volume      Pressure    DebyeT   Lindemann  
 fs          eV/atom     eV/atom     eV/atom     K        Å^2         mm^2/s      Å         Å         Å         Å^3/atom    Pa          K        1          
 500         -9.69544    0.02773     -9.66771    214.54   0.0         0.0         2.382     2.382     14.912    36.639    -31307067164.69046 inf      0.0        
 600         -10.20817   0.5395      -9.66867    4173.76  0.50746     0.00141     2.382     2.382     14.912    36.639    17798942444.78678 247.34   0.01864    
 700         -10.31334   0.64456     -9.66878    4986.54  0.49082     0.00117     2.382     2.382     14.912    36.639    9548407233.72315 274.9    0.01833    
 800         -10.30089   0.63217     -9.66871    4890.71  0.68707     0.00143     2.382     2.382     14.912    36.639    12393939583.9087 230.1    0.02169    
 900         -10.32936   0.66053     -9.66883    5110.06  0.74336     0.00138     2.382     2.382     14.912    36.639    13476604842.26384 226.13   0.02256    
 1000        -10.27975   0.61109     -9.66866    4727.61  0.80881     0.00135     2.382     2.382     14.912    36.639    9776936795.00804 208.51   0.02353    
 1100        -10.34605   0.6772      -9.66884    5239.08  0.91447     0.00139     2.382     2.382     14.912    36.639    15322902556.74228 206.43   0.02502    
 1200        -10.29056   0.62186     -9.6687     4810.89  0.98761     0.00137     2.382     2.382     14.912    36.639    14000252201.09946 190.35   0.026      
 1300        -10.32435   0.6556      -9.66875    5071.92  1.02358     0.00131     2.382     2.382     14.912    36.639    13945508271.20524 191.98   0.02647    
 1400        -10.32667   0.65799     -9.66868    5090.43  1.1347      0.00135     2.382     2.382     14.912    36.639    11917391940.30212 182.67   0.02787    
 1500        -10.33254   0.6637      -9.66883    5134.62  1.27822     0.00142     2.382     2.382     14.912    36.639    15776267498.44445 172.86   0.02958    
 1600        -10.32189   0.65325     -9.66864    5053.74  1.35729     0.00141     2.382     2.382     14.912    36.639    12908513469.41388 166.42   0.03048    
 1700        -10.33559   0.66685     -9.66874    5158.99  1.46353     0.00143     2.382     2.382     14.912    36.639    15125699943.61554 161.93   0.03165    

Time averages:
             Epot        Ekin        Etot        Temp     MSD         Self_diff   Pressure    Spec_heat   DebyeT   Lindemann  
             eV/atom     eV/atom     eV/atom     K        Å^2         mm^2/s      Pa          J/(K*Kg)    K        1          
             -10.31876   0.65002     -9.66874    5028.8   1.03986     0.00138     13464401710.20036 212.76084   193.74   0.02648    