Material ID: 0254
Unit cell composition: Ni125
Material:  Ni
Site positions of initial unit cell:
 Ni         
 0.00000    
 0.00000    
 0.00000    
Properties:
 Time        Epot        Ekin        Etot        Temp     MSD         Self_diff   LC_a      LC_b      LC_c      Volume      Pressure    DebyeT   Lindemann  
 fs          eV/atom     eV/atom     eV/atom     K        Å^2         mm^2/s      Å         Å         Å         Å^3/atom    Pa          K        1          
 500         -14.9423    0.02855     -14.91375   220.87   0.0         0.0         2.513     2.513     2.513     12.217    187104928913.56708 inf      0.0        
 600         -14.98262   0.06889     -14.91374   532.92   0.0522      0.00014     2.513     2.513     2.513     12.217    186123148445.22736 275.58   0.01818    
 700         -14.97842   0.06468     -14.91373   500.41   0.07466     0.00018     2.513     2.513     2.513     12.217    185688248842.13843 223.29   0.02175    
 800         -14.9658    0.05207     -14.91373   402.8    0.13571     0.00028     2.513     2.513     2.513     12.217    183472694865.9128 148.59   0.02932    
 900         -14.97503   0.06129     -14.91374   474.16   0.12959     0.00024     2.513     2.513     2.513     12.217    184515628411.9424 164.97   0.02865    
 1000        -14.976     0.06226     -14.91374   481.65   0.18409     0.00031     2.513     2.513     2.513     12.217    183735498625.56665 139.51   0.03415    
 1100        -14.98195   0.06821     -14.91374   527.68   0.1797      0.00027     2.513     2.513     2.513     12.217    184243392343.83273 147.79   0.03374    
 1200        -14.98284   0.0691      -14.91374   534.58   0.18667     0.00026     2.513     2.513     2.513     12.217    183888024181.6271 145.95   0.03438    
 1300        -14.99242   0.07868     -14.91374   608.72   0.21057     0.00027     2.513     2.513     2.513     12.217    184330544095.54257 146.64   0.03652    
 1400        -14.99514   0.08138     -14.91376   629.57   0.22312     0.00027     2.513     2.513     2.513     12.217    183953012161.85123 144.87   0.03759    
 1500        -14.99023   0.07648     -14.91375   591.71   0.20256     0.00023     2.513     2.513     2.513     12.217    183798104267.9351 147.41   0.03582    

Time averages:
             Epot        Ekin        Etot        Temp     MSD         Self_diff   Pressure    Spec_heat   DebyeT   Lindemann  
             eV/atom     eV/atom     eV/atom     K        Å^2         mm^2/s      Pa          J/(K*Kg)    K        1          
             -14.98204   0.0683      -14.91374   528.42   0.15789     0.00026     184374829624.15765 214.66394   168.46   0.03101    