Material ID: 0278
Unit cell composition: Mg125
Material:  Mg
Site positions of initial unit cell:
 Mg         
 0.00000    
 0.00000    
 0.00000    
Properties:
 Time        Epot        Ekin        Etot        Temp     MSD         Self_diff   LC_a      LC_b      LC_c      Volume      Pressure    DebyeT   Lindemann  
 fs          eV/atom     eV/atom     eV/atom     K        Å^2         mm^2/s      Å         Å         Å         Å^3/atom    Pa          K        1          
 500         -0.38472    0.02414     -0.36057    186.78   0.0         0.0         3.25      3.25      3.25      24.266    4021553646.10702 inf      0.0        
 600         -0.37958    0.01901     -0.36057    147.04   0.16934     0.00047     3.25      3.25      3.25      24.266    2962011623.47654 124.89   0.02533    
 700         -0.38348    0.02291     -0.36057    177.24   0.41605     0.00099     3.25      3.25      3.25      24.266    2673257736.0584 87.48    0.0397     
 800         -0.38676    0.02618     -0.36057    202.56   0.71074     0.00148     3.25      3.25      3.25      24.266    2341511484.08051 71.55    0.05189    
 900         -0.39074    0.03017     -0.36057    233.4    1.06684     0.00198     3.25      3.25      3.25      24.266    1969956073.15639 62.69    0.06357    
 1000        -0.39186    0.03129     -0.36057    242.08   1.45512     0.00243     3.25      3.25      3.25      24.266    1890976997.65533 54.67    0.07424    
 1100        -0.39308    0.0325      -0.36057    251.46   1.85693     0.00281     3.25      3.25      3.25      24.266    1979737161.81203 49.32    0.08387    
 1200        -0.39645    0.03587     -0.36057    277.53   2.33002     0.00324     3.25      3.25      3.25      24.266    1895775019.00554 46.26    0.09394    
 1300        -0.39702    0.03645     -0.36057    282.0    2.76262     0.00354     3.25      3.25      3.25      24.266    1814875414.12942 42.82    0.10229    
 1400        -0.39715    0.03658     -0.36057    282.99   3.19194     0.0038      3.25      3.25      3.25      24.266    1606909993.8841 39.91    0.10996    
 1500        -0.40089    0.04032     -0.36058    311.92   3.71137     0.00412     3.25      3.25      3.25      24.266    1339874575.57588 38.85    0.11857    

Time averages:
             Epot        Ekin        Etot        Temp     MSD         Self_diff   Pressure    Spec_heat   DebyeT   Lindemann  
             eV/atom     eV/atom     eV/atom     K        Å^2         mm^2/s      Pa          J/(K*Kg)    K        1          
             -0.3917     0.03113     -0.36057    240.82   1.7671      0.00271     2047488607.88341 527.90786   61.84    0.07634    