Material ID: 0284
Unit cell composition: Mg125
Material:  Mg
Site positions of initial unit cell:
 Mg         
 0.00000    
 0.00000    
 0.00000    
Properties:
 Time        Epot        Ekin        Etot        Temp     MSD         Self_diff   LC_a      LC_b      LC_c      Volume      Pressure    DebyeT   Lindemann  
 fs          eV/atom     eV/atom     eV/atom     K        Å^2         mm^2/s      Å         Å         Å         Å^3/atom    Pa          K        1          
 500         -0.35392    0.02564     -0.32827    198.37   0.0         0.0         3.215     3.215     3.215     25.491    3583909893.64516 inf      0.0        
 600         -0.35202    0.02374     -0.32828    183.67   0.19305     0.00054     3.215     3.215     3.215     25.491    2669386524.53952 130.73   0.02733    
 700         -0.35769    0.02942     -0.32828    227.59   0.56377     0.00134     3.215     3.215     3.215     25.491    2122687271.86523 85.16    0.04671    
 800         -0.36683    0.03855     -0.32828    298.23   1.0001      0.00208     3.215     3.215     3.215     25.491    2031676374.2567 73.19    0.06222    
 900         -0.36902    0.04074     -0.32828    315.21   1.51579     0.00281     3.215     3.215     3.215     25.491    1586378618.48054 61.12    0.0766     
 1000        -0.37092    0.04264     -0.32828    329.92   1.97812     0.0033      3.215     3.215     3.215     25.491    1426106678.67117 54.73    0.0875     
 1100        -0.37163    0.04335     -0.32828    335.39   2.42659     0.00368     3.215     3.215     3.215     25.491    1378140682.16753 49.83    0.09691    
 1200        -0.3778     0.04952     -0.32828    383.11   2.92504     0.00406     3.215     3.215     3.215     25.491    1348987116.83004 48.5     0.1064     
 1300        -0.37725    0.04897     -0.32828    378.87   3.41868     0.00438     3.215     3.215     3.215     25.491    1179565654.99289 44.62    0.11503    
 1400        -0.3815     0.05322     -0.32828    411.73   3.95106     0.0047      3.215     3.215     3.215     25.491    1263552094.97667 43.26    0.12366    
 1500        -0.38549    0.05721     -0.32828    442.63   4.53811     0.00504     3.215     3.215     3.215     25.491    1206439330.64986 41.86    0.13253    

Time averages:
             Epot        Ekin        Etot        Temp     MSD         Self_diff   Pressure    Spec_heat   DebyeT   Lindemann  
             eV/atom     eV/atom     eV/atom     K        Å^2         mm^2/s      Pa          J/(K*Kg)    K        1          
             -0.37101    0.04274     -0.32828    330.64   2.25103     0.00349     1621292034.74301 531.85627   63.3     0.08749    