Material ID: 0038
Unit cell composition: Ag125Hg375
Material:  AgHg3
Site positions:
Ag                      Hg
0.0                      0.0                      2.252447                      2.252447                      
0.0                      2.252447                      0.0                      2.252447                      
0.0                      2.252447                      2.252447                      0.0                      
Properties:
 Time        Epot        Ekin        Etot        Temp     MSD         Self_diff   LC_a      LC_b      LC_c      Volume      Pressure   
 fs          eV/atom     eV/atom     eV/atom     K        Å^2         mm^2/s      Å         Å         Å         Å^3/atom    eV/Å^3     
 1500        -0.88738    0.02664     -0.86074    206.1    0.0         0.0         4.55      4.55      4.55      23.548    0.06406    
 1800        -0.97273    0.11196     -0.86077    866.17   0.38187     0.00035     4.55      4.55      4.55      23.548    0.03725    
 2100        -1.07219    0.21139     -0.86081    1635.35  1.51986     0.00121     4.55      4.55      4.55      23.548    0.02502    
 2400        -1.16054    0.29964     -0.8609     2318.14  3.57247     0.00248     4.55      4.55      4.55      23.548    0.01694    
 2700        -1.23144    0.37047     -0.86097    2866.07  6.39913     0.00395     4.55      4.55      4.55      23.548    0.01186    
 3000        -1.26424    0.40319     -0.86106    3119.19  9.62169     0.00535     4.55      4.55      4.55      23.548    0.00337    
 3300        -1.37156    0.51051     -0.86105    3949.48  13.61186    0.00687     4.55      4.55      4.55      23.548    0.00262    
 3600        -1.45081    0.58964     -0.86116    4561.69  18.11608    0.00839     4.55      4.55      4.55      23.548    0.00243    
 3900        -1.49708    0.63599     -0.86109    4920.21  24.27272    0.01037     4.55      4.55      4.55      23.548    -0.00378   
 4200        -1.51704    0.65558     -0.86146    5071.8   29.75867    0.01181     4.55      4.55      4.55      23.548    -0.00075   
 4500        -1.60479    0.74353     -0.86126    5752.23  36.26795    0.01343     4.55      4.55      4.55      23.548    -0.00093   

Time averages:
             Epot        Ekin        Etot        Temp     MSD         Self_diff   Pressure    Spec_heat  
             eV/atom     eV/atom     eV/atom     K        Å^2         mm^2/s      eV/Å^3      J/(K*Kg)   
             -1.31424    0.45319     -0.86105    3506.03  14.35223    0.0071      0.0094      -1.13314   