 Material        Cohesive energy MSD             Self_diff       Specific heat   Lattice constant Interpolated LC Bulk modulus    Debye        Lindemann      
 AcAg            -15.75329       0.60567         1e-05           -0.07446        32.429          32.143096194    -180.584114371 
 Ag3Li           -11.01127       0.59554         1e-05           0.37454         33.14           32.009243033    302.817402187  
 AgFe3           -10.47036       0.1522          0.0             0.40711         30.51           30.564047335    18.617902045   
 Ag3Cd           -7.84185        0.15558         0.0             0.33374         33.061          33.199170391    -163.590064365 
 Ag9In4          -10.06091       0.04818         0.0             3.90412         78.913          61.189178002    -10154.810948781
 Ag9In4          -9.65309        27.512          0.00033         -1.00405        82.134          0               0              
 AgHg3           -2.11055        270.9255        0.00331         0.37419         35.318          0               0              
 AgIn            -8.41824        6.47122         8e-05           0.15876         27.52           2.701823042     -0.018947686   
 AgHf3           -19.47101       0.15818         0.0             0.30639         35.671          35.991892778    8531.526181683 
 AgCd            -4.64316        109.06379       0.00134         0.21381         26.615          -7.217715335    0.264878962    
 AgHo            -7.84535        0.29053         0.0             0.15297         29.606          29.62714181     1151.83386479  
 AgK3            -4.89296        12.91344        0.00016         0.48557         45.298          38.784732138    13.132205902   
 AgHg            -4.53778        150.52408       0.00184         0.16826         27.073          0               0              
 AgHg            -4.57125        195.91479       0.0024          0.81937         43.367          0               0              
 AgLi            -10.41994       0.31772         0.0             0.16179         25.025          23.287669713    209.215644437  
 AgEu3           -4.43061        0.27048         0.0             0.32541         41.238          41.234316064    381.286481239  
 Ag3In           -10.97454       0.33606         0.0             0.30006         33.297          30.774234939    178.009117109  
 AgCa3           -2.38764        53.10373        0.00066         -0.04208        39.846          10.545611538    -0.045243447   
 AgLa            -16.94299       0.66289         1e-05           -0.03707        31.358          31.384258378    1891.138192838 
 Ag3Ge           -13.39938       1.32998         2e-05           0.32361         32.637          29.018806516    150.454746176  
 Ag3Hg           -7.72076        0.28097         0.0             0.39522         33.283          30.307109394    107.215674112  
 AgCe            -12.46988       1.65077         2e-05           0.54847         29.268          0               0              
 AgCe            -16.67318       0.47332         0.0             0.25294         30.462          30.792828856    2548.151191253 
