Material ID: 0050
Unit cell composition: Ag125Cd125
Material:  AgCd
Site positions:
Ag                      Cd
1.6974005                      0.0                      
1.6974005                      0.0                      
1.6974005                      0.0                      
Properties:
 Time        Epot        Ekin        Etot        Temp     MSD         Self_diff   LC_a      LC_b      LC_c      Volume      Pressure   
 fs          eV/atom     eV/atom     eV/atom     K        Å^2         mm^2/s      Å         Å         Å         Å^3/atom    eV/Å^3     
 1500        -3.64213    0.0265      -3.61562    205.04   0.0         0.0         3.327     3.327     3.327     18.412    0.23463    
 1800        -3.65601    0.04038     -3.61563    312.42   0.14142     0.00013     3.327     3.327     3.327     18.412    0.19329    
 2100        -3.70543    0.08976     -3.61568    694.39   0.69942     0.00056     3.327     3.327     3.327     18.412    0.12695    
 2400        -3.76826    0.15252     -3.61574    1179.95  1.64941     0.00115     3.327     3.327     3.327     18.412    0.09792    
 2700        -3.84026    0.2244      -3.61586    1736.01  2.60094     0.00161     3.327     3.327     3.327     18.412    0.07096    
 3000        -3.90335    0.28728     -3.61607    2222.52  3.78308     0.0021      3.327     3.327     3.327     18.412    0.06158    
 3300        -3.92239    0.30641     -3.61598    2370.48  5.08965     0.00257     3.327     3.327     3.327     18.412    0.0624     
 3600        -3.97796    0.36199     -3.61597    2800.47  6.76985     0.00313     3.327     3.327     3.327     18.412    0.05124    
 3900        -4.00879    0.39267     -3.61612    3037.86  8.1615      0.00349     3.327     3.327     3.327     18.412    0.03663    
 4200        -4.05273    0.43595     -3.61679    3372.62  9.32387     0.0037      3.327     3.327     3.327     18.412    0.03485    
 4500        -4.09482    0.47841     -3.61641    3701.14  10.58232    0.00392     3.327     3.327     3.327     18.412    0.02846    

Time averages:
             Epot        Ekin        Etot        Temp     MSD         Self_diff   Pressure    Spec_heat  
             eV/atom     eV/atom     eV/atom     K        Å^2         mm^2/s      eV/Å^3      J/(K*Kg)   
             -3.893      0.27698     -3.61602    2142.79  4.88015     0.00247     0.07643     -2.71308   