Material ID: 0150
Unit cell composition: Co500
Material:  Co
Site positions of initial unit cell:
 Co          Co          Co          Co         
 0.00000     -0.00000    0.00000     1.24710    
 0.00000     1.44003     0.00000     0.72001    
 0.00000     2.02148     4.04297     6.06445    
Properties:
 Time        Epot        Ekin        Etot        Temp     MSD         Self_diff   LC_a      LC_b      LC_c      Volume      Pressure    DebyeT   Lindemann  
 fs          eV/atom     eV/atom     eV/atom     K        Å^2         mm^2/s      Å         Å         Å         Å^3/atom    Pa          K        1          
 500         -9.14877    0.0249      -9.12387    192.63   0.0         0.0         2.394     2.394     7.763     9.636     -238765778194.36783 inf      0.0        
 600         -10.03843   0.90492     -9.13351    7000.8   0.02664     7e-05       2.394     2.394     7.763     9.636     -166492880624.7673 1395.21  0.01928    
 700         -9.80793    0.6752      -9.13273    5223.57  0.27797     0.00066     2.394     2.394     7.763     9.636     -181863282140.18 373.11   0.06228    
 800         -9.49015    0.35953     -9.13061    2781.48  0.27517     0.00057     2.394     2.394     7.763     9.636     -207892221991.0503 273.65   0.06196    
 900         -9.61075    0.47937     -9.13139    3708.56  0.47444     0.00088     2.394     2.394     7.763     9.636     -198727606864.38504 240.64   0.08136    
 1000        -9.72987    0.59747     -9.1324     4622.24  0.56619     0.00094     2.394     2.394     7.763     9.636     -189601500667.0337 245.92   0.08888    
 1100        -9.75666    0.62381     -9.13285    4825.98  0.76237     0.00116     2.394     2.394     7.763     9.636     -187882792278.77853 216.55   0.10314    
 1200        -9.79737    0.66488     -9.13249    5143.77  0.77266     0.00107     2.394     2.394     7.763     9.636     -184196701587.02405 222.07   0.10383    
 1300        -9.71517    0.58272     -9.13245    4508.13  0.95641     0.00123     2.394     2.394     7.763     9.636     -190190976835.18967 186.86   0.11552    
 1400        -9.72942    0.59656     -9.13286    4615.21  0.96463     0.00115     2.394     2.394     7.763     9.636     -190188814623.2089 188.26   0.11602    
 1500        -9.7119     0.57973     -9.13216    4485.01  1.17987     0.00131     2.394     2.394     7.763     9.636     -191445843775.4597 167.81   0.12831    
 1600        -9.80173    0.66928     -9.13245    5177.75  1.19989     0.00125     2.394     2.394     7.763     9.636     -183799976621.08063 178.79   0.12939    
 1700        -9.66498    0.53266     -9.13232    4120.85  1.16358     0.00114     2.394     2.394     7.763     9.636     -195772530292.55273 161.97   0.12742    
 1800        -9.79198    0.65956     -9.13242    5102.6   1.09386     0.00101     2.394     2.394     7.763     9.636     -184323982653.9555 185.89   0.12354    
 1900        -9.64036    0.50846     -9.1319     3933.63  1.08352     0.00095     2.394     2.394     7.763     9.636     -197194234288.06097 163.99   0.12296    
 2000        -9.7151     0.5828      -9.1323     4508.74  1.18324     0.00099     2.394     2.394     7.763     9.636     -191513344071.24557 168.01   0.12849    
 2100        -9.7848     0.65247     -9.13233    5047.72  1.32887     0.00105     2.394     2.394     7.763     9.636     -185359406570.18896 167.75   0.13617    
 2200        -9.69132    0.55926     -9.13206    4326.61  1.28782     0.00098     2.394     2.394     7.763     9.636     -192457296442.3958 157.76   0.13405    
 2300        -9.73537    0.60307     -9.1323     4665.57  1.16975     0.00085     2.394     2.394     7.763     9.636     -189660963490.50403 171.89   0.12776    

Time averages:
             Epot        Ekin        Etot        Temp     MSD         Self_diff   Pressure    Spec_heat   DebyeT   Lindemann  
             eV/atom     eV/atom     eV/atom     K        Å^2         mm^2/s      Pa          J/(K*Kg)    K        1          
             -9.7267     0.59438     -9.13231    4598.37  1.1655      0.00106     -190171639282.8653 215.87475   171.21   0.12741    