Material ID: 0114
Unit cell composition: Ag125La375
Material:  AgLa3
Site positions of initial unitcell:
 Ag          La          La          La         
 0.00000     2.50975     2.50975     0.00000    
 2.50975     0.00000     2.50975     0.00000    
 2.50975     2.50975     0.00000     0.00000    
Properties:
 Time        Epot        Ekin        Etot        Temp     MSD         Self_diff   LC_a      LC_b      LC_c      Volume      Pressure   
 fs          eV/atom     eV/atom     eV/atom     K        Å^2         mm^2/s      Å         Å         Å         Å^3/atom    eV/Å^3     
 1500        -9.87577    0.0272      -9.84857    210.41   0.0         0.0         5.12      5.12      5.12      33.552    -1.9543    
 1800        -11.44901   1.57146     -9.87755    12157.36 0.88241     0.00082     5.12      5.12      5.12      33.552    -1.77969   
 2100        -11.62381   1.74354     -9.88027    13488.61 1.56294     0.00124     5.12      5.12      5.12      33.552    -1.75785   
 2400        -11.74563   1.8607      -9.88493    14395.04 2.01674     0.0014      5.12      5.12      5.12      33.552    -1.74223   
 2700        -11.78242   1.89831     -9.88411    14686.0  2.33009     0.00144     5.12      5.12      5.12      33.552    -1.73409   
 3000        -11.83439   1.95014     -9.88425    15086.94 2.54705     0.00142     5.12      5.12      5.12      33.552    -1.72863   
 3300        -11.8173    1.93332     -9.88398    14956.83 2.93051     0.00148     5.12      5.12      5.12      33.552    -1.73014   
 3600        -11.87971   1.99507     -9.88464    15434.57 2.99883     0.00139     5.12      5.12      5.12      33.552    -1.72172   
 3900        -11.97468   2.08778     -9.8869     16151.78 3.19549     0.00137     5.12      5.12      5.12      33.552    -1.71212   
 4200        -11.85561   1.97007     -9.88554    15241.18 3.29386     0.00131     5.12      5.12      5.12      33.552    -1.72622   
 4500        -11.83683   1.9504      -9.88643    15088.96 3.42887     0.00127     5.12      5.12      5.12      33.552    -1.72905   
 4800        -11.91347   2.02868     -9.88479    15694.6  3.41637     0.00119     5.12      5.12      5.12      33.552    -1.71823   

Time averages:
             Epot        Ekin        Etot        Temp     MSD         Self_diff   Pressure    Spec_heat  
             eV/atom     eV/atom     eV/atom     K        Å^2         mm^2/s      eV/Å^3      J/(K*Kg)   
             -11.82639   1.9418      -9.88458    15022.45 2.77208     0.00136     -1.73003    329.66853  