Material ID: 0109
Unit cell composition: Zn250
Material:  Zn
Site positions of initial unit cell:
 Zn          Zn         
 -0.00000    1.31337    
 1.51654     0.75827    
 1.30181     3.90543    
Properties:
 Time        Epot        Ekin        Etot        Temp     MSD         Self_diff   LC_a      LC_b      LC_c      Volume      Pressure    DebyeT   Lindemann  
 fs          eV/atom     eV/atom     eV/atom     K        Å^2         mm^2/s      Å         Å         Å         Å^3/atom    Pa          K        1          
 500         -0.79841    0.0269      -0.77151    208.09   0.0         0.0         2.732     2.732     5.416     17.5      11567040918.56135 inf      0.0        
 600         -0.81413    0.04262     -0.77151    329.75   0.08771     0.00024     2.732     2.732     5.416     17.5      9975785809.40307 158.45   0.01781    
 700         -0.8447     0.07319     -0.77151    566.22   0.2934      0.0007      2.732     2.732     5.416     17.5      6323560059.849 113.52   0.03257    
 800         -0.85284    0.08133     -0.77151    629.16   0.46123     0.00096     2.732     2.732     5.416     17.5      7356995687.97355 95.44    0.04084    
 900         -0.86387    0.09236     -0.77151    714.52   0.8088      0.0015      2.732     2.732     5.416     17.5      5130723335.71658 76.81    0.05408    
 1000        -0.88779    0.11628     -0.77152    899.55   1.18456     0.00197     2.732     2.732     5.416     17.5      4716915154.20904 71.21    0.06544    
 1100        -0.90514    0.13362     -0.77152    1033.7   1.63171     0.00247     2.732     2.732     5.416     17.5      4516163343.57218 65.04    0.07681    
 1200        -0.92793    0.15641     -0.77152    1210.02  2.18761     0.00304     2.732     2.732     5.416     17.5      4058650599.15914 60.77    0.08893    
 1300        -0.93757    0.16605     -0.77152    1284.64  2.93812     0.00377     2.732     2.732     5.416     17.5      2190569189.6424 54.03    0.10307    
 1400        -0.94915    0.17763     -0.77152    1374.2   3.66085     0.00436     2.732     2.732     5.416     17.5      1623308855.03624 50.07    0.11505    
 1500        -0.95187    0.18035     -0.77152    1395.23  4.45703     0.00495     2.732     2.732     5.416     17.5      1630948256.67938 45.72    0.12694    

Time averages:
             Epot        Ekin        Etot        Temp     MSD         Self_diff   Pressure    Spec_heat   DebyeT   Lindemann  
             eV/atom     eV/atom     eV/atom     K        Å^2         mm^2/s      Pa          J/(K*Kg)    K        1          
             -0.8935     0.12198     -0.77152    943.7    1.7711      0.00264     4752362029.12406 234.99209   79.11    0.07215    