Material ID: 0201
Unit cell composition: Mg125
Material:  Mg
Site positions of initial unit cell:
 Mg         
 0.00000    
 0.00000    
 0.00000    
Properties:
 Time        Epot        Ekin        Etot        Temp     MSD         Self_diff   LC_a      LC_b      LC_c      Volume      Pressure    DebyeT   Lindemann  
 fs          eV/atom     eV/atom     eV/atom     K        Å^2         mm^2/s      Å         Å         Å         Å^3/atom    Pa          K        1          
 500         -0.46229    0.02578     -0.43651    199.44   0.0         0.0         3.029     3.029     3.029     21.328    4741049988.52129 inf      0.0        
 600         -0.45093    0.01441     -0.43651    111.49   0.1201      0.00033     3.029     3.029     3.029     21.328    3680491857.5639 129.13   0.02288    
 700         -0.45267    0.01615     -0.43651    124.95   0.24635     0.00059     3.029     3.029     3.029     21.328    3474307659.85995 95.45    0.03277    
 800         -0.4541     0.01759     -0.43651    136.05   0.33835     0.0007      3.029     3.029     3.029     21.328    3398855980.21674 84.98    0.0384     
 900         -0.45456    0.01805     -0.43651    139.64   0.40549     0.00075     3.029     3.029     3.029     21.328    3321814068.95235 78.65    0.04204    
 1000        -0.45231    0.0158      -0.43651    122.21   0.4681      0.00078     3.029     3.029     3.029     21.328    3184294486.13275 68.48    0.04517    
 1100        -0.45506    0.01854     -0.43651    143.47   0.51568     0.00078     3.029     3.029     3.029     21.328    3312389849.61915 70.69    0.04741    
 1200        -0.45431    0.0178      -0.43651    137.7    0.57203     0.00079     3.029     3.029     3.029     21.328    3222957038.2088 65.76    0.04993    
 1300        -0.4541     0.01759     -0.43651    136.05   0.63188     0.00081     3.029     3.029     3.029     21.328    3043553413.1748 62.19    0.05248    
 1400        -0.45605    0.01954     -0.43651    151.15   0.6625      0.00079     3.029     3.029     3.029     21.328    3134635588.17768 64.02    0.05374    
 1500        -0.45715    0.02064     -0.43651    159.68   0.74079     0.00082     3.029     3.029     3.029     21.328    2965055699.08588 62.22    0.05683    

Time averages:
             Epot        Ekin        Etot        Temp     MSD         Self_diff   Pressure    Spec_heat   DebyeT   Lindemann  
             eV/atom     eV/atom     eV/atom     K        Å^2         mm^2/s      Pa          J/(K*Kg)    K        1          
             -0.45412    0.01761     -0.43651    136.24   0.47013     0.00076     3273835564.0992 516.42441   78.16    0.04416    