Material ID: 0067
Unit cell composition: Ag125Hg125
Material:  AgHg
Site positions of initial unitcell:
 Ag          Hg         
 1.72660     0.00000    
 1.72660     0.00000    
 1.72660     0.00000    
Properties:
 Time        Epot        Ekin        Etot        Temp     MSD         Self_diff   LC_a      LC_b      LC_c      Volume      Pressure   
 fs          eV/atom     eV/atom     eV/atom     K        Å^2         mm^2/s      Å         Å         Å         Å^3/atom    eV/Å^3     
 1500        -3.10116    0.02749     -3.07368    212.65   0.0         0.0         3.453     3.453     3.453     20.589    0.23275    
 1800        -3.27111    0.19732     -3.07379    1526.54  0.42121     0.00039     3.453     3.453     3.453     20.589    0.13825    
 2100        -3.45944    0.38523     -3.07422    2980.25  2.11777     0.00168     3.453     3.453     3.453     20.589    0.07684    
 2400        -3.60837    0.53419     -3.07418    4132.7   4.09488     0.00284     3.453     3.453     3.453     20.589    0.06227    
 2700        -3.65567    0.58096     -3.07471    4494.49  6.85609     0.00423     3.453     3.453     3.453     20.589    0.05207    
 3000        -3.67976    0.60534     -3.07441    4683.15  9.35067     0.00519     3.453     3.453     3.453     20.589    0.04077    
 3300        -3.76615    0.69135     -3.0748     5348.5   13.2315     0.00668     3.453     3.453     3.453     20.589    0.03716    
 3600        -3.84697    0.77218     -3.07479    5973.86  16.91071    0.00783     3.453     3.453     3.453     20.589    0.0506     
 3900        -3.92121    0.8461      -3.07511    6545.72  20.98148    0.00897     3.453     3.453     3.453     20.589    0.04599    
 4200        -3.88568    0.81056     -3.07512    6270.77  24.62753    0.00977     3.453     3.453     3.453     20.589    0.01936    
 4500        -3.93197    0.85746     -3.07451    6633.63  28.31398    0.01049     3.453     3.453     3.453     20.589    -0.00658   

Time averages:
             Epot        Ekin        Etot        Temp     MSD         Self_diff   Pressure    Spec_heat  
             eV/atom     eV/atom     eV/atom     K        Å^2         mm^2/s      eV/Å^3      J/(K*Kg)   
             -3.70263    0.62807     -3.07456    4858.96  12.69058    0.00641     0.05167     -4.89954   