Material ID: 0157
Unit cell composition: Co500
Material:  Co
Site positions of initial unit cell:
 Co          Co          Co          Co         
 1.24425     0.00089     1.24397     0.00060    
 5.11995     7.07152     1.05506     3.00645    
 0.71800     1.43624     0.71800     1.43624    
Properties:
 Time        Epot        Ekin        Etot        Temp     MSD         Self_diff   LC_a      LC_b      LC_c      Volume      Pressure    DebyeT   Lindemann  
 fs          eV/atom     eV/atom     eV/atom     K        Å^2         mm^2/s      Å         Å         Å         Å^3/atom    Pa          K        1          
 500         -10.44095   0.02468     -10.41627   190.94   0.0         0.0         2.487     8.127     2.487     10.885    39167332809.7074 inf      0.0        
 600         -10.42898   0.01274     -10.41624   98.52    0.00727     2e-05       2.487     8.127     2.487     10.885    38217232285.85954 316.8    0.0097     
 700         -10.43355   0.01728     -10.41626   133.71   0.00121     0.0         2.487     8.127     2.487     10.885    38623157923.92728 903.49   0.00396    
 800         -10.44491   0.02859     -10.41632   221.22   0.00776     2e-05       2.487     8.127     2.487     10.885    39667514213.11776 459.43   0.01002    
 900         -10.46162   0.04521     -10.41641   349.75   0.00381     1e-05       2.487     8.127     2.487     10.885    41248295004.13308 824.3    0.00702    
 1000        -10.49272   0.07615     -10.41657   589.12   0.00851     1e-05       2.487     8.127     2.487     10.885    44023661570.04425 716.05   0.01049    
 1100        -10.49774   0.08112     -10.41662   627.57   0.00793     1e-05       2.487     8.127     2.487     10.885    44508481597.49795 765.54   0.01013    
 1200        -10.51198   0.09531     -10.41667   737.33   0.00788     1e-05       2.487     8.127     2.487     10.885    45623621209.74577 832.81   0.01009    
 1300        -10.49617   0.07956     -10.41661   615.51   0.01088     1e-05       2.487     8.127     2.487     10.885    44352432578.85008 647.51   0.01186    
 1400        -10.48046   0.06392     -10.41653   494.51   0.01194     1e-05       2.487     8.127     2.487     10.885    43102178507.94378 554.0    0.01243    
 1500        -10.49617   0.07963     -10.41653   616.08   0.01367     2e-05       2.487     8.127     2.487     10.885    44310962294.98428 577.72   0.0133     
 1600        -10.48587   0.06934     -10.41653   536.47   0.01501     2e-05       2.487     8.127     2.487     10.885    43534422887.19898 514.58   0.01393    
 1700        -10.48382   0.06728     -10.41654   520.54   0.01854     2e-05       2.487     8.127     2.487     10.885    43347564364.27156 456.05   0.01549    

Time averages:
             Epot        Ekin        Etot        Temp     MSD         Self_diff   Pressure    Spec_heat   DebyeT   Lindemann  
             eV/atom     eV/atom     eV/atom     K        Å^2         mm^2/s      Pa          J/(K*Kg)    K        1          
             -10.48515   0.06861     -10.41653   530.81   0.01059     1e-05       43371913422.77876 261.01696   634.8    0.01148    