Material ID: 0137
Unit cell composition: Ti375
Material:  Ti
Site positions of initial unit cell:
 Ti          Ti          Ti         
 0.00000     -0.00000    2.28843    
 0.00000     2.64245     1.32122    
 0.00000     1.41434     1.41434    
Properties:
 Time        Epot        Ekin        Etot        Temp     MSD         Self_diff   LC_a      LC_b      LC_c      Volume      Pressure    DebyeT   Lindemann  
 fs          eV/atom     eV/atom     eV/atom     K        Å^2         mm^2/s      Å         Å         Å         Å^3/atom    Pa          K        1          
 500         -3.86988    0.02538     -3.8445     196.33   0.0         0.0         4.577     4.577     2.829     17.105    -441260012347.42267 inf      0.0        
 600         -4.69226    0.8464      -3.84586    6548.08  0.22473     0.00062     4.577     4.577     2.829     17.105    -409878798788.65594 515.51   5e-05      
 700         -4.76205    0.91565     -3.8464     7083.79  0.61285     0.00146     4.577     4.577     2.829     17.105    -407752369964.53296 324.69   8e-05      
 800         -4.87268    1.02462     -3.84806    7926.8   1.18049     0.00246     4.577     4.577     2.829     17.105    -403378106872.54755 247.47   0.00011    
 900         -5.01841    1.16993     -3.84847    9051.01  1.25157     0.00232     4.577     4.577     2.829     17.105    -396511154841.11383 256.82   0.00011    
 1000        -4.93839    1.09189     -3.84649    8447.28  1.21157     0.00202     4.577     4.577     2.829     17.105    -399997232397.0285 252.17   0.00011    
 1100        -5.07143    1.22256     -3.84888    9458.13  1.70819     0.00259     4.577     4.577     2.829     17.105    -394435279412.16327 224.72   0.00013    
 1200        -4.87042    1.02312     -3.8473     7915.2   1.62865     0.00226     4.577     4.577     2.829     17.105    -402989997249.1037 210.54   0.00013    
 1300        -4.94569    1.09714     -3.84855    8487.84  1.48178     0.0019      4.577     4.577     2.829     17.105    -399457354987.9709 228.57   0.00012    
 1400        -4.73877    0.89255     -3.84622    6905.1   1.53538     0.00183     4.577     4.577     2.829     17.105    -409051635814.705 202.53   0.00012    
 1500        -4.90888    1.06107     -3.84781    8208.84  1.75069     0.00195     4.577     4.577     2.829     17.105    -401360928578.4223 206.8    0.00013    
 1600        -4.84772    1.00065     -3.84707    7741.39  2.02128     0.00211     4.577     4.577     2.829     17.105    -404626246462.0266 186.9    0.00014    
 1700        -4.96433    1.11588     -3.84845    8632.86  2.10213     0.00206     4.577     4.577     2.829     17.105    -399250876601.2121 193.54   0.00015    
 1800        -4.95983    1.11116     -3.84867    8596.33  2.07215     0.00192     4.577     4.577     2.829     17.105    -399985585131.504 194.52   0.00014    
 1900        -4.95149    1.1038      -3.84769    8539.38  2.25497     0.00198     4.577     4.577     2.829     17.105    -399884834993.58105 185.85   0.00015    
 2000        -4.97065    1.12226     -3.84839    8682.16  2.11634     0.00176     4.577     4.577     2.829     17.105    -399298563737.5034 193.43   0.00015    
 2100        -5.01361    1.16495     -3.84866    9012.42  1.98704     0.00158     4.577     4.577     2.829     17.105    -397381066020.88385 203.39   0.00014    
 2200        -4.89124    1.04314     -3.8481     8070.12  1.98213     0.0015      4.577     4.577     2.829     17.105    -402608469848.4157 192.7    0.00014    

Time averages:
             Epot        Ekin        Etot        Temp     MSD         Self_diff   Pressure    Spec_heat   DebyeT   Lindemann  
             eV/atom     eV/atom     eV/atom     K        Å^2         mm^2/s      Pa          J/(K*Kg)    K        1          
             -4.91922    1.07126     -3.84796    8287.64  1.93039     0.00185     -401290556217.62244 263.0475    198.82   0.00014    