Material ID: 0052
Unit cell composition: Ag125Cd125
Material:  AgCd
Site positions:
Ag                      Cd
1.6974005                      0.0                      
1.6974005                      0.0                      
1.6974005                      0.0                      
Properties:
 Time        Epot        Ekin        Etot        Temp     MSD         Self_diff   LC_a      LC_b      LC_c      Volume      Pressure   
 fs          eV/atom     eV/atom     eV/atom     K        Å^2         mm^2/s      Å         Å         Å         Å^3/atom    eV/Å^3     
 1500        -3.37902    0.02755     -3.35147    213.14   0.0         0.0         3.395     3.395     3.395     19.562    0.22879    
 1800        -3.42178    0.07029     -3.35149    543.79   0.25795     0.00024     3.395     3.395     3.395     19.562    0.1624     
 2100        -3.54371    0.19211     -3.3516     1486.22  1.13751     0.0009      3.395     3.395     3.395     19.562    0.10122    
 2400        -3.64695    0.29512     -3.35184    2283.11  2.87774     0.002       3.395     3.395     3.395     19.562    0.06468    
 2700        -3.72343    0.37127     -3.35217    2872.25  4.73906     0.00293     3.395     3.395     3.395     19.562    0.0624     
 3000        -3.76745    0.4154      -3.35205    3213.67  6.50032     0.00361     3.395     3.395     3.395     19.562    0.06721    
 3300        -3.84277    0.49036     -3.35241    3793.58  8.71633     0.0044      3.395     3.395     3.395     19.562    0.04923    
 3600        -3.84094    0.48872     -3.35222    3780.89  10.57196    0.00489     3.395     3.395     3.395     19.562    0.0422     
 3900        -3.92366    0.57132     -3.35234    4419.94  13.21829    0.00565     3.395     3.395     3.395     19.562    0.02403    
 4200        -3.93826    0.58578     -3.35248    4531.79  16.21382    0.00643     3.395     3.395     3.395     19.562    0.02476    
 4500        -3.99086    0.63838     -3.35248    4938.73  19.29722    0.00715     3.395     3.395     3.395     19.562    -0.00417   

Time averages:
             Epot        Ekin        Etot        Temp     MSD         Self_diff   Pressure    Spec_heat  
             eV/atom     eV/atom     eV/atom     K        Å^2         mm^2/s      eV/Å^3      J/(K*Kg)   
             -3.76398    0.41187     -3.35211    3186.4   8.35302     0.00422     0.0594      -3.98625   