Material ID: 0076
Unit cell composition: Cu250
Material:  Cu
Site positions of initial unit cell:
 Cu          Cu         
 -0.00000    1.27560    
 1.47293     0.73646    
 1.04750     3.14251    
Properties:
 Time        Epot        Ekin        Etot        Temp     MSD         Self_diff   LC_a      LC_b      LC_c      Volume      Pressure    DebyeT   Lindemann  
 fs          eV/atom     eV/atom     eV/atom     K        Å^2         mm^2/s      Å         Å         Å         Å^3/atom    Pa          K        1          
 500         -16.4762    0.02482     -16.45137   192.05   0.0         0.0         2.5       2.5       4.106     11.114    -192807945209.5355 inf      0.0        
 600         -16.51587   0.06381     -16.45206   493.63   0.00056     0.0         2.5       2.5       4.106     11.114    -189776857459.27704 2461.47  0.00175    
 700         -16.56314   0.11028     -16.45286   853.16   0.00227     1e-05       2.5       2.5       4.106     11.114    -186148933069.84012 1607.02  0.00352    
 800         -16.51177   0.0597      -16.45206   461.89   0.00466     1e-05       2.5       2.5       4.106     11.114    -190019039549.58328 825.18   0.00504    
 900         -16.48098   0.02959     -16.45138   228.93   0.00628     1e-05       2.5       2.5       4.106     11.114    -192445183406.0035 500.26   0.00585    
 1000        -16.51801   0.06591     -16.4521    509.91   0.00797     1e-05       2.5       2.5       4.106     11.114    -189534998358.6804 662.8    0.00659    
 1100        -16.54009   0.08759     -16.4525    677.62   0.01044     2e-05       2.5       2.5       4.106     11.114    -187782205064.78467 667.71   0.00754    
 1200        -16.50641   0.05458     -16.45183   422.26   0.01411     2e-05       2.5       2.5       4.106     11.114    -190322955868.1732 453.47   0.00877    
 1300        -16.51495   0.06304     -16.45191   487.73   0.01829     2e-05       2.5       2.5       4.106     11.114    -189662824146.72968 427.98   0.00998    
 1400        -16.52662   0.07456     -16.45206   576.8    0.02279     3e-05       2.5       2.5       4.106     11.114    -188792235152.8824 417.03   0.01114    
 1500        -16.50953   0.05772     -16.45181   446.56   0.02786     3e-05       2.5       2.5       4.106     11.114    -190086296185.9683 331.87   0.01232    

Time averages:
             Epot        Ekin        Etot        Temp     MSD         Self_diff   Pressure    Spec_heat   DebyeT   Lindemann  
             eV/atom     eV/atom     eV/atom     K        Å^2         mm^2/s      Pa          J/(K*Kg)    K        1          
             -16.51874   0.06668     -16.45206   515.85   0.01152     2e-05       -189457152826.19223 223.57118   835.48   0.00725    