Material ID: 0217
Unit cell composition: Mg125
Material:  Mg
Site positions of initial unit cell:
 Mg         
 0.00000    
 0.00000    
 0.00000    
Properties:
 Time        Epot        Ekin        Etot        Temp     MSD         Self_diff   LC_a      LC_b      LC_c      Volume      Pressure    DebyeT   Lindemann  
 fs          eV/atom     eV/atom     eV/atom     K        Å^2         mm^2/s      Å         Å         Å         Å^3/atom    Pa          K        1          
 500         -0.35955    0.02444     -0.33512    189.04   0.0         0.0         3.055     3.055     3.16      25.541    3174332580.07507 inf      0.0        
 600         -0.34999    0.01487     -0.33512    115.03   0.14009     0.00039     3.055     3.055     3.16      25.541    2467596058.82945 121.45   0.0245     
 700         -0.3562     0.02109     -0.33512    163.12   0.39149     0.00093     3.055     3.055     3.16      25.541    2442664291.49472 86.51    0.04096    
 800         -0.36099    0.02587     -0.33512    200.16   0.79152     0.00165     3.055     3.055     3.16      25.541    2044579572.93073 67.4     0.05824    
 900         -0.36393    0.02881     -0.33512    222.9    1.17438     0.00217     3.055     3.055     3.16      25.541    1781780560.17328 58.39    0.07094    
 1000        -0.36959    0.03447     -0.33512    266.66   1.57163     0.00262     3.055     3.055     3.16      25.541    1592047085.00052 55.21    0.08207    
 1100        -0.37535    0.04023     -0.33512    311.23   1.96421     0.00298     3.055     3.055     3.16      25.541    1179999311.44819 53.35    0.09175    
 1200        -0.38328    0.04816     -0.33512    372.57   2.36085     0.00328     3.055     3.055     3.16      25.541    1246006473.35319 53.24    0.10059    
 1300        -0.383      0.04788     -0.33512    370.38   2.88546     0.0037      3.055     3.055     3.16      25.541    1076394864.55384 48.02    0.1112     
 1400        -0.38818    0.05305     -0.33512    410.45   3.26392     0.00389     3.055     3.055     3.16      25.541    1149797258.29546 47.53    0.11827    
 1500        -0.38609    0.05097     -0.33512    394.35   3.73527     0.00415     3.055     3.055     3.16      25.541    1177663297.75535 43.55    0.12652    

Time averages:
             Epot        Ekin        Etot        Temp     MSD         Self_diff   Pressure    Spec_heat   DebyeT   Lindemann  
             eV/atom     eV/atom     eV/atom     K        Å^2         mm^2/s      Pa          J/(K*Kg)    K        1          
             -0.37166    0.03654     -0.33512    282.68   1.82788     0.00282     1615852877.38347 559.03544   63.46    0.0825     