Material ID: 0273
Unit cell composition: Mg375
Material:  Mg
Site positions of initial unit cell:
 Mg          Mg          Mg         
 0.00000     4.95089     17.32955   
 0.00000     1.03261     3.61442    
 0.00000     0.61347     2.14732    
Properties:
 Time        Epot        Ekin        Etot        Temp     MSD         Self_diff   LC_a      LC_b      LC_c      Volume      Pressure    DebyeT   Lindemann  
 fs          eV/atom     eV/atom     eV/atom     K        Å^2         mm^2/s      Å         Å         Å         Å^3/atom    Pa          K        1          
 500         -0.38863    0.02661     -0.36202    205.88   0.0         0.0         8.021     8.021     8.021     24.142    3796103642.74933 inf      0.0        
 600         -0.38255    0.02052     -0.36202    158.78   0.17582     0.00049     8.021     8.021     8.021     24.142    2893872034.28438 127.36   4e-05      
 700         -0.38638    0.02436     -0.36202    188.44   0.39958     0.00095     8.021     8.021     8.021     24.142    2670760868.92225 92.04    6e-05      
 800         -0.38937    0.02735     -0.36202    211.57   0.65786     0.00137     8.021     8.021     8.021     24.142    2351328931.88015 76.01    8e-05      
 900         -0.39464    0.03261     -0.36202    252.32   0.94369     0.00175     8.021     8.021     8.021     24.142    2056563494.09717 69.3     0.0001     
 1000        -0.39856    0.03653     -0.36202    282.63   1.27716     0.00213     8.021     8.021     8.021     24.142    1720109499.03245 63.05    0.00011    
 1100        -0.40241    0.04039     -0.36202    312.46   1.63584     0.00248     8.021     8.021     8.021     24.142    1554100369.3245 58.57    0.00013    
 1200        -0.40691    0.04489     -0.36203    347.26   2.02904     0.00282     8.021     8.021     8.021     24.142    1467208314.40893 55.45    0.00014    
 1300        -0.40692    0.0449      -0.36203    347.35   2.36135     0.00303     8.021     8.021     8.021     24.142    1228006478.97829 51.4     0.00015    
 1400        -0.40833    0.04631     -0.36202    358.24   2.66107     0.00317     8.021     8.021     8.021     24.142    1332465135.42206 49.17    0.00016    
 1500        -0.41037    0.04835     -0.36203    374.02   2.98936     0.00332     8.021     8.021     8.021     24.142    1244261422.13139 47.41    0.00017    

Time averages:
             Epot        Ekin        Etot        Temp     MSD         Self_diff   Pressure    Spec_heat   DebyeT   Lindemann  
             eV/atom     eV/atom     eV/atom     K        Å^2         mm^2/s      Pa          J/(K*Kg)    K        1          
             -0.39864    0.03662     -0.36202    283.31   1.51308     0.00234     1851867654.84816 592.05947   68.98    0.00011    