Material ID: 0000
Unit cell composition: Ac125Ag125
Material:  AcAg
Site positions of initial unitcell:
 Ac          Ag         
 0.00000     1.98708    
 0.00000     1.98708    
 0.00000     1.98708    
Properties:
 Time        Epot        Ekin        Etot        Temp     MSD         Self_diff   LC_a      LC_b      LC_c      Volume      Pressure   
 fs          eV/atom     eV/atom     eV/atom     K        Å^2         mm^2/s      Å         Å         Å         Å^3/atom    eV/Å^3     
 1500        -13.99472   0.02712     -13.9676    209.8    0.0         0.0         3.895     3.895     3.895     29.538    -0.96322   
 1800        -14.08901   0.11882     -13.97019   919.25   0.00282     0.0         3.895     3.895     3.895     29.538    -0.94735   
 2100        -13.98504   0.01758     -13.96746   136.03   0.011       1e-05       3.895     3.895     3.895     29.538    -0.96474   
 2400        -14.08356   0.11347     -13.97009   877.82   0.01364     1e-05       3.895     3.895     3.895     29.538    -0.94823   
 2700        -13.9864    0.01888     -13.96752   146.06   0.02039     1e-05       3.895     3.895     3.895     29.538    -0.9645    
 3000        -14.08308   0.11301     -13.97007   874.3    0.03278     2e-05       3.895     3.895     3.895     29.538    -0.94831   
 3300        -13.99089   0.02327     -13.96762   180.02   0.05147     3e-05       3.895     3.895     3.895     29.538    -0.96376   
 3600        -14.07728   0.10733     -13.96995   830.34   0.06465     3e-05       3.895     3.895     3.895     29.538    -0.94928   
 3900        -13.99321   0.0255      -13.96771   197.26   0.08056     3e-05       3.895     3.895     3.895     29.538    -0.96336   
 4200        -14.07236   0.10255     -13.96981   793.39   0.10272     4e-05       3.895     3.895     3.895     29.538    -0.9501    
 4500        -13.99892   0.03106     -13.96786   240.28   0.13176     5e-05       3.895     3.895     3.895     29.538    -0.9624    

Time averages:
             Epot        Ekin        Etot        Temp     MSD         Self_diff   Pressure    Spec_heat  
             eV/atom     eV/atom     eV/atom     K        Å^2         mm^2/s      eV/Å^3      J/(K*Kg)   
             -14.03597   0.06715     -13.96883   519.48   0.05118     3e-05       -0.9562     -1.04584   