Material ID: 0025
Unit cell composition: Ag4500In2000
Material:  Ag9In4
Site positions of initial unitcell:
 Ag          Ag          Ag          Ag          Ag          Ag          Ag          Ag          Ag          Ag          Ag          Ag          Ag          Ag          Ag          Ag          Ag          Ag          Ag          Ag          Ag          Ag          Ag          Ag          Ag          Ag          Ag          Ag          Ag          Ag          Ag          Ag          Ag          Ag          Ag          Ag          In          In          In          In          In          In          In          In          In          In          In          In          In          In          In          In         
 1.90986     8.15554     4.69367     8.15554     5.37173     1.90986     8.15554     5.37173     4.69367     1.90986     1.90986     8.15554     1.24293     8.82247     8.82247     1.24293     6.86373     3.20167     9.78397     3.20167     0.28143     6.86373     3.20167     0.28143     9.78397     6.86373     6.86373     3.20167     5.03270     8.61470     1.45070     5.03270     6.08687     3.97853     3.97853     6.08687     8.36604     1.69936     1.69936     8.36604     3.27168     6.79372     6.79372     3.27168     0.00000     0.00000     0.00000     6.47437     3.59103     0.00000     5.03270     5.03270    
 1.90986     4.69367     8.15554     5.37173     8.15554     8.15554     1.90986     1.90986     1.90986     4.69367     5.37173     8.15554     8.82247     8.82247     1.24293     1.24293     6.86373     9.78397     3.20167     0.28143     3.20167     3.20167     6.86373     6.86373     6.86373     9.78397     0.28143     3.20167     5.03270     5.03270     5.03270     1.45070     6.08687     6.08687     3.97853     3.97853     8.36604     8.36604     1.69936     1.69936     3.27168     3.27168     6.79372     6.79372     0.00000     3.59103     6.47437     0.00000     0.00000     0.00000     5.03270     8.61470    
 5.37173     1.90986     1.90986     8.15554     8.15554     4.69367     4.69367     1.90986     8.15554     8.15554     1.90986     5.37173     8.82247     1.24293     8.82247     1.24293     0.28143     6.86373     6.86373     3.20167     3.20167     9.78397     9.78397     6.86373     3.20167     3.20167     6.86373     0.28143     1.45070     5.03270     5.03270     5.03270     6.08687     3.97853     6.08687     3.97853     8.36604     1.69936     8.36604     1.69936     3.27168     6.79372     3.27168     6.79372     3.59103     0.00000     0.00000     0.00000     0.00000     6.47437     8.61470     5.03270    
Properties:
 Time        Epot        Ekin        Etot        Temp     MSD         Self_diff   LC_a      LC_b      LC_c      Volume      Pressure   
 fs          eV/atom     eV/atom     eV/atom     K        Å^2         mm^2/s      Å         Å         Å         Å^3/atom    eV/Å^3     
 1500        -9.99136    0.02612     -9.96524    202.09   0.0         0.0         9.864     9.864     9.864     18.457    0.36712    
 1800        -10.06923   0.1032      -9.96603    798.41   0.0194      2e-05       9.864     9.864     9.864     18.457    0.38899    
 2100        -10.05937   0.09333     -9.96604    722.04   0.02757     2e-05       9.864     9.864     9.864     18.457    0.38009    
 2400        -10.06109   0.09509     -9.966      735.64   0.02954     2e-05       9.864     9.864     9.864     18.457    0.37703    
 2700        -10.05923   0.09325     -9.96598    721.44   0.02813     2e-05       9.864     9.864     9.864     18.457    0.38218    
 3000        -10.05958   0.09361     -9.96598    724.17   0.03001     2e-05       9.864     9.864     9.864     18.457    0.38037    
 3300        -10.0608    0.09481     -9.96598    733.51   0.03471     2e-05       9.864     9.864     9.864     18.457    0.377      
 3600        -10.06034   0.09436     -9.96598    729.98   0.03691     2e-05       9.864     9.864     9.864     18.457    0.37637    
 3900        -10.06051   0.09452     -9.96598    731.25   0.03734     2e-05       9.864     9.864     9.864     18.457    0.37895    
 4200        -10.06129   0.09531     -9.96599    737.33   0.03811     2e-05       9.864     9.864     9.864     18.457    0.37927    
 4500        -10.06108   0.0951      -9.96599    735.71   0.03937     1e-05       9.864     9.864     9.864     18.457    0.37846    

Time averages:
             Epot        Ekin        Etot        Temp     MSD         Self_diff   Pressure    Spec_heat  
             eV/atom     eV/atom     eV/atom     K        Å^2         mm^2/s      eV/Å^3      J/(K*Kg)   
             -10.06125   0.09526     -9.966      736.95   0.03211     2e-05       0.37987     -43.76604  