Material ID: 0225
Unit cell composition: Pd500
Material:  Pd
Site positions of initial unit cell:
 Pd          Pd          Pd          Pd         
 0.00000     -0.00000    0.00000     1.39885    
 0.00000     1.61525     0.00000     0.80762    
 0.00000     2.28701     4.57402     6.86103    
Properties:
 Time        Epot        Ekin        Etot        Temp     MSD         Self_diff   LC_a      LC_b      LC_c      Volume      Pressure    DebyeT   Lindemann  
 fs          eV/atom     eV/atom     eV/atom     K        Å^2         mm^2/s      Å         Å         Å         Å^3/atom    Pa          K        1          
 500         -10.48275   0.02577     -10.45698   199.37   0.0         0.0         2.686     2.686     8.782     13.716    -77428411117.74348 inf      0.0        
 600         -10.65      0.19156     -10.45844   1481.95  0.03627     0.0001      2.686     2.686     8.782     13.716    -67735318494.58442 409.4    0.02006    
 700         -10.82617   0.36616     -10.46001   2832.73  0.02227     5e-05       2.686     2.686     8.782     13.716    -58120969516.3924 722.31   0.01572    
 800         -10.80292   0.34378     -10.45914   2659.57  0.16381     0.00034     2.686     2.686     8.782     13.716    -57084554232.13008 258.08   0.04262    
 900         -10.82268   0.36374     -10.45894   2814.05  0.88535     0.00164     2.686     2.686     8.782     13.716    -54243176624.14471 114.19   0.09909    
 1000        -10.70135   0.24238     -10.45897   1875.15  0.28615     0.00048     2.686     2.686     8.782     13.716    -62807508614.17751 163.96   0.05633    
 1100        -10.92004   0.46087     -10.45917   3565.44  0.31219     0.00047     2.686     2.686     8.782     13.716    -49630833790.24947 216.45   0.05884    
 1200        -10.92835   0.46926     -10.45909   3630.39  0.66427     0.00092     2.686     2.686     8.782     13.716    -49667527813.38914 149.74   0.08583    
 1300        -10.84425   0.38516     -10.45908   2979.76  0.90748     0.00116     2.686     2.686     8.782     13.716    -54595596454.94057 116.06   0.10032    
 1400        -10.85826   0.39918     -10.45908   3088.23  0.88615     0.00105     2.686     2.686     8.782     13.716    -54077305545.44247 119.57   0.09914    
 1500        -10.91698   0.45772     -10.45927   3541.05  0.66776     0.00074     2.686     2.686     8.782     13.716    -49611692368.16492 147.49   0.08606    
 1600        -10.86478   0.40543     -10.45935   3136.54  0.82962     0.00086     2.686     2.686     8.782     13.716    -53350393907.26821 124.54   0.09592    
 1700        -10.85172   0.39267     -10.45905   3037.81  0.84625     0.00083     2.686     2.686     8.782     13.716    -54984239375.24418 121.35   0.09688    
 1800        -10.91897   0.45989     -10.45908   3557.9   0.97695     0.0009      2.686     2.686     8.782     13.716    -49815111844.62276 122.23   0.10409    

Time averages:
             Epot        Ekin        Etot        Temp     MSD         Self_diff   Pressure    Spec_heat   DebyeT   Lindemann  
             eV/atom     eV/atom     eV/atom     K        Å^2         mm^2/s      Pa          J/(K*Kg)    K        1          
             -10.86274   0.40363     -10.45911   3122.63  0.72622     0.00082     -53278338633.76439 125.78939   139.56   0.08825    