Material ID: 0051
Unit cell composition: Ag125Cd125
Material:  AgCd
Site positions of initial unitcell:
 Ag          Cd         
 1.69740     0.00000    
 1.69740     0.00000    
 1.69740     0.00000    
Properties:
 Time        Epot        Ekin        Etot        Temp     MSD         Self_diff   LC_a      LC_b      LC_c      Volume      Pressure   
 fs          eV/atom     eV/atom     eV/atom     K        Å^2         mm^2/s      Å         Å         Å         Å^3/atom    eV/Å^3     
 1500        -3.51239    0.02644     -3.48595    204.52   0.0         0.0         3.361     3.361     3.361     18.981    0.23332    
 1800        -3.54362    0.05767     -3.48595    446.18   0.18954     0.00018     3.361     3.361     3.361     18.981    0.18379    
 2100        -3.62057    0.13456     -3.48601    1040.97  1.03374     0.00082     3.361     3.361     3.361     18.981    0.08988    
 2400        -3.71165    0.22539     -3.48626    1743.68  2.18921     0.00152     3.361     3.361     3.361     18.981    0.0762     
 2700        -3.76422    0.278       -3.48622    2150.7   3.57696     0.00221     3.361     3.361     3.361     18.981    0.06391    
 3000        -3.8202     0.33378     -3.48642    2582.26  5.24812     0.00292     3.361     3.361     3.361     18.981    0.04947    
 3300        -3.86122    0.37466     -3.48656    2898.51  7.11345     0.00359     3.361     3.361     3.361     18.981    0.05167    
 3600        -3.90158    0.41502     -3.48656    3210.73  8.77967     0.00406     3.361     3.361     3.361     18.981    0.04894    
 3900        -3.9532     0.46651     -3.48669    3609.05  10.53276    0.0045      3.361     3.361     3.361     18.981    0.04851    
 4200        -3.96347    0.47659     -3.48688    3687.07  12.56649    0.00499     3.361     3.361     3.361     18.981    0.01979    
 4500        -4.02432    0.53717     -3.48715    4155.71  14.2757     0.00529     3.361     3.361     3.361     18.981    -0.00373   

Time averages:
             Epot        Ekin        Etot        Temp     MSD         Self_diff   Pressure    Spec_heat  
             eV/atom     eV/atom     eV/atom     K        Å^2         mm^2/s      eV/Å^3      J/(K*Kg)   
             -3.8164     0.32993     -3.48647    2552.49  6.55056     0.00332     0.06284     -3.4926    