Material ID: 0187
Unit cell composition: Mg500
Material:  Mg
Site positions of initial unit cell:
 Mg          Mg          Mg          Mg         
 0.00000     -0.00000    0.00000     1.60186    
 0.00000     1.84967     0.00000     0.92483    
 0.00000     2.58032     5.16064     7.74097    
Properties:
 Time        Epot        Ekin        Etot        Temp     MSD         Self_diff   LC_a      LC_b      LC_c      Volume      Pressure    DebyeT   Lindemann  
 fs          eV/atom     eV/atom     eV/atom     K        Å^2         mm^2/s      Å         Å         Å         Å^3/atom    Pa          K        1          
 500         -0.41982    0.02579     -0.39403    199.49   0.0         0.0         3.204     3.204     10.321    22.936    4437217460.35857 inf      0.0        
 600         -0.40979    0.01576     -0.39403    121.89   0.1587      0.00044     3.204     3.204     10.321    22.936    3193371965.8479 117.46   0.03517    
 700         -0.41327    0.01923     -0.39403    148.78   0.32412     0.00077     3.204     3.204     10.321    22.936    2987884435.49463 90.8     0.05026    
 800         -0.41502    0.02098     -0.39403    162.32   0.4798      0.001       3.204     3.204     10.321    22.936    2803517224.97183 77.95    0.06115    
 900         -0.41757    0.02354     -0.39403    182.1    0.64665     0.0012      3.204     3.204     10.321    22.936    2563438011.36769 71.12    0.07099    
 1000        -0.41975    0.02572     -0.39403    198.96   0.82032     0.00137     3.204     3.204     10.321    22.936    2380710087.32706 66.01    0.07996    
 1100        -0.42142    0.02739     -0.39403    211.9    1.01029     0.00153     3.204     3.204     10.321    22.936    2107152181.2221 61.38    0.08874    
 1200        -0.42404    0.03001     -0.39404    232.15   1.21178     0.00168     3.204     3.204     10.321    22.936    2028990526.93338 58.66    0.09719    
 1300        -0.42835    0.03431     -0.39404    265.46   1.44639     0.00185     3.204     3.204     10.321    22.936    1944405162.86543 57.42    0.10618    
 1400        -0.42966    0.03562     -0.39404    275.6    1.71725     0.00204     3.204     3.204     10.321    22.936    1790146398.3743 53.69    0.11569    
 1500        -0.43124    0.0372      -0.39404    287.79   2.0624      0.00229     3.204     3.204     10.321    22.936    1580725997.69147 50.06    0.12679    

Time averages:
             Epot        Ekin        Etot        Temp     MSD         Self_diff   Pressure    Spec_heat   DebyeT   Lindemann  
             eV/atom     eV/atom     eV/atom     K        Å^2         mm^2/s      Pa          J/(K*Kg)    K        1          
             -0.42101    0.02698     -0.39403    208.7    0.98777     0.00153     2338034199.20958 622.02767   70.45    0.08321    