Material ID: 0223
Unit cell composition: Co500
Material:  Co
Site positions of initial unit cell:
 Co          Co          Co          Co         
 0.00000     -0.00000    0.00000     1.24710    
 0.00000     1.44003     0.00000     0.72001    
 0.00000     2.02148     4.04297     6.06445    
Properties:
 Time        Epot        Ekin        Etot        Temp     MSD         Self_diff   LC_a      LC_b      LC_c      Volume      Pressure    DebyeT   Lindemann  
 fs          eV/atom     eV/atom     eV/atom     K        Å^2         mm^2/s      Å         Å         Å         Å^3/atom    Pa          K        1          
 500         -10.19953   0.02654     -10.17299   205.32   0.0         0.0         2.544     2.544     8.248     11.558    86276649254.92268 inf      0.0        
 600         -10.19953   0.02653     -10.173     205.21   0.00711     2e-05       2.544     2.544     8.248     11.558    86481868308.3563 462.51   0.00937    
 700         -10.21858   0.04553     -10.17305   352.2    0.00413     1e-05       2.544     2.544     8.248     11.558    88386028084.67082 794.64   0.00715    
 800         -10.23187   0.0588      -10.17307   454.91   0.00726     2e-05       2.544     2.544     8.248     11.558    89614855570.28635 681.21   0.00947    
 900         -10.22895   0.05589     -10.17306   432.39   0.01319     2e-05       2.544     2.544     8.248     11.558    89296734331.42143 492.83   0.01277    
 1000        -10.21305   0.04003     -10.17301   309.72   0.0153      3e-05       2.544     2.544     8.248     11.558    87911669324.79442 387.23   0.01375    
 1100        -10.19678   0.02381     -10.17296   184.22   0.02597     4e-05       2.544     2.544     8.248     11.558    86535902679.37761 229.25   0.01791    
 1200        -10.19652   0.02356     -10.17296   182.28   0.02809     4e-05       2.544     2.544     8.248     11.558    86528709581.65607 219.26   0.01863    
 1300        -10.20918   0.03618     -10.173     279.93   0.0398      5e-05       2.544     2.544     8.248     11.558    87630726339.76933 228.27   0.02218    
 1400        -10.22274   0.0497      -10.17303   384.52   0.04517     5e-05       2.544     2.544     8.248     11.558    88839207865.47061 251.13   0.02363    
 1500        -10.22612   0.05307     -10.17305   410.56   0.0556      6e-05       2.544     2.544     8.248     11.558    89168231752.99251 233.9    0.02621    

Time averages:
             Epot        Ekin        Etot        Temp     MSD         Self_diff   Pressure    Spec_heat   DebyeT   Lindemann  
             eV/atom     eV/atom     eV/atom     K        Å^2         mm^2/s      Pa          J/(K*Kg)    K        1          
             -10.21433   0.04131     -10.17302   319.59   0.02416     4e-05       88039393383.87955 282.91983   398.02   0.01611    