Material ID: 0056
Unit cell composition: Fe500
Material:  Fe
Site positions of initial unit cell:
 Fe          Fe          Fe          Fe         
 2.45285     0.91599     2.45314     0.91570    
 -0.00013    1.18586     -0.00036    1.18609    
 3.92871     5.89678     7.85942     1.96614    
Properties:
 Time        Epot        Ekin        Etot        Temp     MSD         Self_diff   LC_a      LC_b      LC_c      Volume      Pressure    DebyeT   Lindemann  
 fs          eV/atom     eV/atom     eV/atom     K        Å^2         mm^2/s      Å         Å         Å         Å^3/atom    Pa          K        1          
 500         0.21769     0.02581     0.2435      199.64   0.0         0.0         2.306     2.306     7.389     9.498     -1135668739380.9836 inf      0.0        
 600         -1.22087    1.3628      0.14192     10543.08 0.06731     0.00019     2.306     2.306     7.389     9.498     -1045036886491.4012 1106.61  0.03183    
 700         -2.68653    2.81713     0.1306      21794.29 0.13364     0.00032     2.306     2.306     7.389     9.498     -916991671854.2579 1129.11  0.04485    
 800         -2.74581    2.87549     0.12968     22245.77 0.31039     0.00065     2.306     2.306     7.389     9.498     -912716481629.3378 748.53   0.06835    
 900         -2.67974    2.81466     0.13493     21775.21 0.44211     0.00082     2.306     2.306     7.389     9.498     -917913282479.8783 620.52   0.08157    
 1000        -2.84836    2.98184     0.13348     23068.53 0.66998     0.00112     2.306     2.306     7.389     9.498     -905738849561.4208 518.82   0.10042    
 1100        -2.77853    2.91225     0.13372     22530.21 0.74961     0.00114     2.306     2.306     7.389     9.498     -910916025937.6143 484.74   0.10622    
 1200        -2.81657    2.9464      0.12984     22794.38 0.52592     0.00073     2.306     2.306     7.389     9.498     -907865200898.1088 582.09   0.08897    
 1300        -2.92343    3.05429     0.13085     23629.03 0.59586     0.00076     2.306     2.306     7.389     9.498     -899841730672.6425 556.79   0.0947     
 1400        -2.97912    3.1083      0.12918     24046.89 0.79049     0.00094     2.306     2.306     7.389     9.498     -895543556209.8413 487.66   0.10907    
 1500        -2.94142    3.07142     0.12999     23761.54 0.59755     0.00066     2.306     2.306     7.389     9.498     -898533841401.228 557.56   0.09483    
 1600        -2.77438    2.9073      0.13292     22491.86 0.54052     0.00056     2.306     2.306     7.389     9.498     -911458769506.7975 570.36   0.09019    
 1700        -2.89114    3.02361     0.13247     23391.73 0.67771     0.00066     2.306     2.306     7.389     9.498     -902437472825.1011 519.46   0.10099    
 1800        -2.77346    2.90753     0.13407     22493.65 0.63257     0.00059     2.306     2.306     7.389     9.498     -911177005608.4839 527.25   0.09757    

Time averages:
             Epot        Ekin        Etot        Temp     MSD         Self_diff   Pressure    Spec_heat   DebyeT   Lindemann  
             eV/atom     eV/atom     eV/atom     K        Å^2         mm^2/s      Pa          J/(K*Kg)    K        1          
             -2.84062    2.97276     0.13215     22998.3  0.62223     0.0008      -906142573510.1117 223.83555   542.52   0.09645    