Material ID: 0014
Unit cell composition: Ag500
Material:  Ag
Site positions of initial unit cell:
 Ag          Ag          Ag          Ag         
 0.00000     0.00000     -0.00000    1.47560    
 0.00000     0.00000     1.70388     0.85194    
 0.00000     4.79288     2.39644     7.18932    
Properties:
 Time        Epot        Ekin        Etot        Temp     MSD         Self_diff   LC_a      LC_b      LC_c      Volume      Pressure    DebyeT   Lindemann  
 fs          eV/atom     eV/atom     eV/atom     K        Å^2         mm^2/s      Å         Å         Å         Å^3/atom    Pa          K        1          
 500         -9.3887     0.02646     -9.36223    204.73   0.0         0.0         2.774     2.774     9.011     15.013    -294526883226.0501 inf      0.0        
 600         -10.26123   0.87945     -9.38178    6803.71  0.06092     0.00017     2.774     2.774     9.011     15.013    -259735741304.36453 672.33   0.02516    
 700         -11.1651    1.77688     -9.38822    13746.59 0.08658     0.00021     2.774     2.774     9.011     15.013    -210624437865.63748 801.64   0.03       
 800         -11.85141   2.46591     -9.38551    19077.13 0.6189      0.00129     2.774     2.774     9.011     15.013    -165517516014.28595 353.21   0.08021    
 900         -11.58968   2.20396     -9.38573    17050.57 1.37289     0.00254     2.774     2.774     9.011     15.013    -182221932708.42603 224.2    0.11946    
 1000        -11.40994   2.02496     -9.38498    15665.78 2.45021     0.00408     2.774     2.774     9.011     15.013    -190761027978.67847 160.86   0.1596     
 1100        -11.40578   2.02047     -9.38531    15631.1  3.84523     0.00583     2.774     2.774     9.011     15.013    -190698671075.81055 128.27   0.19993    
 1200        -11.58295   2.19728     -9.38566    16998.94 5.00526     0.00695     2.774     2.774     9.011     15.013    -182190409743.8824 117.24   0.2281     
 1300        -11.50228   2.11694     -9.38533    16377.41 6.74821     0.00865     2.774     2.774     9.011     15.013    -186527976921.64072 99.11    0.26486    
 1400        -11.48441   2.09857     -9.38585    16235.25 8.02387     0.00955     2.774     2.774     9.011     15.013    -186925590277.73645 90.49    0.28881    
 1500        -11.46581   2.08018     -9.38564    16092.96 8.62221     0.00958     2.774     2.774     9.011     15.013    -188556925729.35568 86.91    0.29938    
 1600        -11.54642   2.16004     -9.38638    16710.79 8.36138     0.00871     2.774     2.774     9.011     15.013    -184292148542.6231 89.94    0.29482    
 1700        -11.42131   2.03586     -9.38545    15750.09 7.5053      0.00736     2.774     2.774     9.011     15.013    -191052682883.48657 92.16    0.27932    
 1800        -11.60877   2.22253     -9.38624    17194.3  6.91747     0.00641     2.774     2.774     9.011     15.013    -180692774917.34695 100.3    0.26816    
 1900        -11.37377   1.98807     -9.38571    15380.37 6.92689     0.00608     2.774     2.774     9.011     15.013    -193092869223.88577 94.8     0.26834    
 2000        -11.44548   2.05955     -9.38592    15933.43 7.29696     0.00608     2.774     2.774     9.011     15.013    -189488265185.93527 94.01    0.27542    
 2100        -11.48911   2.10324     -9.38587    16271.41 7.63013     0.00606     2.774     2.774     9.011     15.013    -187137911349.34763 92.9     0.28163    
 2200        -11.41273   2.02705     -9.38568    15682.0  7.86557     0.00596     2.774     2.774     9.011     15.013    -191136004526.6551 89.83    0.28595    

Time averages:
             Epot        Ekin        Etot        Temp     MSD         Self_diff   Pressure    Spec_heat   DebyeT   Lindemann  
             eV/atom     eV/atom     eV/atom     K        Å^2         mm^2/s      Pa          J/(K*Kg)    K        1          
             -11.47501   2.0892      -9.38581    16162.8  7.5898      0.00731     -187890314955.80133 115.91535   93.04    0.28067    