Material ID: 0107
Unit cell composition: Zn250
Material:  Zn
Site positions of initial unit cell:
 Zn          Zn         
 -0.00000    1.31337    
 1.51654     0.75827    
 1.30181     3.90543    
Properties:
 Time        Epot        Ekin        Etot        Temp     MSD         Self_diff   LC_a      LC_b      LC_c      Volume      Pressure    DebyeT   Lindemann  
 fs          eV/atom     eV/atom     eV/atom     K        Å^2         mm^2/s      Å         Å         Å         Å^3/atom    Pa          K        1          
 500         -0.95084    0.02553     -0.92531    197.5    0.0         0.0         2.627     2.627     5.207     15.557    14059491447.97449 inf      0.0        
 600         -0.95302    0.02771     -0.92531    214.34   0.06512     0.00018     2.627     2.627     5.207     15.557    12732554045.19303 148.25   0.01596    
 700         -0.96473    0.03942     -0.92531    304.93   0.21553     0.00051     2.627     2.627     5.207     15.557    10640205172.38045 97.2     0.02903    
 800         -0.9724     0.04709     -0.92531    364.29   0.34385     0.00072     2.627     2.627     5.207     15.557    9747650489.29548 84.11    0.03667    
 900         -0.98671    0.0614      -0.92531    475.03   0.50605     0.00094     2.627     2.627     5.207     15.557    8916724648.22787 79.17    0.04449    
 1000        -1.00248    0.07717     -0.92531    596.98   0.74335     0.00124     2.627     2.627     5.207     15.557    7655853828.49396 73.23    0.05392    
 1100        -1.00452    0.0792      -0.92531    612.73   0.97413     0.00148     2.627     2.627     5.207     15.557    6450830557.15276 64.81    0.06172    
 1200        -1.01243    0.08711     -0.92532    673.92   1.19035     0.00165     2.627     2.627     5.207     15.557    6163144207.49974 61.49    0.06823    
 1300        -1.01839    0.09307     -0.92531    720.05   1.41739     0.00182     2.627     2.627     5.207     15.557    5809343933.26892 58.24    0.07445    
 1400        -1.03286    0.10755     -0.92532    832.01   1.70796     0.00203     2.627     2.627     5.207     15.557    5930955724.27619 57.03    0.08173    
 1500        -1.04019    0.11487     -0.92532    888.71   2.11691     0.00235     2.627     2.627     5.207     15.557    4007026276.37872 52.95    0.09099    

Time averages:
             Epot        Ekin        Etot        Temp     MSD         Self_diff   Pressure    Spec_heat   DebyeT   Lindemann  
             eV/atom     eV/atom     eV/atom     K        Å^2         mm^2/s      Pa          J/(K*Kg)    K        1          
             -0.99877    0.07346     -0.92531    568.3    0.92806     0.00142     7805428888.21671 234.77645   77.65    0.05572    