Material ID: 0007
Unit cell composition: Ag250I250
Material:  AgI
Site positions of initial unit cell:
 Ag          Ag          I           I          
 -0.00000    2.35529     -0.00000    2.35529    
 2.71966     1.35983     2.71966     1.35983    
 0.00167     3.80854     2.89079     6.69767    
Properties:
 Time        Epot        Ekin        Etot        Temp     MSD         Self_diff   LC_a      LC_b      LC_c      Volume      Pressure   
 fs          eV/atom     eV/atom     eV/atom     K        Å^2         mm^2/s      Å         Å         Å         Å^3/atom    eV/Å^3     
 1000        -4.63915    0.0249      -4.61425    192.64   0.0         0.0         4.711     4.711     7.614     36.578    0.10684    
 1200        -4.65032    0.03608     -4.61424    279.14   0.08861     0.00012     4.711     4.711     7.614     36.578    0.11954    
 1400        -4.77959    0.16532     -4.61427    1278.99  0.7546      0.0009      4.711     4.711     7.614     36.578    0.15918    
 1600        -5.55408    0.93933     -4.61475    7266.99  2.45721     0.00256     4.711     4.711     7.614     36.578    0.08621    
 1800        -5.96853    1.35295     -4.61559    10466.88 6.35907     0.00589     4.711     4.711     7.614     36.578    0.0731     
 2000        -6.15608    1.54029     -4.61579    11916.25 10.52988    0.00877     4.711     4.711     7.614     36.578    0.06997    
 2200        -6.20271    1.58708     -4.61563    12278.17 15.66112    0.01186     4.711     4.711     7.614     36.578    0.06711    
 2400        -6.2917     1.67596     -4.61574    12965.78 20.69989    0.01437     4.711     4.711     7.614     36.578    0.0528     
 2600        -6.38637    1.77001     -4.61636    13693.41 26.32246    0.01687     4.711     4.711     7.614     36.578    0.05285    
 2800        -6.39437    1.77799     -4.61638    13755.17 31.55912    0.01879     4.711     4.711     7.614     36.578    0.05683    
 3000        -6.36897    1.75323     -4.61574    13563.59 36.24428    0.02014     4.711     4.711     7.614     36.578    0.06475    

Time averages:
             Epot        Ekin        Etot        Temp     MSD         Self_diff   Pressure    Spec_heat  
             eV/atom     eV/atom     eV/atom     K        Å^2         mm^2/s      eV/Å^3      J/(K*Kg)   
             -5.87527    1.25982     -4.61545    9746.44  15.06762    0.01113     0.08023     -1.30033   