Material ID: 0118
Unit cell composition: Ag375Be125
Material:  Ag3Be
Site positions:
Ag                      Be
0.0                      1.995358                      0.0                      1.995358                      
0.0                      0.0                      1.995358                      1.995358                      
0.0                      1.995358                      1.995358                      0.0                      
Properties:
 Time        Epot        Ekin        Etot        Temp     MSD         Self_diff   LC_a      LC_b      LC_c      Volume      Pressure   
 fs          eV/atom     eV/atom     eV/atom     K        Å^2         mm^2/s      Å         Å         Å         Å^3/atom    eV/Å^3     
 1500        -9.20178    0.02531     -9.17647    195.77   0.0         0.0         4.031     4.031     4.031     16.37     0.33973    
 1800        -9.42174    0.24363     -9.17811    1884.79  0.5436      0.0005      4.031     4.031     4.031     16.37     0.37679    
 2100        -9.48017    0.30178     -9.17839    2334.68  1.07715     0.00085     4.031     4.031     4.031     16.37     0.39363    
 2400        -9.47513    0.29758     -9.17755    2302.2   1.33913     0.00093     4.031     4.031     4.031     16.37     0.38716    
 2700        -9.50049    0.32551     -9.17498    2518.23  1.5628      0.00096     4.031     4.031     4.031     16.37     0.38196    
 3000        -9.49743    0.33746     -9.15997    2610.71  1.78816     0.00099     4.031     4.031     4.031     16.37     0.3702     
 3300        -9.51062    0.37175     -9.13888    2875.99  1.99892     0.00101     4.031     4.031     4.031     16.37     0.35792    
 3600        -9.50434    0.36611     -9.13824    2832.32  2.32207     0.00108     4.031     4.031     4.031     16.37     0.3328     
 3900        -9.52655    0.42205     -9.1045     3265.11  2.70127     0.00115     4.031     4.031     4.031     16.37     0.30715    
 4200        -9.53007    0.42786     -9.10221    3310.09  2.98087     0.00118     4.031     4.031     4.031     16.37     0.29494    
 4500        -9.54849    0.45544     -9.09305    3523.43  3.30053     0.00122     4.031     4.031     4.031     16.37     0.29438    

Time averages:
             Epot        Ekin        Etot        Temp     MSD         Self_diff   Pressure    Spec_heat  
             eV/atom     eV/atom     eV/atom     K        Å^2         mm^2/s      eV/Å^3      J/(K*Kg)   
             -9.4995     0.35492     -9.14459    2745.76  1.96145     0.00104     0.34969     -15.64503  