Material ID: 0181
Unit cell composition: Ni125
Material:  Ni
Site positions of initial unit cell:
 Ni         
 0.00000    
 0.00000    
 0.00000    
Properties:
 Time        Epot        Ekin        Etot        Temp     MSD         Self_diff   LC_a      LC_b      LC_c      Volume      Pressure    DebyeT   Lindemann  
 fs          eV/atom     eV/atom     eV/atom     K        Å^2         mm^2/s      Å         Å         Å         Å^3/atom    Pa          K        1          
 500         -17.24774   0.02574     -17.222     199.17   0.0         0.0         2.429     2.429     2.429     10.139    45716293758.71119 inf      0.0        
 600         -17.23206   0.01016     -17.2219    78.62    0.00042     0.0         2.429     2.429     2.429     10.139    44388480429.435 1182.22  0.00168    
 700         -17.237     0.01506     -17.22194   116.5    0.00076     0.0         2.429     2.429     2.429     10.139    44803808084.52284 1070.94  0.00226    
 800         -17.23608   0.01414     -17.22193   109.42   0.00143     0.0         2.429     2.429     2.429     10.139    44724624905.04632 753.17   0.00312    
 900         -17.23354   0.01161     -17.22192   89.86    0.00233     0.0         2.429     2.429     2.429     10.139    44507459944.17258 535.36   0.00398    
 1000        -17.23611   0.01417     -17.22194   109.62   0.00336     1e-05       2.429     2.429     2.429     10.139    44732494506.63443 492.48   0.00477    
 1100        -17.23413   0.01222     -17.22191   94.56    0.00471     1e-05       2.429     2.429     2.429     10.139    44561339163.58071 386.47   0.00565    
 1200        -17.23993   0.01798     -17.22195   139.09   0.0062      1e-05       2.429     2.429     2.429     10.139    45053404837.6963 408.55   0.00648    
 1300        -17.23273   0.01082     -17.22191   83.73    0.00821     1e-05       2.429     2.429     2.429     10.139    44442837450.76584 275.43   0.00746    
 1400        -17.23679   0.01485     -17.22194   114.92   0.01028     1e-05       2.429     2.429     2.429     10.139    44785934215.15095 288.41   0.00835    
 1500        -17.23726   0.01532     -17.22194   118.56   0.01264     1e-05       2.429     2.429     2.429     10.139    44807155943.48486 264.16   0.00925    

Time averages:
             Epot        Ekin        Etot        Temp     MSD         Self_diff   Pressure    Spec_heat   DebyeT   Lindemann  
             eV/atom     eV/atom     eV/atom     K        Å^2         mm^2/s      Pa          J/(K*Kg)    K        1          
             -17.23556   0.01363     -17.22193   105.49   0.00503     1e-05       44680753948.04898 216.5121    565.72   0.0053     