Material ID: 0119
Unit cell composition: Pt125
Material:  Pt
Site positions of initial unit cell:
 Pt         
 0.00000    
 0.00000    
 0.00000    
Properties:
 Time        Epot        Ekin        Etot        Temp     MSD         Self_diff   LC_a      LC_b      LC_c      Volume      Pressure    DebyeT   Lindemann  
 fs          eV/atom     eV/atom     eV/atom     K        Å^2         mm^2/s      Å         Å         Å         Å^3/atom    Pa          K        1          
 500         -20.73914   0.02948     -20.70966   228.05   0.0         0.0         2.924     2.924     2.924     17.686    236701062192.2061 inf      0.0        
 600         -20.72808   0.01842     -20.70966   142.54   0.00223     1e-05       2.924     2.924     2.924     17.686    235965655233.574 377.98   0.00323    
 700         -20.72553   0.01587     -20.70966   122.8    0.00272     1e-05       2.924     2.924     2.924     17.686    235763839806.08453 317.84   0.00357    
 800         -20.72585   0.0162      -20.70966   125.29   0.00436     1e-05       2.924     2.924     2.924     17.686    235860106176.26233 253.55   0.00452    
 900         -20.72323   0.01357     -20.70966   105.0    0.00653     1e-05       2.924     2.924     2.924     17.686    235639613985.104 189.64   0.00553    
 1000        -20.71959   0.00993     -20.70966   76.83    0.00952     2e-05       2.924     2.924     2.924     17.686    235371171807.43945 134.35   0.00667    
 1100        -20.72223   0.01257     -20.70966   97.25    0.01203     2e-05       2.924     2.924     2.924     17.686    235553263792.50974 134.5    0.0075     
 1200        -20.72252   0.01287     -20.70966   99.55    0.01595     2e-05       2.924     2.924     2.924     17.686    235630348121.7501 118.2    0.00864    
 1300        -20.72414   0.01449     -20.70966   112.08   0.01973     3e-05       2.924     2.924     2.924     17.686    235700274991.57367 112.74   0.00961    
 1400        -20.72648   0.01682     -20.70966   130.15   0.02404     3e-05       2.924     2.924     2.924     17.686    235811311420.49854 110.08   0.0106     
 1500        -20.72811   0.01846     -20.70966   142.78   0.0295      3e-05       2.924     2.924     2.924     17.686    235988925190.7086 104.08   0.01175    

Time averages:
             Epot        Ekin        Etot        Temp     MSD         Self_diff   Pressure    Spec_heat   DebyeT   Lindemann  
             eV/atom     eV/atom     eV/atom     K        Å^2         mm^2/s      Pa          J/(K*Kg)    K        1          
             -20.72458   0.01492     -20.70966   115.43   0.01266     2e-05       235728451052.55048 65.25014    185.3    0.00716    