Material ID: 0066
Unit cell composition: Fe125
Material:  Fe
Site positions of initial unit cell:
 Fe         
 0.00000    
 0.00000    
 0.00000    
Properties:
 Time        Epot        Ekin        Etot        Temp     MSD         Self_diff   LC_a      LC_b      LC_c      Volume      Pressure    DebyeT   Lindemann  
 fs          eV/atom     eV/atom     eV/atom     K        Å^2         mm^2/s      Å         Å         Å         Å^3/atom    Pa          K        1          
 500         -9.75718    0.02828     -9.7289     218.78   0.0         0.0         2.526     2.526     2.526     11.401    -62966272305.11654 inf      0.0        
 600         -9.74334    0.01449     -9.72885    112.09   0.00114     0.0         2.526     2.526     2.526     11.401    -63960220854.93079 875.68   0.00268    
 700         -9.7428     0.01396     -9.72884    107.99   0.00303     1e-05       2.526     2.526     2.526     11.401    -63985863444.8417 527.66   0.00436    
 800         -9.74105    0.01222     -9.72883    94.57    0.00618     1e-05       2.526     2.526     2.526     11.401    -64126321313.07052 345.85   0.00622    
 900         -9.74154    0.01271     -9.72883    98.36    0.01076     2e-05       2.526     2.526     2.526     11.401    -64097493669.79898 267.31   0.00821    
 1000        -9.74625    0.0174      -9.72885    134.58   0.01646     3e-05       2.526     2.526     2.526     11.401    -63747209885.95694 252.83   0.01016    
 1100        -9.74449    0.01566     -9.72883    121.12   0.02348     4e-05       2.526     2.526     2.526     11.401    -63893835099.29202 200.8    0.01213    
 1200        -9.74167    0.01284     -9.72883    99.34    0.03206     4e-05       2.526     2.526     2.526     11.401    -64075081541.66457 155.63   0.01418    
 1300        -9.74064    0.01182     -9.72881    91.45    0.04156     5e-05       2.526     2.526     2.526     11.401    -64160822615.33585 131.17   0.01614    
 1400        -9.73832    0.00951     -9.72881    73.59    0.05264     6e-05       2.526     2.526     2.526     11.401    -64324894775.70056 104.54   0.01816    
 1500        -9.74302    0.01418     -9.72884    109.7    0.06486     7e-05       2.526     2.526     2.526     11.401    -63977376778.38916 114.98   0.02016    

Time averages:
             Epot        Ekin        Etot        Temp     MSD         Self_diff   Pressure    Spec_heat   DebyeT   Lindemann  
             eV/atom     eV/atom     eV/atom     K        Å^2         mm^2/s      Pa          J/(K*Kg)    K        1          
             -9.74231    0.01348     -9.72883    104.28   0.02522     4e-05       -64034911997.89812 226.89636   297.65   0.01124    