Material ID: 0009
Unit cell composition: Ag125
Material:  Ag
Site positions of initial unit cell:
 Ag         
 0.00000    
 0.00000    
 0.00000    
Properties:
 Time        Epot        Ekin        Etot        Temp     MSD         Self_diff   LC_a      LC_b      LC_c      Volume      Pressure    DebyeT   Lindemann  
 fs          eV/atom     eV/atom     eV/atom     K        Å^2         mm^2/s      Å         Å         Å         Å^3/atom    Pa          K        1          
 500         -11.66221   0.0291      -11.63311   225.11   0.0         0.0         3.06      3.06      3.06      20.253    104130018897.94962 inf      0.0        
 600         -11.64672   0.01362     -11.6331    105.36   0.00269     1e-05       3.06      3.06      3.06      20.253    103173512387.4591 398.15   0.00339    
 700         -11.64736   0.01425     -11.63311   110.27   0.00312     1e-05       3.06      3.06      3.06      20.253    103264476709.81218 378.32   0.00365    
 800         -11.6471    0.014       -11.6331    108.27   0.00368     1e-05       3.06      3.06      3.06      20.253    103217541625.4428 344.99   0.00397    
 900         -11.65079   0.01768     -11.63311   136.8    0.0034      1e-05       3.06      3.06      3.06      20.253    103388043141.71796 403.8    0.00381    
 1000        -11.65162   0.01851     -11.63311   143.2    0.00501     1e-05       3.06      3.06      3.06      20.253    103496601532.7181 340.22   0.00463    
 1100        -11.64319   0.01009     -11.6331    78.06    0.0071      1e-05       3.06      3.06      3.06      20.253    102978440363.51389 210.93   0.00551    
 1200        -11.64998   0.01687     -11.63311   130.55   0.00765     1e-05       3.06      3.06      3.06      20.253    103413565333.20473 262.74   0.00572    
 1300        -11.64834   0.01524     -11.6331    117.9    0.00932     1e-05       3.06      3.06      3.06      20.253    103264752558.96626 226.25   0.00631    
 1400        -11.6497    0.0166      -11.63311   128.39   0.01144     1e-05       3.06      3.06      3.06      20.253    103392230117.9227 213.14   0.00699    
 1500        -11.64351   0.01041     -11.6331    80.52    0.01494     2e-05       3.06      3.06      3.06      20.253    103018942016.83458 147.71   0.00799    

Time averages:
             Epot        Ekin        Etot        Temp     MSD         Self_diff   Pressure    Spec_heat   DebyeT   Lindemann  
             eV/atom     eV/atom     eV/atom     K        Å^2         mm^2/s      Pa          J/(K*Kg)    K        1          
             -11.64783   0.01473     -11.63311   113.93   0.00683     1e-05       103260810578.75925 118.29451   292.62   0.0052     