Material ID: 0087
Unit cell composition: Cu125
Material:  Cu
Site positions of initial unit cell:
 Cu         
 1.14480    
 8.27375    
 11.12788   
Properties:
 Time        Epot        Ekin        Etot        Temp     MSD         Self_diff   LC_a      LC_b      LC_c      Volume      Pressure    DebyeT   Lindemann  
 fs          eV/atom     eV/atom     eV/atom     K        Å^2         mm^2/s      Å         Å         Å         Å^3/atom    Pa          K        1          
 500         1.52675     0.02789     1.55464     215.8    0.0         0.0         2.29      11.843    22.748    603.475   -6803455118.2553 inf      0.0        
 600         -0.53789    2.09256     1.55467     16188.74 3.85077     0.0107      2.29      11.843    22.748    603.475   210779089.65814 169.95   0.17141    
 700         -0.34751    1.9023      1.55479     14716.86 18.1649     0.04325     2.29      11.843    22.748    603.475   60562448.48107 74.61    0.3723     
 800         -0.33947    1.89424     1.55477     14654.5  41.9224     0.08734     2.29      11.843    22.748    603.475   53379220.02594 49.01    0.56558    
 900         -0.26534    1.82019     1.55485     14081.6  72.86259    0.13493     2.29      11.843    22.748    603.475   -3924036.99515 36.44    0.74563    
 1000        -0.2867     1.84148     1.55479     14246.36 110.06298   0.18344     2.29      11.843    22.748    603.475   40640612.93435 29.82    0.91641    
 1100        -0.27193    1.82663     1.5547      14131.44 153.71974   0.23291     2.29      11.843    22.748    603.475   -74477296.8374 25.13    1.08302    
 1200        -0.42018    1.97482     1.55464     15277.93 201.59901   0.28        2.29      11.843    22.748    603.475   104930520.99892 22.82    1.24027    
 1300        -0.39562    1.95033     1.55472     15088.45 252.49846   0.32372     2.29      11.843    22.748    603.475   90388831.49801 20.26    1.38803    
 1400        -0.32982    1.8845      1.55468     14579.17 309.44868   0.36839     2.29      11.843    22.748    603.475   -35924556.97144 17.99    1.53662    
 1500        -0.396      1.9507      1.55469     15091.28 370.59158   0.41177     2.29      11.843    22.748    603.475   95787114.87661 16.73    1.68158    
 1600        -0.37622    1.93098     1.55476     14938.77 435.27114   0.45341     2.29      11.843    22.748    603.475   54128320.45946 15.36    1.82243    

Time averages:
             Epot        Ekin        Etot        Temp     MSD         Self_diff   Pressure    Spec_heat   DebyeT   Lindemann  
             eV/atom     eV/atom     eV/atom     K        Å^2         mm^2/s      Pa          J/(K*Kg)    K        1          
             -0.34288    1.89762     1.55474     14680.64 196.61415   0.2751      38549117.84704 196.36077   30.82    1.13519    