Material ID: 0104
Unit cell composition: Ag375Ge125
Material:  Ag3Ge
Site positions:
Ag                      Ge
2.0814125                      2.0814125                      0.0                      0.0                      
0.0                      2.0814125                      2.0814125                      0.0                      
2.0814125                      0.0                      2.0814125                      0.0                      
Properties:
 Time        Epot        Ekin        Etot        Temp     MSD         Self_diff   LC_a      LC_b      LC_c      Volume      Pressure   
 fs          eV/atom     eV/atom     eV/atom     K        Å^2         mm^2/s      Å         Å         Å         Å^3/atom    eV/Å^3     
 1500        -11.77499   0.02493     -11.75006   192.85   0.0         0.0         4.246     4.246     4.246     19.138    0.74842    
 1800        -11.81086   0.06073     -11.75013   469.83   0.09873     9e-05       4.246     4.246     4.246     19.138    0.6746     
 2100        -12.11828   0.36742     -11.75086   2842.52  1.64359     0.0013      4.246     4.246     4.246     19.138    0.27594    
 2400        -12.24124   0.48865     -11.75259   3780.4   2.79912     0.00194     4.246     4.246     4.246     19.138    0.19975    
 2700        -12.28827   0.53578     -11.75249   4144.95  3.19186     0.00197     4.246     4.246     4.246     19.138    0.1791     
 3000        -12.36384   0.61004     -11.7538    4719.44  3.42314     0.0019      4.246     4.246     4.246     19.138    0.20629    
 3300        -12.35505   0.60107     -11.75398   4650.08  3.50813     0.00177     4.246     4.246     4.246     19.138    0.19373    
 3600        -12.35187   0.59833     -11.75354   4628.85  3.53254     0.00164     4.246     4.246     4.246     19.138    0.20631    
 3900        -12.33768   0.58462     -11.75307   4522.8   3.89609     0.00166     4.246     4.246     4.246     19.138    0.18819    
 4200        -12.36122   0.60799     -11.75324   4703.6   3.85382     0.00153     4.246     4.246     4.246     19.138    0.20386    
 4500        -12.38331   0.63006     -11.75325   4874.38  4.06889     0.00151     4.246     4.246     4.246     19.138    0.19707    

Time averages:
             Epot        Ekin        Etot        Temp     MSD         Self_diff   Pressure    Spec_heat  
             eV/atom     eV/atom     eV/atom     K        Å^2         mm^2/s      eV/Å^3      J/(K*Kg)   
             -12.26116   0.50847     -11.75269   3933.68  3.00159     0.00169     0.25248     -3.60077   