Material ID: 0299
Unit cell composition: Mg125
Material:  Mg
Site positions of initial unit cell:
 Mg         
 0.00000    
 0.00000    
 0.00000    
Properties:
 Time        Epot        Ekin        Etot        Temp     MSD         Self_diff   LC_a      LC_b      LC_c      Volume      Pressure    DebyeT   Lindemann  
 fs          eV/atom     eV/atom     eV/atom     K        Å^2         mm^2/s      Å         Å         Å         Å^3/atom    Pa          K        1          
 500         -0.30163    0.0267      -0.27493    206.58   0.0         0.0         3.177     3.177     3.286     28.73     2637736436.69102 inf      0.0        
 600         -0.29731    0.02239     -0.27493    173.18   0.19274     0.00054     3.177     3.177     3.286     28.73     1976235206.43658 127.04   0.02764    
 700         -0.30687    0.03194     -0.27493    247.11   0.60166     0.00143     3.177     3.177     3.286     28.73     1693549887.98811 85.89    0.04883    
 800         -0.31515    0.04022     -0.27493    311.18   1.22242     0.00255     3.177     3.177     3.286     28.73     1245665131.06696 67.62    0.0696     
 900         -0.32785    0.05293     -0.27493    409.46   1.98062     0.00367     3.177     3.177     3.286     28.73     1189057455.71447 60.94    0.08859    
 1000        -0.32845    0.05352     -0.27493    414.03   2.72358     0.00454     3.177     3.177     3.286     28.73     1047407370.5212 52.26    0.10388    
 1100        -0.33048    0.05555     -0.27493    429.73   3.34482     0.00507     3.177     3.177     3.286     28.73     731244223.33065 48.04    0.11512    
 1200        -0.33556    0.06063     -0.27493    469.08   3.86182     0.00536     3.177     3.177     3.286     28.73     777339740.2676 46.71    0.1237     
 1300        -0.33507    0.06014     -0.27493    465.26   4.23732     0.00543     3.177     3.177     3.286     28.73     978477467.65668 44.41    0.12957    
 1400        -0.33213    0.0572      -0.27493    442.52   4.93612     0.00588     3.177     3.177     3.286     28.73     934358743.64859 40.13    0.13985    
 1500        -0.33694    0.06201     -0.27493    479.73   5.72193     0.00636     3.177     3.177     3.286     28.73     1080828887.94747 38.81    0.15057    

Time averages:
             Epot        Ekin        Etot        Temp     MSD         Self_diff   Pressure    Spec_heat   DebyeT   Lindemann  
             eV/atom     eV/atom     eV/atom     K        Å^2         mm^2/s      Pa          J/(K*Kg)    K        1          
             -0.32458    0.04965     -0.27493    384.13   2.8823      0.00448     1165416411.45783 537.04727   61.18    0.09973    