Material ID: 0207
Unit cell composition: Co5750
Material:  Co
Site positions of initial unit cell:
 Co          Co          Co          Co          Co          Co          Co          Co          Co          Co          Co          Co          Co          Co          Co          Co          Co          Co          Co          Co          Co          Co          Co          Co          Co          Co          Co          Co          Co          Co          Co          Co          Co          Co          Co          Co          Co          Co          Co          Co          Co          Co          Co          Co          Co          Co         
 0.00000     1.92468     -0.00000    -1.95467    5.63621     1.95466     2.01534     0.00000     -0.00000    1.79295     3.93001     0.00000     0.00000     5.93534     2.06886     3.93001     -0.00000    5.79115     2.00532     -1.79294    3.93000     1.97534     1.86114     1.70620     2.13705     -2.00533    3.93001     3.93000     -0.00000    0.00000     5.72295     3.93001     0.00000     -1.86114    5.94533     -0.00000    3.93001     3.93001     3.93001     -2.01533    2.22381     0.00000     1.91467     -0.00000    -1.70621    5.88468    
 0.00000     1.11121     2.56783     3.40945     1.28391     3.40945     5.70153     0.00000     6.79504     3.50282     4.58454     0.00000     2.38892     1.11121     1.19446     4.41805     4.53798     1.19446     5.69576     3.50282     0.19867     3.39751     5.61251     5.52306     3.30415     5.69576     0.01193     4.59610     4.53798     2.21087     3.30415     2.26899     6.60829     5.61251     1.10544     2.22243     2.26899     2.26899     4.23914     5.70153     1.28391     0.00000     1.10544     4.53798     5.52306     3.39751    
 3.40731     4.62941     2.20532     0.93587     7.04850     0.93587     7.03434     8.25049     0.93587     8.20222     4.62941     1.01060     4.63200     4.62941     9.47519     9.47519     3.72016     9.47519     9.47259     8.20222     3.35903     5.77905     4.63200     2.20532     3.35903     9.47259     5.77905     2.19115     6.57488     7.03434     3.35903     1.73169     8.20222     4.63200     2.19115     9.47259     8.56334     4.74297     7.04850     7.03434     7.04850     5.85378     2.19115     9.58616     2.20532     5.77905    
Properties:
 Time        Epot        Ekin        Etot        Temp     MSD         Self_diff   LC_a      LC_b      LC_c      Volume      Pressure    DebyeT   Lindemann  
 fs          eV/atom     eV/atom     eV/atom     K        Å^2         mm^2/s      Å         Å         Å         Å^3/atom    Pa          K        1          
 500         -9.74534    0.02589     -9.71945    200.3    0.0         0.0         7.86      7.86      9.686     11.266    23563255524.68064 inf      0.0        
 600         -9.76131    0.04187     -9.71944    323.91   0.04775     0.00013     7.86      7.86      9.686     11.266    24460655308.10626 224.18   2e-05      
 700         -9.81054    0.09107     -9.71947    704.55   0.11693     0.00028     7.86      7.86      9.686     11.266    27737504974.91128 211.28   3e-05      
 800         -9.82247    0.10299     -9.71948    796.79   0.14453     0.0003      7.86      7.86      9.686     11.266    28837141418.76506 202.09   4e-05      
 900         -9.82965    0.11016     -9.71949    852.21   0.17795     0.00033     7.86      7.86      9.686     11.266    29226924953.32633 188.36   4e-05      
 1000        -9.83334    0.11384     -9.7195     880.67   0.20325     0.00034     7.86      7.86      9.686     11.266    29597178904.26364 179.16   5e-05      
 1100        -9.83373    0.11422     -9.71951    883.66   0.20921     0.00032     7.86      7.86      9.686     11.266    29628502484.6608 176.89   5e-05      
 1200        -9.83488    0.11536     -9.71952    892.48   0.2247      0.00031     7.86      7.86      9.686     11.266    29692666894.8293 171.54   5e-05      
 1300        -9.83543    0.11591     -9.71952    896.68   0.23459     0.0003      7.86      7.86      9.686     11.266    29774172660.87388 168.28   5e-05      
 1400        -9.83713    0.11761     -9.71953    909.85   0.23656     0.00028     7.86      7.86      9.686     11.266    29886191496.28165 168.8    5e-05      
 1500        -9.83603    0.11651     -9.71952    901.38   0.24945     0.00028     7.86      7.86      9.686     11.266    29713985483.77682 163.61   5e-05      

Time averages:
             Epot        Ekin        Etot        Temp     MSD         Self_diff   Pressure    Spec_heat   DebyeT   Lindemann  
             eV/atom     eV/atom     eV/atom     K        Å^2         mm^2/s      Pa          J/(K*Kg)    K        1          
             -9.82345    0.10395     -9.7195     804.22   0.18449     0.0003      28855492457.9795 -549.79288  185.42   4e-05      