Material ID: 0308
Unit cell composition: Pd500
Material:  Pd
Site positions of initial unit cell:
 Pd          Pd          Pd          Pd         
 0.00000     -0.00000    0.00000     1.39885    
 0.00000     1.61525     0.00000     0.80762    
 0.00000     2.28701     4.57402     6.86103    
Properties:
 Time        Epot        Ekin        Etot        Temp     MSD         Self_diff   LC_a      LC_b      LC_c      Volume      Pressure    DebyeT   Lindemann  
 fs          eV/atom     eV/atom     eV/atom     K        Å^2         mm^2/s      Å         Å         Å         Å^3/atom    Pa          K        1          
 500         -10.48447   0.02702     -10.45745   209.05   0.0         0.0         2.854     2.854     9.331     16.451    87603794478.44293 inf      0.0        
 600         -10.49333   0.03587     -10.45745   277.53   0.00574     2e-05       2.854     2.854     9.331     16.451    88652576577.4432 445.46   0.00751    
 700         -10.48393   0.02648     -10.45745   204.82   0.01143     3e-05       2.854     2.854     9.331     16.451    87881019765.54195 271.15   0.0106     
 800         -10.50139   0.04393     -10.45746   339.88   0.00943     2e-05       2.854     2.854     9.331     16.451    89211198504.4694 384.54   0.00962    
 900         -10.47653   0.0191      -10.45744   147.74   0.01156     2e-05       2.854     2.854     9.331     16.451    87486487509.82959 229.02   0.01065    
 1000        -10.49541   0.03796     -10.45745   293.67   0.01479     2e-05       2.854     2.854     9.331     16.451    88789457065.83025 285.38   0.01206    
 1100        -10.49461   0.03715     -10.45746   287.38   0.02419     4e-05       2.854     2.854     9.331     16.451    88680165722.02168 220.76   0.01542    
 1200        -10.48711   0.02967     -10.45745   229.5    0.02921     4e-05       2.854     2.854     9.331     16.451    88140156068.22401 179.52   0.01694    
 1300        -10.48125   0.02381     -10.45745   184.17   0.03142     4e-05       2.854     2.854     9.331     16.451    87712944324.55962 155.07   0.01757    
 1400        -10.48504   0.02759     -10.45745   213.44   0.03865     5e-05       2.854     2.854     9.331     16.451    88016290851.25587 150.51   0.01949    
 1500        -10.49157   0.03412     -10.45745   263.98   0.05209     6e-05       2.854     2.854     9.331     16.451    88489802272.33278 144.19   0.02262    

Time averages:
             Epot        Ekin        Etot        Temp     MSD         Self_diff   Pressure    Spec_heat   DebyeT   Lindemann  
             eV/atom     eV/atom     eV/atom     K        Å^2         mm^2/s      Pa          J/(K*Kg)    K        1          
             -10.48902   0.03157     -10.45745   244.21   0.02285     4e-05       88306009866.15083 135.76233   246.56   0.01425    