Material ID: 0038
Unit cell composition: Ag125Hg375
Material:  AgHg3
Site positions of initial unitcell:
 Ag          Hg          Hg          Hg         
 0.00000     0.00000     2.25245     2.25245    
 0.00000     2.25245     0.00000     2.25245    
 0.00000     2.25245     2.25245     0.00000    
Properties:
 Time        Epot        Ekin        Etot        Temp     MSD         Self_diff   LC_a      LC_b      LC_c      Volume      Pressure   
 fs          eV/atom     eV/atom     eV/atom     K        Å^2         mm^2/s      Å         Å         Å         Å^3/atom    eV/Å^3     
 1500        -0.88738    0.02652     -0.86086    205.14   0.0         0.0         4.55      4.55      4.55      23.548    0.06406    
 1800        -0.97298    0.11208     -0.86091    867.07   0.37057     0.00034     4.55      4.55      4.55      23.548    0.03705    
 2100        -1.08221    0.22124     -0.86097    1711.59  1.6514      0.00131     4.55      4.55      4.55      23.548    0.01904    
 2400        -1.1777     0.31667     -0.86104    2449.86  3.59227     0.00249     4.55      4.55      4.55      23.548    0.01439    
 2700        -1.24253    0.38147     -0.86106    2951.17  6.22211     0.00384     4.55      4.55      4.55      23.548    0.00858    
 3000        -1.33356    0.47243     -0.86113    3654.86  9.46146     0.00526     4.55      4.55      4.55      23.548    0.01261    
 3300        -1.40515    0.5438      -0.86135    4207.04  13.29566    0.00671     4.55      4.55      4.55      23.548    -0.00268   
 3600        -1.46822    0.60689     -0.86133    4695.14  17.8471     0.00826     4.55      4.55      4.55      23.548    0.00442    
 3900        -1.51348    0.65229     -0.86118    5046.36  22.11563    0.00945     4.55      4.55      4.55      23.548    -0.00476   
 4200        -1.53406    0.67253     -0.86153    5202.96  27.67349    0.01098     4.55      4.55      4.55      23.548    -0.00408   
 4500        -1.59033    0.72873     -0.8616     5637.7   33.44325    0.01239     4.55      4.55      4.55      23.548    -0.00223   

Time averages:
             Epot        Ekin        Etot        Temp     MSD         Self_diff   Pressure    Spec_heat  
             eV/atom     eV/atom     eV/atom     K        Å^2         mm^2/s      eV/Å^3      J/(K*Kg)   
             -1.33202    0.47081     -0.86121    3642.38  13.56729    0.00674     0.00823     -1.23      