Material ID: 0224
Unit cell composition: Pd125
Material:  Pd
Site positions of initial unit cell:
 Pd         
 0.00000    
 0.00000    
 0.00000    
Properties:
 Time        Epot        Ekin        Etot        Temp     MSD         Self_diff   LC_a      LC_b      LC_c      Volume      Pressure    DebyeT   Lindemann  
 fs          eV/atom     eV/atom     eV/atom     K        Å^2         mm^2/s      Å         Å         Å         Å^3/atom    Pa          K        1          
 500         -9.94609    0.02765     -9.91844    213.95   0.0         0.0         2.91      2.91      2.91      17.424    97286567549.52486 inf      0.0        
 600         -9.93318    0.01475     -9.91843    114.12   0.00221     1e-05       2.91      2.91      2.91      17.424    96410521432.95705 460.54   0.00323    
 700         -9.93285    0.01442     -9.91843    111.55   0.00296     1e-05       2.91      2.91      2.91      17.424    96414478206.33073 392.97   0.00374    
 800         -9.93187    0.01343     -9.91843    103.93   0.00491     1e-05       2.91      2.91      2.91      17.424    96369888230.21692 294.82   0.00481    
 900         -9.93466    0.01623     -9.91843    125.55   0.00636     1e-05       2.91      2.91      2.91      17.424    96542910508.82043 284.49   0.00548    
 1000        -9.92798    0.00955     -9.91843    73.85    0.00952     2e-05       2.91      2.91      2.91      17.424    96089462868.40327 178.44   0.0067     
 1100        -9.93108    0.01265     -9.91843    97.85    0.01275     2e-05       2.91      2.91      2.91      17.424    96329881852.83334 177.47   0.00776    
 1200        -9.92961    0.01117     -9.91843    86.44    0.01622     2e-05       2.91      2.91      2.91      17.424    96209188016.71542 147.88   0.00875    
 1300        -9.93074    0.01231     -9.91843    95.22    0.02075     3e-05       2.91      2.91      2.91      17.424    96278561211.7703 137.2    0.0099     
 1400        -9.9333     0.01486     -9.91843    114.99   0.02455     3e-05       2.91      2.91      2.91      17.424    96438339035.43227 138.62   0.01077    
 1500        -9.93274    0.01431     -9.91843    110.71   0.03043     3e-05       2.91      2.91      2.91      17.424    96376429924.0402 122.18   0.01199    

Time averages:
             Epot        Ekin        Etot        Temp     MSD         Self_diff   Pressure    Spec_heat   DebyeT   Lindemann  
             eV/atom     eV/atom     eV/atom     K        Å^2         mm^2/s      Pa          J/(K*Kg)    K        1          
             -9.9318     0.01337     -9.91843    103.42   0.01307     2e-05       96345966128.75198 118.76132   233.46   0.00731    