Material ID: 0081
Unit cell composition: Cu125
Material:  Cu
Site positions of initial unit cell:
 Cu         
 0.00000    
 0.00000    
 0.00000    
Properties:
 Time        Epot        Ekin        Etot        Temp     MSD         Self_diff   LC_a      LC_b      LC_c      Volume      Pressure    DebyeT   Lindemann  
 fs          eV/atom     eV/atom     eV/atom     K        Å^2         mm^2/s      Å         Å         Å         Å^3/atom    eV/Å^3      K        1          
 1000        -15.62051   0.02557     -15.59494   197.83   0.0         0.0         2.442     2.442     2.442     11.176    -1.44599    inf      0.0        
 1200        -15.76066   0.16468     -15.59597   1274.06  0.07479     0.0001      2.442     2.442     2.442     11.176    -1.40961    342.09   0.0224     
 1400        -15.75974   0.1642      -15.59554   1270.32  0.10872     0.00013     2.442     2.442     2.442     11.176    -1.41893    283.32   0.02701    
 1600        -15.74961   0.15426     -15.59535   1193.42  0.11031     0.00011     2.442     2.442     2.442     11.176    -1.41526    272.64   0.0272     
 1800        -15.77663   0.18106     -15.59557   1400.73  0.21323     0.0002      2.442     2.442     2.442     11.176    -1.4029     212.44   0.03782    
 2000        -15.74096   0.14501     -15.59595   1121.85  0.19831     0.00017     2.442     2.442     2.442     11.176    -1.41997    197.14   0.03647    
 2200        -15.78788   0.19169     -15.59619   1482.98  0.25445     0.00019     2.442     2.442     2.442     11.176    -1.40047    200.1    0.04132    
 2400        -15.78858   0.19205     -15.59653   1485.76  0.33063     0.00023     2.442     2.442     2.442     11.176    -1.40172    175.71   0.0471     
 2600        -15.78611   0.18971     -15.5964    1467.65  0.40905     0.00026     2.442     2.442     2.442     11.176    -1.40499    157.0    0.05238    
 2800        -15.79502   0.19913     -15.59589   1540.54  0.48746     0.00029     2.442     2.442     2.442     11.176    -1.39912    147.35   0.05719    
 3000        -15.79433   0.19769     -15.59664   1529.43  0.57858     0.00032     2.442     2.442     2.442     11.176    -1.39655    134.76   0.0623     
 3200        -15.79067   0.19426     -15.59641   1502.88  0.76998     0.0004      2.442     2.442     2.442     11.176    -1.40043    115.8    0.07187    
 3400        -15.77187   0.17601     -15.59586   1361.7   0.91092     0.00045     2.442     2.442     2.442     11.176    -1.41025    101.34   0.07817    
 3600        -15.77814   0.18179     -15.59635   1406.42  0.99568     0.00046     2.442     2.442     2.442     11.176    -1.40312    98.51    0.08173    
 3800        -15.77644   0.18052     -15.59592   1396.56  1.20192     0.00053     2.442     2.442     2.442     11.176    -1.41156    89.35    0.0898     

Time averages:
             Epot        Ekin        Etot        Temp     MSD         Self_diff   Pressure    Spec_heat   DebyeT   Lindemann  
             eV/atom     eV/atom     eV/atom     K        Å^2         mm^2/s      eV/Å^3      J/(K*Kg)    K        1          
             -15.781     0.18479     -15.59621   1429.58  0.6137      0.00035     -1.40482    440.77447   141.71   0.06183    