Material ID: 0169
Unit cell composition: Ni250
Material:  Ni
Site positions of initial unit cell:
 Ni          Ni         
 -0.00000    1.20834    
 1.39527     0.69764    
 5.74724     7.76811    
Properties:
 Time        Epot        Ekin        Etot        Temp     MSD         Self_diff   LC_a      LC_b      LC_c      Volume      Pressure    DebyeT   Lindemann  
 fs          eV/atom     eV/atom     eV/atom     K        Å^2         mm^2/s      Å         Å         Å         Å^3/atom    Pa          K        1          
 500         -11.2002    0.02565     -11.17456   198.41   0.0         0.0         2.513     2.513     14.056    38.447    24243910498.02156 inf      0.0        
 600         -11.19921   0.02463     -11.17458   190.53   0.00326     1e-05       2.513     2.513     14.056    38.447    21426808846.91557 659.58   0.00157    
 700         -11.19092   0.01637     -11.17454   126.67   0.01104     3e-05       2.513     2.513     14.056    38.447    17718103432.26815 292.17   0.0029     
 800         -11.20698   0.03239     -11.17459   250.58   0.02191     5e-05       2.513     2.513     14.056    38.447    20495313149.27321 291.66   0.00408    
 900         -11.20125   0.0267      -11.17455   206.54   0.0385      7e-05       2.513     2.513     14.056    38.447    22268750100.79888 199.75   0.00541    
 1000        -11.22032   0.04568     -11.17464   353.43   0.05998     0.0001      2.513     2.513     14.056    38.447    19397612008.44682 209.35   0.00676    
 1100        -11.2035    0.02894     -11.17455   223.9    0.08674     0.00013     2.513     2.513     14.056    38.447    15586131711.27104 138.56   0.00813    
 1200        -11.21569   0.0411      -11.17459   317.94   0.11691     0.00016     2.513     2.513     14.056    38.447    18058484116.1052 142.22   0.00943    
 1300        -11.22074   0.04616     -11.17458   357.07   0.15219     0.0002      2.513     2.513     14.056    38.447    20425624551.77968 132.11   0.01076    
 1400        -11.21737   0.04277     -11.1746    330.88   0.19341     0.00023     2.513     2.513     14.056    38.447    17509928473.60672 112.81   0.01213    
 1500        -11.20407   0.02951     -11.17455   228.33   0.23844     0.00026     2.513     2.513     14.056    38.447    15475043177.81339 84.4     0.01347    

Time averages:
             Epot        Ekin        Etot        Temp     MSD         Self_diff   Pressure    Spec_heat   DebyeT   Lindemann  
             eV/atom     eV/atom     eV/atom     K        Å^2         mm^2/s      Pa          J/(K*Kg)    K        1          
             -11.20801   0.03342     -11.17458   258.59   0.09224     0.00014     18836179956.82786 238.326     226.26   0.00746    