Material ID: 0124
Unit cell composition: Zn250
Material:  Zn
Site positions of initial unit cell:
 Zn          Zn         
 -0.00000    1.31337    
 1.51654     0.75827    
 1.30181     3.90543    
Properties:
 Time        Epot        Ekin        Etot        Temp     MSD         Self_diff   LC_a      LC_b      LC_c      Volume      Pressure    DebyeT   Lindemann  
 fs          eV/atom     eV/atom     eV/atom     K        Å^2         mm^2/s      Å         Å         Å         Å^3/atom    Pa          K        1          
 500         -0.79841    0.02876     -0.76965    222.48   0.0         0.0         2.732     2.732     5.416     17.5      11567040918.56135 inf      0.0        
 600         -0.82197    0.05232     -0.76965    404.78   0.09915     0.00028     2.732     2.732     5.416     17.5      9807449734.78052 165.11   0.01893    
 700         -0.84244    0.07279     -0.76965    563.14   0.29266     0.0007      2.732     2.732     5.416     17.5      5839657193.27378 113.35   0.03253    
 800         -0.83375    0.0641      -0.76965    495.88   0.36289     0.00076     2.732     2.732     5.416     17.5      7744427429.8439 95.52    0.03622    
 900         -0.85089    0.08124     -0.76965    628.49   0.5893      0.00109     2.732     2.732     5.416     17.5      6588142553.55462 84.39    0.04616    
 1000        -0.87157    0.10192     -0.76965    788.47   0.88756     0.00148     2.732     2.732     5.416     17.5      5408011021.97528 77.02    0.05665    
 1100        -0.88471    0.11505     -0.76966    890.06   1.23707     0.00187     2.732     2.732     5.416     17.5      4618706494.07115 69.31    0.06688    
 1200        -0.90082    0.13116     -0.76966    1014.67  1.63849     0.00228     2.732     2.732     5.416     17.5      3490953295.99281 64.31    0.07697    
 1300        -0.90224    0.13258     -0.76966    1025.69  1.92946     0.00247     2.732     2.732     5.416     17.5      3459212720.94303 59.58    0.08352    
 1400        -0.90272    0.13306     -0.76966    1029.42  2.25456     0.00268     2.732     2.732     5.416     17.5      4074838843.21173 55.22    0.09029    
 1500        -0.89881    0.12915     -0.76966    999.12   2.53526     0.00282     2.732     2.732     5.416     17.5      3982965442.06848 51.3     0.09574    

Time averages:
             Epot        Ekin        Etot        Temp     MSD         Self_diff   Pressure    Spec_heat   DebyeT   Lindemann  
             eV/atom     eV/atom     eV/atom     K        Å^2         mm^2/s      Pa          J/(K*Kg)    K        1          
             -0.87099    0.10134     -0.76965    783.97   1.18264     0.00179     5501436472.97153 215.49596   83.51    0.06039    