Material ID: 0209
Unit cell composition: Co5750
Material:  Co
Site positions of initial unit cell:
 Co          Co          Co          Co          Co          Co          Co          Co          Co          Co          Co          Co          Co          Co          Co          Co          Co          Co          Co          Co          Co          Co          Co          Co          Co          Co          Co          Co          Co          Co          Co          Co          Co          Co          Co          Co          Co          Co          Co          Co          Co          Co          Co          Co          Co          Co         
 0.00000     1.92468     -0.00000    -1.95467    5.63621     1.95466     2.01534     0.00000     -0.00000    1.79295     3.93001     0.00000     0.00000     5.93534     2.06886     3.93001     -0.00000    5.79115     2.00532     -1.79294    3.93000     1.97534     1.86114     1.70620     2.13705     -2.00533    3.93001     3.93000     -0.00000    0.00000     5.72295     3.93001     0.00000     -1.86114    5.94533     -0.00000    3.93001     3.93001     3.93001     -2.01533    2.22381     0.00000     1.91467     -0.00000    -1.70621    5.88468    
 0.00000     1.11121     2.56783     3.40945     1.28391     3.40945     5.70153     0.00000     6.79504     3.50282     4.58454     0.00000     2.38892     1.11121     1.19446     4.41805     4.53798     1.19446     5.69576     3.50282     0.19867     3.39751     5.61251     5.52306     3.30415     5.69576     0.01193     4.59610     4.53798     2.21087     3.30415     2.26899     6.60829     5.61251     1.10544     2.22243     2.26899     2.26899     4.23914     5.70153     1.28391     0.00000     1.10544     4.53798     5.52306     3.39751    
 3.40731     4.62941     2.20532     0.93587     7.04850     0.93587     7.03434     8.25049     0.93587     8.20222     4.62941     1.01060     4.63200     4.62941     9.47519     9.47519     3.72016     9.47519     9.47259     8.20222     3.35903     5.77905     4.63200     2.20532     3.35903     9.47259     5.77905     2.19115     6.57488     7.03434     3.35903     1.73169     8.20222     4.63200     2.19115     9.47259     8.56334     4.74297     7.04850     7.03434     7.04850     5.85378     2.19115     9.58616     2.20532     5.77905    
Properties:
 Time        Epot        Ekin        Etot        Temp     MSD         Self_diff   LC_a      LC_b      LC_c      Volume      Pressure    DebyeT   Lindemann  
 fs          eV/atom     eV/atom     eV/atom     K        Å^2         mm^2/s      Å         Å         Å         Å^3/atom    Pa          K        1          
 500         -8.76745    0.02548     -8.74197    197.13   0.0         0.0         8.174     8.174     10.074    12.673    55835094669.46838 inf      0.0        
 600         -8.94088    0.19861     -8.74227    1536.55  0.09028     0.00025     8.174     8.174     10.074    12.673    73254226797.47557 355.08   3e-05      
 700         -9.01158    0.26923     -8.74236    2082.85  0.14522     0.00035     8.174     8.174     10.074    12.673    77552437348.03578 325.96   4e-05      
 800         -9.00204    0.2597      -8.74234    2009.17  0.21072     0.00044     8.174     8.174     10.074    12.673    76208616386.40479 265.77   5e-05      
 900         -9.00574    0.26341     -8.74234    2037.82  0.25006     0.00046     8.174     8.174     10.074    12.673    76104993983.38367 245.7    5e-05      
 1000        -9.00312    0.26079     -8.74233    2017.53  0.28459     0.00047     8.174     8.174     10.074    12.673    75568141779.17104 229.17   5e-05      
 1100        -9.00713    0.26481     -8.74232    2048.66  0.30113     0.00046     8.174     8.174     10.074    12.673    76001959295.7867 224.5    5e-05      
 1200        -9.01228    0.26993     -8.74234    2088.29  0.31596     0.00044     8.174     8.174     10.074    12.673    76177659753.71336 221.28   6e-05      
 1300        -9.01459    0.27225     -8.74234    2106.2   0.34235     0.00044     8.174     8.174     10.074    12.673    76415997599.59863 213.48   6e-05      
 1400        -9.00949    0.26715     -8.74233    2066.78  0.35462     0.00042     8.174     8.174     10.074    12.673    75949282302.59521 207.79   6e-05      
 1500        -9.01291    0.27057     -8.74235    2093.2   0.3608      0.0004      8.174     8.174     10.074    12.673    76076051038.51405 207.31   6e-05      

Time averages:
             Epot        Ekin        Etot        Temp     MSD         Self_diff   Pressure    Spec_heat   DebyeT   Lindemann  
             eV/atom     eV/atom     eV/atom     K        Å^2         mm^2/s      Pa          J/(K*Kg)    K        1          
             -9.00198    0.25965     -8.74233    2008.7   0.26557     0.00043     75930936628.46788 263.06961   249.6    5e-05      