Material ID: 0015
Unit cell composition: Ag125I125
Material:  AgI
Site positions of initial unitcell:
 Ag          I          
 0.00000     1.92750    
 0.00000     1.92750    
 0.00000     1.92750    
Properties:
 Time        Epot        Ekin        Etot        Temp     MSD         Self_diff   LC_a      LC_b      LC_c      Volume      Pressure   
 fs          eV/atom     eV/atom     eV/atom     K        Å^2         mm^2/s      Å         Å         Å         Å^3/atom    eV/Å^3     
 1500        -6.79882    0.02309     -6.77572    178.66   0.0         0.0         3.778     3.778     3.778     26.96     0.41421    
 1800        -7.52676    0.74926     -6.7775     5796.51  1.34871     0.00125     3.778     3.778     3.778     26.96     0.17158    
 2100        -7.91744    1.1386      -6.77884    8808.62  4.74098     0.00376     3.778     3.778     3.778     26.96     0.14794    
 2400        -7.92211    1.14356     -6.77855    8847.01  8.30538     0.00577     3.778     3.778     3.778     26.96     0.10346    
 2700        -8.04769    1.26789     -6.7798     9808.83  11.83596    0.00731     3.778     3.778     3.778     26.96     0.12859    
 3000        -8.08861    1.30832     -6.7803     10121.61 15.02247    0.00835     3.778     3.778     3.778     26.96     0.12666    
 3300        -8.14362    1.36403     -6.77959    10552.62 17.24057    0.00871     3.778     3.778     3.778     26.96     0.11582    
 3600        -8.05221    1.27299     -6.77923    9848.26  19.85959    0.00919     3.778     3.778     3.778     26.96     0.11084    
 3900        -8.06038    1.28125     -6.77913    9912.18  22.61373    0.00966     3.778     3.778     3.778     26.96     0.12719    
 4200        -8.10583    1.32707     -6.77875    10266.71 24.55168    0.00974     3.778     3.778     3.778     26.96     0.11231    
 4500        -8.11391    1.33435     -6.77955    10323.01 25.74577    0.00954     3.778     3.778     3.778     26.96     0.1012     
 4800        -8.06536    1.2869      -6.77847    9955.89  28.38959    0.00986     3.778     3.778     3.778     26.96     0.11348    

Time averages:
             Epot        Ekin        Etot        Temp     MSD         Self_diff   Pressure    Spec_heat  
             eV/atom     eV/atom     eV/atom     K        Å^2         mm^2/s      eV/Å^3      J/(K*Kg)   
             -8.05172    1.2725      -6.77922    9844.47  17.83057    0.00868     0.11875     225.22136  