Material ID: 0040
Unit cell composition: Fe500
Material:  Fe
Site positions of initial unit cell:
 Fe          Fe          Fe          Fe         
 2.45285     0.91599     2.45314     0.91570    
 -0.00013    1.18586     -0.00036    1.18609    
 3.92871     5.89678     7.85942     1.96614    
Properties:
 Time        Epot        Ekin        Etot        Temp     MSD         Self_diff   LC_a      LC_b      LC_c      Volume      Pressure    DebyeT   Lindemann  
 fs          eV/atom     eV/atom     eV/atom     K        Å^2         mm^2/s      Å         Å         Å         Å^3/atom    eV/Å^3      K        1          
 1000        -5.97386    0.02646     -5.9474     204.68   0.0         0.0         2.355     2.355     7.546     10.117    -3.25462    inf      0.0        
 1200        -6.65885    0.65719     -6.00166    5084.22  0.11623     0.00016     2.355     2.355     7.546     10.117    -2.9539     584.78   0.04095    
 1400        -6.93208    0.92277     -6.00931    7138.89  0.492       0.00059     2.355     2.355     7.546     10.117    -2.82748    336.8    0.08426    
 1600        -6.85392    0.84952     -6.00439    6572.22  0.78075     0.00081     2.355     2.355     7.546     10.117    -2.86634    256.53   0.10614    
 1800        -6.93188    0.9231      -6.00878    7141.43  0.93954     0.00087     2.355     2.355     7.546     10.117    -2.82998    243.77   0.11644    
 2000        -6.88213    0.8763      -6.00583    6779.35  0.6982      0.00058     2.355     2.355     7.546     10.117    -2.8529     275.51   0.10037    
 2200        -6.90029    0.89464     -6.00565    6921.26  1.05831     0.0008      2.355     2.355     7.546     10.117    -2.84662    226.11   0.12358    
 2400        -6.9455     0.93684     -6.00866    7247.71  0.72903     0.00051     2.355     2.355     7.546     10.117    -2.82308    278.78   0.10257    
 2600        -6.89685    0.88873     -6.00812    6875.51  1.11098     0.00071     2.355     2.355     7.546     10.117    -2.84882    219.96   0.12661    
 2800        -6.92192    0.91459     -6.00733    7075.61  0.74742     0.00044     2.355     2.355     7.546     10.117    -2.83476    272.04   0.10385    
 3000        -6.9047     0.89768     -6.00702    6944.76  1.17685     0.00065     2.355     2.355     7.546     10.117    -2.84396    214.79   0.13031    
 3200        -6.91347    0.90452     -6.00895    6997.66  0.78461     0.00041     2.355     2.355     7.546     10.117    -2.8387     264.05   0.1064     
 3400        -6.93214    0.92059     -6.01155    7122.04  1.24267     0.00061     2.355     2.355     7.546     10.117    -2.8309     211.67   0.13391    

Time averages:
             Epot        Ekin        Etot        Temp     MSD         Self_diff   Pressure    Spec_heat   DebyeT   Lindemann  
             eV/atom     eV/atom     eV/atom     K        Å^2         mm^2/s      eV/Å^3      J/(K*Kg)    K        1          
             -6.90828    0.90065     -6.00763    6967.76  0.92684     0.00062     -2.84161    293.44174   246.32   0.11502    