Material ID: 0132
Unit cell composition: Ti125
Material:  Ti
Site positions of initial unit cell:
 Ti         
 0.00000    
 0.00000    
 0.00000    
Properties:
 Time        Epot        Ekin        Etot        Temp     MSD         Self_diff   LC_a      LC_b      LC_c      Volume      Pressure    DebyeT   Lindemann  
 fs          eV/atom     eV/atom     eV/atom     K        Å^2         mm^2/s      Å         Å         Å         Å^3/atom    Pa          K        1          
 500         -5.78359    0.02651     -5.75707    205.11   0.0         0.0         2.816     2.816     2.816     17.188    -353726647823.0509 inf      0.0        
 600         -5.85213    0.09512     -5.75701    735.9    0.05705     0.00016     2.816     2.816     2.816     17.188    -352506192549.9257 343.01   0.01696    
 700         -5.84251    0.08555     -5.75696    661.83   0.06391     0.00015     2.816     2.816     2.816     17.188    -352752589264.69965 307.33   0.01796    
 800         -5.84554    0.08854     -5.757      684.98   0.11532     0.00024     2.816     2.816     2.816     17.188    -352906297112.7272 232.76   0.02412    
 900         -5.93011    0.17307     -5.75704    1338.97  0.23147     0.00043     2.816     2.816     2.816     17.188    -349898597671.107 229.69   0.03417    
 1000        -5.90617    0.14904     -5.75713    1153.03  0.19408     0.00032     2.816     2.816     2.816     17.188    -350643682899.3837 232.78   0.03129    
 1100        -5.91177    0.15465     -5.75712    1196.45  0.21951     0.00033     2.816     2.816     2.816     17.188    -350701592373.2552 222.96   0.03328    
 1200        -5.92505    0.16775     -5.7573     1297.75  0.26932     0.00037     2.816     2.816     2.816     17.188    -350377809560.97754 209.64   0.03686    
 1300        -5.90502    0.1478      -5.75722    1143.44  0.22634     0.00029     2.816     2.816     2.816     17.188    -350966051516.3632 214.65   0.03379    
 1400        -5.92673    0.16932     -5.7574     1309.93  0.30452     0.00036     2.816     2.816     2.816     17.188    -350459234344.39404 198.07   0.03919    
 1500        -5.91087    0.15351     -5.75736    1187.6   0.2622      0.00029     2.816     2.816     2.816     17.188    -350813006795.0548 203.25   0.03637    

Time averages:
             Epot        Ekin        Etot        Temp     MSD         Self_diff   Pressure    Spec_heat   DebyeT   Lindemann  
             eV/atom     eV/atom     eV/atom     K        Å^2         mm^2/s      Pa          J/(K*Kg)    K        1          
             -5.89559    0.13844     -5.75715    1070.99  0.19437     0.00031     -351202505408.7888 270.78424   239.41   0.0304     