Material ID: 0270
Unit cell composition: Mg375
Material:  Mg
Site positions of initial unit cell:
 Mg          Mg          Mg         
 0.00000     4.95089     17.32955   
 0.00000     1.03261     3.61442    
 0.00000     0.61347     2.14732    
Properties:
 Time        Epot        Ekin        Etot        Temp     MSD         Self_diff   LC_a      LC_b      LC_c      Volume      Pressure    DebyeT   Lindemann  
 fs          eV/atom     eV/atom     eV/atom     K        Å^2         mm^2/s      Å         Å         Å         Å^3/atom    Pa          K        1          
 500         -0.46886    0.02518     -0.44368    194.79   0.0         0.0         7.549     7.549     7.549     20.128    2258812945.56759 inf      0.0        
 600         -0.48276    0.03908     -0.44369    302.32   0.22922     0.00064     7.549     7.549     7.549     20.128    3705214771.01483 153.92   5e-05      
 700         -0.4813     0.03762     -0.44368    291.01   0.20686     0.00049     7.549     7.549     7.549     20.128    3557873615.02315 158.97   5e-05      
 800         -0.47989    0.03621     -0.44369    280.13   0.20955     0.00044     7.549     7.549     7.549     20.128    3353098246.19489 154.96   5e-05      
 900         -0.47921    0.03552     -0.44369    274.8    0.29549     0.00055     7.549     7.549     7.549     20.128    3368787993.84289 129.25   5e-05      
 1000        -0.4769     0.03321     -0.44369    256.93   0.29896     0.0005      7.549     7.549     7.549     20.128    3275617754.17373 124.25   5e-05      
 1100        -0.47796    0.03428     -0.44368    265.18   0.31746     0.00048     7.549     7.549     7.549     20.128    3348563090.60497 122.49   6e-05      
 1200        -0.47816    0.03447     -0.44368    266.7    0.31881     0.00044     7.549     7.549     7.549     20.128    3346470740.15924 122.58   6e-05      
 1300        -0.47779    0.03411     -0.44368    263.87   0.32407     0.00042     7.549     7.549     7.549     20.128    3316796976.1947 120.94   6e-05      
 1400        -0.47744    0.03376     -0.44368    261.18   0.3294      0.00039     7.549     7.549     7.549     20.128    3250504716.55641 119.34   6e-05      
 1500        -0.47898    0.0353      -0.44368    273.08   0.31899     0.00035     7.549     7.549     7.549     20.128    3243384534.2714 124.01   6e-05      

Time averages:
             Epot        Ekin        Etot        Temp     MSD         Self_diff   Pressure    Spec_heat   DebyeT   Lindemann  
             eV/atom     eV/atom     eV/atom     K        Å^2         mm^2/s      Pa          J/(K*Kg)    K        1          
             -0.47904    0.03536     -0.44368    273.52   0.28488     0.00045     3376631243.80362 515.63813   133.07   6e-05      