Material ID: 0152
Unit cell composition: Co500
Material:  Co
Site positions of initial unit cell:
 Co          Co          Co          Co         
 0.00000     -0.00000    0.00000     1.24710    
 0.00000     1.44003     0.00000     0.72001    
 0.00000     2.02148     4.04297     6.06445    
Properties:
 Time        Epot        Ekin        Etot        Temp     MSD         Self_diff   LC_a      LC_b      LC_c      Volume      Pressure    DebyeT   Lindemann  
 fs          eV/atom     eV/atom     eV/atom     K        Å^2         mm^2/s      Å         Å         Å         Å^3/atom    Pa          K        1          
 500         -10.55553   0.02533     -10.5302    195.97   0.0         0.0         2.494     2.494     8.086     10.891    49726100770.59615 inf      0.0        
 600         -10.5419    0.01174     -10.53016   90.83    0.00096     0.0         2.494     2.494     8.086     10.891    48689691351.80863 837.58   0.00351    
 700         -10.54204   0.01188     -10.53016   91.89    0.00191     0.0         2.494     2.494     8.086     10.891    48705977901.71485 597.03   0.00496    
 800         -10.54347   0.01331     -10.53016   102.96   0.00332     1e-05       2.494     2.494     8.086     10.891    48808338131.32149 479.61   0.00653    
 900         -10.5423    0.01214     -10.53016   93.92    0.00566     1e-05       2.494     2.494     8.086     10.891    48732244214.53553 350.67   0.00853    
 1000        -10.54186   0.0117      -10.53016   90.49    0.00854     1e-05       2.494     2.494     8.086     10.891    48700734353.32563 280.18   0.01048    
 1100        -10.54367   0.01351     -10.53016   104.51   0.01186     2e-05       2.494     2.494     8.086     10.891    48834288503.26352 255.46   0.01235    
 1200        -10.54251   0.01235     -10.53016   95.56    0.01602     2e-05       2.494     2.494     8.086     10.891    48740901272.63042 210.23   0.01435    
 1300        -10.54352   0.01336     -10.53016   103.35   0.02065     3e-05       2.494     2.494     8.086     10.891    48823738392.57715 192.57   0.01629    
 1400        -10.5435    0.01334     -10.53017   103.18   0.02604     3e-05       2.494     2.494     8.086     10.891    48822109892.01135 171.33   0.0183     
 1500        -10.54287   0.01271     -10.53016   98.34    0.03206     4e-05       2.494     2.494     8.086     10.891    48772955323.92178 150.74   0.0203     

Time averages:
             Epot        Ekin        Etot        Temp     MSD         Self_diff   Pressure    Spec_heat   DebyeT   Lindemann  
             eV/atom     eV/atom     eV/atom     K        Å^2         mm^2/s      Pa          J/(K*Kg)    K        1          
             -10.54276   0.0126      -10.53016   97.5     0.0127      2e-05       48763097933.71104 213.34664   352.54   0.01156    