Material ID: 0180
Unit cell composition: Ni125
Material:  Ni
Site positions of initial unit cell:
 Ni         
 0.00000    
 0.00000    
 0.00000    
Properties:
 Time        Epot        Ekin        Etot        Temp     MSD         Self_diff   LC_a      LC_b      LC_c      Volume      Pressure    DebyeT   Lindemann  
 fs          eV/atom     eV/atom     eV/atom     K        Å^2         mm^2/s      Å         Å         Å         Å^3/atom    Pa          K        1          
 500         -17.15856   0.02864     -17.12992   221.6    0.0         0.0         2.38      2.38      2.38      9.53      -106570631595.19173 inf      0.0        
 600         -17.14132   0.01153     -17.12979   89.24    0.00041     0.0         2.38      2.38      2.38      9.53      -108042860138.12506 1269.01  0.00171    
 700         -17.1446    0.01477     -17.12983   114.26   0.00088     0.0         2.38      2.38      2.38      9.53      -107759527480.65508 983.04   0.00249    
 800         -17.14482   0.01501     -17.12982   116.11   0.00159     0.0         2.38      2.38      2.38      9.53      -107749778342.4888 736.08   0.00336    
 900         -17.14589   0.01606     -17.12983   124.21   0.00258     0.0         2.38      2.38      2.38      9.53      -107647684409.5295 597.95   0.00427    
 1000        -17.1451    0.0153      -17.1298    118.34   0.00388     1e-05       2.38      2.38      2.38      9.53      -107732360735.34785 476.17   0.00524    
 1100        -17.14562   0.0158      -17.12982   122.21   0.00558     1e-05       2.38      2.38      2.38      9.53      -107671964458.64496 403.74   0.00628    
 1200        -17.14554   0.01572     -17.12982   121.6    0.00754     1e-05       2.38      2.38      2.38      9.53      -107684802551.75276 346.33   0.0073     
 1300        -17.14179   0.01199     -17.1298    92.78    0.00983     1e-05       2.38      2.38      2.38      9.53      -107997212455.8109 265.03   0.00833    
 1400        -17.14214   0.01235     -17.12979   95.55    0.01227     1e-05       2.38      2.38      2.38      9.53      -107985690761.0841 240.71   0.00931    
 1500        -17.14263   0.01284     -17.12979   99.35    0.01507     2e-05       2.38      2.38      2.38      9.53      -107939860120.79881 221.45   0.01032    

Time averages:
             Epot        Ekin        Etot        Temp     MSD         Self_diff   Pressure    Spec_heat   DebyeT   Lindemann  
             eV/atom     eV/atom     eV/atom     K        Å^2         mm^2/s      Pa          J/(K*Kg)    K        1          
             -17.14394   0.01414     -17.12981   109.36   0.00596     1e-05       -107821174145.4238 214.46875   553.95   0.00586    