Material ID: 0116
Unit cell composition: Pt125
Material:  Pt
Site positions of initial unit cell:
 Pt         
 0.00000    
 0.00000    
 0.00000    
Properties:
 Time        Epot        Ekin        Etot        Temp     MSD         Self_diff   LC_a      LC_b      LC_c      Volume      Pressure    DebyeT   Lindemann  
 fs          eV/atom     eV/atom     eV/atom     K        Å^2         mm^2/s      Å         Å         Å         Å^3/atom    Pa          K        1          
 500         -24.89012   0.02535     -24.86477   196.13   0.0         0.0         2.756     2.756     2.756     14.798    194586930076.57623 inf      0.0        
 600         -24.87818   0.01342     -24.86476   103.81   0.0005      0.0         2.756     2.756     2.756     14.798    193804238486.03043 682.43   0.00162    
 700         -24.87631   0.01155     -24.86476   89.39    0.00099     0.0         2.756     2.756     2.756     14.798    193694346627.23883 448.82   0.00229    
 800         -24.87924   0.01448     -24.86476   112.02   0.0015      0.0         2.756     2.756     2.756     14.798    193887076151.12045 409.34   0.00281    
 900         -24.87461   0.00986     -24.86475   76.24    0.00243     0.0         2.756     2.756     2.756     14.798    193573596373.9333 264.93   0.00358    
 1000        -24.87887   0.01412     -24.86476   109.22   0.0033      1e-05       2.756     2.756     2.756     14.798    193845920804.2986 271.96   0.00417    
 1100        -24.87631   0.01156     -24.86475   89.43    0.0046      1e-05       2.756     2.756     2.756     14.798    193682224214.2983 208.65   0.00492    
 1200        -24.87694   0.01219     -24.86476   94.27    0.00619     1e-05       2.756     2.756     2.756     14.798    193741813180.87115 184.59   0.00571    
 1300        -24.87889   0.01413     -24.86476   109.35   0.00792     1e-05       2.756     2.756     2.756     14.798    193872029961.8347 175.74   0.00646    
 1400        -24.87688   0.01212     -24.86476   93.76    0.01004     1e-05       2.756     2.756     2.756     14.798    193740747934.09555 144.56   0.00727    
 1500        -24.8765    0.01175     -24.86476   90.87    0.0123      1e-05       2.756     2.756     2.756     14.798    193713508121.01797 128.6    0.00805    

Time averages:
             Epot        Ekin        Etot        Temp     MSD         Self_diff   Pressure    Spec_heat   DebyeT   Lindemann  
             eV/atom     eV/atom     eV/atom     K        Å^2         mm^2/s      Pa          J/(K*Kg)    K        1          
             -24.87727   0.01252     -24.86476   96.84    0.00498     1e-05       193755550185.47394 64.46852    291.96   0.00469    