Material ID: 0105
Unit cell composition: Zn250
Material:  Zn
Site positions of initial unit cell:
 Zn          Zn         
 -0.00000    1.31337    
 1.51654     0.75827    
 1.30181     3.90543    
Properties:
 Time        Epot        Ekin        Etot        Temp     MSD         Self_diff   LC_a      LC_b      LC_c      Volume      Pressure    DebyeT   Lindemann  
 fs          eV/atom     eV/atom     eV/atom     K        Å^2         mm^2/s      Å         Å         Å         Å^3/atom    Pa          K        1          
 500         -1.12163    0.02613     -1.0955     202.17   0.0         0.0         2.522     2.522     4.999     13.764    15586787346.36026 inf      0.0        
 600         -1.1219     0.0264      -1.0955     204.22   0.04685     0.00013     2.522     2.522     4.999     13.764    13834373268.06649 170.6    0.0141     
 700         -1.13208    0.03658     -1.0955     283.01   0.11716     0.00028     2.522     2.522     4.999     13.764    12558560365.62451 127.0    0.0223     
 800         -1.14032    0.04482     -1.0955     346.75   0.21296     0.00044     2.522     2.522     4.999     13.764    11980431199.75621 104.27   0.03006    
 900         -1.15448    0.05897     -1.0955     456.25   0.34525     0.00064     2.522     2.522     4.999     13.764    9899548269.10444 93.94    0.03827    
 1000        -1.17255    0.07704     -1.09551    596.02   0.47183     0.00079     2.522     2.522     4.999     13.764    8899925820.11509 91.84    0.04474    
 1100        -1.20959    0.11408     -1.09551    882.58   0.72816     0.0011      2.522     2.522     4.999     13.764    7860667456.89843 89.97    0.05559    
 1200        -1.21791    0.12239     -1.09551    946.88   1.15453     0.0016      2.522     2.522     4.999     13.764    4323789115.18919 74.0     0.06999    
 1300        -1.25643    0.16091     -1.09551    1244.87  1.55477     0.00199     2.522     2.522     4.999     13.764    6668920265.88341 73.12    0.08122    
 1400        -1.25454    0.15903     -1.09551    1230.31  2.34698     0.00279     2.522     2.522     4.999     13.764    3560060924.43515 59.16    0.09979    
 1500        -1.26702    0.17149     -1.09553    1326.69  3.18002     0.00353     2.522     2.522     4.999     13.764    -559778952.69898 52.78    0.11616    

Time averages:
             Epot        Ekin        Etot        Temp     MSD         Self_diff   Pressure    Spec_heat   DebyeT   Lindemann  
             eV/atom     eV/atom     eV/atom     K        Å^2         mm^2/s      Pa          J/(K*Kg)    K        1          
             -1.19268    0.09717     -1.09551    751.76   1.01585     0.00146     7902649773.23739 312.71678   93.67    0.05722    