Material ID: 0046
Unit cell composition: Ag125Hf375
Material:  AgHf3
Site positions of initial unitcell:
 Ag          Hf          Hf          Hf         
 0.00000     2.18574     2.18574     0.00000    
 2.18574     0.00000     2.18574     0.00000    
 2.18574     2.18574     0.00000     0.00000    
Properties:
 Time        Epot        Ekin        Etot        Temp     MSD         Self_diff   LC_a      LC_b      LC_c      Volume      Pressure   
 fs          eV/atom     eV/atom     eV/atom     K        Å^2         mm^2/s      Å         Å         Å         Å^3/atom    eV/Å^3     
 1500        -12.69561   0.02552     -12.67008   197.45   0.0         0.0         4.328     4.328     4.328     20.264    -4.97722   
 1800        -12.82846   0.13751     -12.69095   1063.79  0.0011      0.0         4.328     4.328     4.328     20.264    -4.94636   
 2100        -12.75718   0.07759     -12.67959   600.26   0.00286     0.0         4.328     4.328     4.328     20.264    -4.96239   
 2400        -12.74873   0.07096     -12.67777   548.95   0.00456     0.0         4.328     4.328     4.328     20.264    -4.9646    
 2700        -12.76195   0.08275     -12.6792    640.15   0.00792     0.0         4.328     4.328     4.328     20.264    -4.96155   
 3000        -12.74374   0.06709     -12.67665   519.07   0.0111      1e-05       4.328     4.328     4.328     20.264    -4.96556   
 3300        -12.78612   0.10234     -12.68378   791.73   0.01602     1e-05       4.328     4.328     4.328     20.264    -4.95633   
 3600        -12.77333   0.09236     -12.68097   714.53   0.02151     1e-05       4.328     4.328     4.328     20.264    -4.95921   
 3900        -12.77319   0.09313     -12.68006   720.5    0.02759     1e-05       4.328     4.328     4.328     20.264    -4.95906   
 4200        -12.76658   0.08729     -12.67929   675.34   0.03493     1e-05       4.328     4.328     4.328     20.264    -4.96057   
 4500        -12.75357   0.07552     -12.67805   584.25   0.04258     2e-05       4.328     4.328     4.328     20.264    -4.96353   

Time averages:
             Epot        Ekin        Etot        Temp     MSD         Self_diff   Pressure    Spec_heat  
             eV/atom     eV/atom     eV/atom     K        Å^2         mm^2/s      eV/Å^3      J/(K*Kg)   
             -12.76928   0.08865     -12.68063   685.86   0.01702     1e-05       -4.95992    -5.25182   