Material ID: 0208
Unit cell composition: Mg125
Material:  Mg
Site positions of initial unit cell:
 Mg         
 0.00000    
 0.00000    
 0.00000    
Properties:
 Time        Epot        Ekin        Etot        Temp     MSD         Self_diff   LC_a      LC_b      LC_c      Volume      Pressure    DebyeT   Lindemann  
 fs          eV/atom     eV/atom     eV/atom     K        Å^2         mm^2/s      Å         Å         Å         Å^3/atom    Pa          K        1          
 500         -0.38073    0.02579     -0.35494    199.51   0.0         0.0         3.162     3.162     3.162     24.331    3903874402.68457 inf      0.0        
 600         -0.37694    0.022       -0.35494    170.17   0.1845      0.00051     3.162     3.162     3.162     24.331    2908848923.6827 128.71   0.02717    
 700         -0.38099    0.02605     -0.35494    201.51   0.50144     0.00119     3.162     3.162     3.162     24.331    2372920896.59687 84.96    0.04479    
 800         -0.38355    0.02861     -0.35494    221.34   0.77128     0.00161     3.162     3.162     3.162     24.331    2168657009.16231 71.8     0.05555    
 900         -0.3855     0.03056     -0.35494    236.42   1.02947     0.00191     3.162     3.162     3.162     24.331    1992808920.34838 64.23    0.06418    
 1000        -0.38733    0.03239     -0.35494    250.55   1.29275     0.00215     3.162     3.162     3.162     24.331    1842954844.88971 59.0     0.07192    
 1100        -0.39435    0.03941     -0.35494    304.88   1.66113     0.00252     3.162     3.162     3.162     24.331    1719108824.76064 57.42    0.08153    
 1200        -0.39473    0.03978     -0.35494    307.77   2.12641     0.00295     3.162     3.162     3.162     24.331    1612656808.0562 50.99    0.09224    
 1300        -0.39522    0.04027     -0.35494    311.57   2.65812     0.00341     3.162     3.162     3.162     24.331    1375304781.64264 45.89    0.10313    
 1400        -0.39747    0.04253     -0.35494    329.04   3.15647     0.00376     3.162     3.162     3.162     24.331    1312148231.05614 43.27    0.11238    
 1500        -0.40361    0.04867     -0.35494    376.53   3.62607     0.00403     3.162     3.162     3.162     24.331    1158908653.85871 43.19    0.12045    

Time averages:
             Epot        Ekin        Etot        Temp     MSD         Self_diff   Pressure    Spec_heat   DebyeT   Lindemann  
             eV/atom     eV/atom     eV/atom     K        Å^2         mm^2/s      Pa          J/(K*Kg)    K        1          
             -0.38997    0.03503     -0.35494    270.98   1.70076     0.00261     1846431789.40543 531.332     64.95    0.07733    