Material ID: 0010
Unit cell composition: Ag375Li125
Material:  Ag3Li
Site positions of initial unit cell:
 Ag          Ag          Ag          Li         
 0.00000     0.00000     2.05077     2.05077    
 0.00000     2.05077     0.00000     2.05077    
 0.00000     2.05077     2.05077     0.00000    
Properties:
 Time        Epot        Ekin        Etot        Temp     MSD         Self_diff   LC_a      LC_b      LC_c      Volume      Pressure   
 fs          eV/atom     eV/atom     eV/atom     K        Å^2         mm^2/s      Å         Å         Å         Å^3/atom    eV/Å^3     
 1000        -11.64077   0.02648     -11.61429   204.89   0.0         0.0         3.937     3.937     3.937     15.261    -0.02617   
 1200        -11.88042   0.26031     -11.62012   2013.83  0.01814     3e-05       3.937     3.937     3.937     15.261    0.06022    
 1400        -11.89696   0.27616     -11.62079   2136.5   0.01367     2e-05       3.937     3.937     3.937     15.261    0.06584    
 1600        -11.8269    0.20753     -11.61936   1605.53  0.02222     2e-05       3.937     3.937     3.937     15.261    0.04137    
 1800        -11.82593   0.20634     -11.6196    1596.28  0.0229      2e-05       3.937     3.937     3.937     15.261    0.0418     
 2000        -11.83892   0.21908     -11.61984   1694.87  0.02421     2e-05       3.937     3.937     3.937     15.261    0.04594    
 2200        -11.85154   0.23165     -11.61989   1792.16  0.02868     2e-05       3.937     3.937     3.937     15.261    0.05017    
 2400        -11.83465   0.215       -11.61965   1663.29  0.03205     2e-05       3.937     3.937     3.937     15.261    0.04473    
 2600        -11.82462   0.20511     -11.61952   1586.77  0.03757     2e-05       3.937     3.937     3.937     15.261    0.04089    
 2800        -11.83491   0.21545     -11.61947   1666.78  0.04398     3e-05       3.937     3.937     3.937     15.261    0.04417    
 3000        -11.83772   0.21811     -11.61961   1687.36  0.04745     3e-05       3.937     3.937     3.937     15.261    0.04522    
 3200        -11.82792   0.20845     -11.61947   1612.63  0.057       3e-05       3.937     3.937     3.937     15.261    0.04199    

Time averages:
             Epot        Ekin        Etot        Temp     MSD         Self_diff   Pressure    Spec_heat  
             eV/atom     eV/atom     eV/atom     K        Å^2         mm^2/s      eV/Å^3      J/(K*Kg)   
             -11.84001   0.22029     -11.61972   1704.22  0.03297     2e-05       0.04621     -85.11807  