Material ID: 0084
Unit cell composition: Cu250
Material:  Cu
Site positions of initial unit cell:
 Cu          Cu         
 -2.43060    3.15641    
 2.03828     0.31539    
 0.62975     1.88924    
Properties:
 Time        Epot        Ekin        Etot        Temp     MSD         Self_diff   LC_a      LC_b      LC_c      Volume      Pressure    DebyeT   Lindemann  
 fs          eV/atom     eV/atom     eV/atom     K        Å^2         mm^2/s      Å         Å         Å         Å^3/atom    Pa          K        1          
 500         -13.84277   0.02486     -13.81791   192.32   0.0         0.0         4.346     4.346     2.62      13.936    -10229301242.05953 inf      0.0        
 600         -14.76613   0.94181     -13.82432   7286.17  0.02235     6e-05       4.346     4.346     2.62      13.936    72670648903.68723 1496.48  0.00895    
 700         -14.69493   0.87359     -13.82134   6758.37  0.77237     0.00184     4.346     4.346     2.62      13.936    70731903083.26651 245.19   0.05261    
 800         -14.5984    0.77729     -13.82111   6013.4   0.67094     0.0014      4.346     4.346     2.62      13.936    67662087484.98378 248.14   0.04904    
 900         -14.66851   0.84717     -13.82134   6554.03  0.71821     0.00133     4.346     4.346     2.62      13.936    73424627652.66724 250.39   0.05073    
 1000        -14.71218   0.89091     -13.82127   6892.39  0.70556     0.00118     4.346     4.346     2.62      13.936    74568835171.0226 259.06   0.05029    
 1100        -14.72993   0.90857     -13.82137   7028.99  0.71403     0.00108     4.346     4.346     2.62      13.936    77432577024.60632 260.06   0.05059    
 1200        -14.74156   0.92012     -13.82144   7118.35  0.67533     0.00094     4.346     4.346     2.62      13.936    75710366502.27362 269.1    0.0492     
 1300        -14.78513   0.96373     -13.8214    7455.73  0.91152     0.00117     4.346     4.346     2.62      13.936    80207585675.0 237.05   0.05716    
 1400        -14.72709   0.90575     -13.82133   7007.22  1.05887     0.00126     4.346     4.346     2.62      13.936    77339924238.5875 213.23   0.0616     
 1500        -14.8083    0.98682     -13.82148   7634.35  0.98417     0.00109     4.346     4.346     2.62      13.936    81225095716.1003 230.85   0.05939    
 1600        -14.79104   0.96973     -13.82131   7502.18  1.06711     0.00111     4.346     4.346     2.62      13.936    81161515162.77635 219.77   0.06184    
 1700        -14.73763   0.91598     -13.82164   7086.37  1.15667     0.00113     4.346     4.346     2.62      13.936    74204277080.37564 205.16   0.06438    

Time averages:
             Epot        Ekin        Etot        Temp     MSD         Self_diff   Pressure    Spec_heat   DebyeT   Lindemann  
             eV/atom     eV/atom     eV/atom     K        Å^2         mm^2/s      Pa          J/(K*Kg)    K        1          
             -14.72998   0.90861     -13.82137   7029.3   0.86624     0.00114     76293689170.83932 197.35942   239.28   0.05542    