Material ID: 0022
Unit cell composition: Ag375Cd125
Material:  Ag3Cd
Site positions of initial unitcell:
 Ag          Ag          Ag          Cd         
 0.00000     0.00000     2.10846     2.10846    
 0.00000     2.10846     0.00000     2.10846    
 0.00000     2.10846     2.10846     0.00000    
Properties:
 Time        Epot        Ekin        Etot        Temp     MSD         Self_diff   LC_a      LC_b      LC_c      Volume      Pressure   
 fs          eV/atom     eV/atom     eV/atom     K        Å^2         mm^2/s      Å         Å         Å         Å^3/atom    eV/Å^3     
 1500        -7.49012    0.02575     -7.46437    199.22   0.0         0.0         4.217     4.217     4.217     18.747    0.37368    
 1800        -7.47733    0.013       -7.46433    100.55   0.00423     0.0         4.217     4.217     4.217     18.747    0.36902    
 2100        -7.47669    0.01237     -7.46433    95.69    0.00518     0.0         4.217     4.217     4.217     18.747    0.36851    
 2400        -7.47538    0.01106     -7.46432    85.56    0.00712     0.0         4.217     4.217     4.217     18.747    0.36821    
 2700        -7.47609    0.01176     -7.46432    91.01    0.00897     1e-05       4.217     4.217     4.217     18.747    0.3684     
 3000        -7.47661    0.01228     -7.46432    95.02    0.01152     1e-05       4.217     4.217     4.217     18.747    0.36852    
 3300        -7.47684    0.01252     -7.46432    96.83    0.01465     1e-05       4.217     4.217     4.217     18.747    0.36869    
 3600        -7.47863    0.01431     -7.46433    110.69   0.018       1e-05       4.217     4.217     4.217     18.747    0.36918    
 3900        -7.47896    0.01463     -7.46433    113.2    0.02261     1e-05       4.217     4.217     4.217     18.747    0.36936    
 4200        -7.47748    0.01315     -7.46433    101.75   0.02837     1e-05       4.217     4.217     4.217     18.747    0.36886    
 4500        -7.47717    0.01284     -7.46433    99.33    0.03413     1e-05       4.217     4.217     4.217     18.747    0.36865    

Time averages:
             Epot        Ekin        Etot        Temp     MSD         Self_diff   Pressure    Spec_heat  
             eV/atom     eV/atom     eV/atom     K        Å^2         mm^2/s      eV/Å^3      J/(K*Kg)   
             -7.47712    0.01279     -7.46433    98.96    0.01548     1e-05       0.36874     -101.7051  