Material ID: 0199
Unit cell composition: Mg125
Material:  Mg
Site positions of initial unit cell:
 Mg         
 0.00000    
 0.00000    
 0.00000    
Properties:
 Time        Epot        Ekin        Etot        Temp     MSD         Self_diff   LC_a      LC_b      LC_c      Volume      Pressure    DebyeT   Lindemann  
 fs          eV/atom     eV/atom     eV/atom     K        Å^2         mm^2/s      Å         Å         Å         Å^3/atom    Pa          K        1          
 500         -0.35017    0.02118     -0.32899    163.83   0.0         0.0         3.313     3.313     3.313     25.722    3588707166.74421 inf      0.0        
 600         -0.34958    0.02059     -0.329      159.28   0.1738      0.00048     3.313     3.313     3.313     25.722    2653747461.45225 128.3    0.02516    
 700         -0.35854    0.02955     -0.329      228.57   0.46009     0.0011      3.313     3.313     3.313     25.722    2200534721.79804 94.47    0.04094    
 800         -0.35967    0.03067     -0.329      237.27   0.81438     0.0017      3.313     3.313     3.313     25.722    1662081210.06847 72.34    0.05447    
 900         -0.36894    0.03994     -0.329      308.98   1.19656     0.00222     3.313     3.313     3.313     25.722    1638515527.85878 68.11    0.06603    
 1000        -0.37432    0.04532     -0.329      350.62   1.66887     0.00278     3.313     3.313     3.313     25.722    1539337104.17741 61.43    0.07798    
 1100        -0.37257    0.04358     -0.329      337.14   2.18807     0.00332     3.313     3.313     3.313     25.722    1117579589.78914 52.61    0.08929    
 1200        -0.37372    0.04473     -0.329      346.02   2.6894      0.00374     3.313     3.313     3.313     25.722    895127916.31885 48.07    0.09899    
 1300        -0.37605    0.04705     -0.329      364.0    3.06702     0.00393     3.313     3.313     3.313     25.722    911277977.78036 46.17    0.10571    
 1400        -0.38259    0.05359     -0.329      414.58   3.25702     0.00388     3.313     3.313     3.313     25.722    980977093.41713 47.82    0.10894    
 1500        -0.38247    0.05347     -0.329      413.64   3.43839     0.00382     3.313     3.313     3.313     25.722    1202279370.17381 46.49    0.11193    

Time averages:
             Epot        Ekin        Etot        Temp     MSD         Self_diff   Pressure    Spec_heat   DebyeT   Lindemann  
             eV/atom     eV/atom     eV/atom     K        Å^2         mm^2/s      Pa          J/(K*Kg)    K        1          
             -0.36985    0.04085     -0.329      316.01   1.89536     0.00294     1480145797.28342 535.49545   66.58    0.07794    