Material ID: 0033
Unit cell composition: Ag125Br125
Material:  AgBr
Site positions of initial unitcell:
 Ag          Br         
 0.00000     1.80203    
 0.00000     1.80203    
 0.00000     1.80203    
Properties:
 Time        Epot        Ekin        Etot        Temp     MSD         Self_diff   LC_a      LC_b      LC_c      Volume      Pressure   
 fs          eV/atom     eV/atom     eV/atom     K        Å^2         mm^2/s      Å         Å         Å         Å^3/atom    eV/Å^3     
 1500        -6.64726    0.02566     -6.6216     198.55   0.0         0.0         3.64      3.64      3.64      24.116    0.47108    
 1800        -7.8785     1.25205     -6.62645    9686.33  2.50749     0.00232     3.64      3.64      3.64      24.116    0.14392    
 2100        -8.34754    1.71959     -6.62795    13303.35 8.65863     0.00687     3.64      3.64      3.64      24.116    0.12639    
 2400        -8.35663    1.72673     -6.6299     13358.58 14.00662    0.00973     3.64      3.64      3.64      24.116    0.12433    
 2700        -8.28624    1.65914     -6.62709    12835.72 19.59579    0.0121      3.64      3.64      3.64      24.116    0.10008    
 3000        -8.23995    1.61285     -6.62709    12477.6  23.6522     0.01314     3.64      3.64      3.64      24.116    0.07937    
 3300        -8.40111    1.77282     -6.62829    13715.16 27.94011    0.01411     3.64      3.64      3.64      24.116    0.08023    
 3600        -8.25694    1.62797     -6.62896    12594.58 33.85282    0.01567     3.64      3.64      3.64      24.116    0.10153    
 3900        -8.28209    1.65584     -6.62626    12810.12 40.32614    0.01723     3.64      3.64      3.64      24.116    0.11443    
 4200        -8.43024    1.8007      -6.62954    13930.81 45.37156    0.018       3.64      3.64      3.64      24.116    0.07699    
 4500        -8.35624    1.72951     -6.62673    13380.12 49.21028    0.01823     3.64      3.64      3.64      24.116    0.1242     
 4800        -8.4466     1.8185      -6.6281     14068.55 54.67122    0.01898     3.64      3.64      3.64      24.116    0.11451    
 5100        -8.396      1.76958     -6.62642    13690.09 57.34643    0.01874     3.64      3.64      3.64      24.116    0.13786    
 5400        -8.40204    1.77278     -6.62926    13714.86 60.04891    0.01853     3.64      3.64      3.64      24.116    0.12955    
 5700        -8.4031     1.77497     -6.62814    13731.76 63.33328    0.01852     3.64      3.64      3.64      24.116    0.13032    
 6000        -8.4151     1.7849      -6.6302     13808.62 66.63428    0.01851     3.64      3.64      3.64      24.116    0.13371    
 6300        -8.39358    1.76308     -6.6305     13639.79 72.60834    0.01921     3.64      3.64      3.64      24.116    0.08438    

Time averages:
             Epot        Ekin        Etot        Temp     MSD         Self_diff   Pressure    Spec_heat  
             eV/atom     eV/atom     eV/atom     K        Å^2         mm^2/s      eV/Å^3      J/(K*Kg)   
             -8.37819    1.74978     -6.62841    13536.93 54.34033    0.01844     0.11475     163.39393  