Material ID: 0041
Unit cell composition: Ag125In125
Material:  AgIn
Site positions of initial unitcell:
 Ag          In         
 1.75512     0.00000    
 1.75512     0.00000    
 1.75512     0.00000    
Properties:
 Time        Epot        Ekin        Etot        Temp     MSD         Self_diff   LC_a      LC_b      LC_c      Volume      Pressure   
 fs          eV/atom     eV/atom     eV/atom     K        Å^2         mm^2/s      Å         Å         Å         Å^3/atom    eV/Å^3     
 1500        -7.65531    0.02332     -7.63199    180.44   0.0         0.0         3.475     3.475     3.475     20.984    0.45081    
 1800        -7.67411    0.04212     -7.63198    325.87   0.14327     0.00013     3.475     3.475     3.475     20.984    0.42422    
 2100        -7.8374     0.2052      -7.6322     1587.51  1.02366     0.00081     3.475     3.475     3.475     20.984    0.16962    
 2400        -7.89614    0.26357     -7.63256    2039.11  1.40689     0.00098     3.475     3.475     3.475     20.984    0.17301    
 2700        -7.98203    0.34918     -7.63285    2701.34  1.93312     0.00119     3.475     3.475     3.475     20.984    0.15709    
 3000        -8.00954    0.37671     -7.63284    2914.32  2.30165     0.00128     3.475     3.475     3.475     20.984    0.12771    
 3300        -8.00245    0.36954     -7.63291    2858.92  2.29809     0.00116     3.475     3.475     3.475     20.984    0.1612     
 3600        -8.00749    0.3745      -7.63299    2897.26  2.30615     0.00107     3.475     3.475     3.475     20.984    0.15525    
 3900        -7.98766    0.35486     -7.6328     2745.33  2.38049     0.00102     3.475     3.475     3.475     20.984    0.14947    
 4200        -7.9882     0.35531     -7.63289    2748.8   2.4463      0.00097     3.475     3.475     3.475     20.984    0.15093    
 4500        -8.03254    0.39948     -7.63307    3090.48  2.48826     0.00092     3.475     3.475     3.475     20.984    0.17289    

Time averages:
             Epot        Ekin        Etot        Temp     MSD         Self_diff   Pressure    Spec_heat  
             eV/atom     eV/atom     eV/atom     K        Å^2         mm^2/s      eV/Å^3      J/(K*Kg)   
             -7.94176    0.30905     -7.63271    2390.89  1.87279     0.00104     0.18414     -6.11802   