Material ID: 0237
Unit cell composition: Ni250
Material:  Ni
Site positions of initial unit cell:
 Ni          Ni         
 -0.00000    1.23714    
 1.42853     0.71426    
 1.01755     3.05264    
Properties:
 Time        Epot        Ekin        Etot        Temp     MSD         Self_diff   LC_a      LC_b      LC_c      Volume      Pressure    DebyeT   Lindemann  
 fs          eV/atom     eV/atom     eV/atom     K        Å^2         mm^2/s      Å         Å         Å         Å^3/atom    Pa          K        1          
 500         -16.86453   0.02346     -16.84107   181.5    0.0         0.0         2.474     2.474     4.07      10.79     135418657164.73874 inf      0.0        
 600         -16.85305   0.01203     -16.84102   93.07    0.00066     0.0         2.474     2.474     4.07      10.79     134444063238.0007 1021.82  0.00192    
 700         -16.85173   0.01071     -16.84102   82.86    0.00143     0.0         2.474     2.474     4.07      10.79     134333836733.62492 656.7    0.00282    
 800         -16.85094   0.00992     -16.84102   76.76    0.00281     1e-05       2.474     2.474     4.07      10.79     134270931621.60793 451.15   0.00395    
 900         -16.85324   0.01222     -16.84102   94.52    0.00441     1e-05       2.474     2.474     4.07      10.79     134455573300.55226 399.18   0.00495    
 1000        -16.85281   0.01178     -16.84102   91.15    0.00674     1e-05       2.474     2.474     4.07      10.79     134418355411.7535 317.06   0.00612    
 1100        -16.85397   0.01294     -16.84103   100.13   0.00953     1e-05       2.474     2.474     4.07      10.79     134520375995.76468 279.62   0.00727    
 1200        -16.85306   0.01203     -16.84103   93.09    0.01291     2e-05       2.474     2.474     4.07      10.79     134442470671.38779 231.57   0.00847    
 1300        -16.85251   0.01149     -16.84102   88.86    0.01669     2e-05       2.474     2.474     4.07      10.79     134406909747.3836 198.99   0.00963    
 1400        -16.85353   0.0125      -16.84102   96.71    0.02098     2e-05       2.474     2.474     4.07      10.79     134482366697.4164 185.17   0.01079    
 1500        -16.85356   0.01253     -16.84103   96.97    0.02575     3e-05       2.474     2.474     4.07      10.79     134486872293.6256 167.37   0.01196    

Time averages:
             Epot        Ekin        Etot        Temp     MSD         Self_diff   Pressure    Spec_heat   DebyeT   Lindemann  
             eV/atom     eV/atom     eV/atom     K        Å^2         mm^2/s      Pa          J/(K*Kg)    K        1          
             -16.85284   0.01181     -16.84102   91.41    0.01019     1e-05       134426175571.11174 214.00695   390.86   0.00679    