Material ID: 0048
Unit cell composition: Fe125
Material:  Fe
Site positions of initial unit cell:
 Fe         
 0.00000    
 0.00000    
 0.00000    
Properties:
 Time        Epot        Ekin        Etot        Temp     MSD         Self_diff   LC_a      LC_b      LC_c      Volume      Pressure    DebyeT   Lindemann  
 fs          eV/atom     eV/atom     eV/atom     K        Å^2         mm^2/s      Å         Å         Å         Å^3/atom    Pa          K        1          
 500         -7.71834    0.02741     -7.69093    212.07   0.0         0.0         2.54      2.54      2.442     13.64     -24707421930.91 inf      0.0        
 600         -8.36675    0.67562     -7.69113    5226.82  0.31182     0.00087     2.54      2.54      2.442     13.64     18618834808.26895 362.0    0.04574    
 700         -8.23221    0.54087     -7.69134    4184.35  0.95935     0.00228     2.54      2.54      2.442     13.64     7953085815.86975 184.66   0.08023    
 800         -8.30221    0.6107      -7.69151    4724.57  1.07185     0.00223     2.54      2.54      2.442     13.64     12759634665.48034 185.63   0.0848     
 900         -8.2342     0.54292     -7.69128    4200.23  1.24249     0.0023      2.54      2.54      2.442     13.64     8537861142.89912 162.57   0.0913     
 1000        -8.31882    0.6273      -7.69152    4853.0   1.32247     0.0022      2.54      2.54      2.442     13.64     14919314279.39136 169.38   0.0942     
 1100        -8.33139    0.63995     -7.69144    4950.88  1.45143     0.0022      2.54      2.54      2.442     13.64     14977346385.89124 163.3    0.09868    
 1200        -8.41666    0.72506     -7.69159    5609.33  1.96467     0.00273     2.54      2.54      2.442     13.64     20014385564.77463 149.4    0.11481    
 1300        -8.37195    0.68063     -7.69132    5265.58  2.38637     0.00306     2.54      2.54      2.442     13.64     17511733451.89364 131.34   0.12654    
 1400        -8.43176    0.74038     -7.69139    5727.8   2.20063     0.00262     2.54      2.54      2.442     13.64     22347288553.69372 142.65   0.12151    
 1500        -8.3517     0.66049     -7.69121    5109.74  2.15033     0.00239     2.54      2.54      2.442     13.64     17429298091.55516 136.3    0.12011    
 1600        -8.37923    0.68771     -7.69151    5320.39  2.40074     0.0025      2.54      2.54      2.442     13.64     19063640271.86668 131.62   0.12692    
 1700        -8.33742    0.64619     -7.69123    4999.17  2.31575     0.00227     2.54      2.54      2.442     13.64     15447194012.2135 129.91   0.12465    
 1800        -8.37634    0.68496     -7.69138    5299.1   2.52627     0.00234     2.54      2.54      2.442     13.64     17782587281.97709 128.06   0.13019    

Time averages:
             Epot        Ekin        Etot        Temp     MSD         Self_diff   Pressure    Spec_heat   DebyeT   Lindemann  
             eV/atom     eV/atom     eV/atom     K        Å^2         mm^2/s      Pa          J/(K*Kg)    K        1          
             -8.35495    0.66356     -7.69139    5133.52  1.99612     0.00248     16803064903.61561 224.26926   144.45   0.11489    