Material ID: 0297
Unit cell composition: Mg125
Material:  Mg
Site positions of initial unit cell:
 Mg         
 0.00000    
 0.00000    
 0.00000    
Properties:
 Time        Epot        Ekin        Etot        Temp     MSD         Self_diff   LC_a      LC_b      LC_c      Volume      Pressure    DebyeT   Lindemann  
 fs          eV/atom     eV/atom     eV/atom     K        Å^2         mm^2/s      Å         Å         Å         Å^3/atom    Pa          K        1          
 500         -0.35955    0.02569     -0.33386    198.75   0.0         0.0         3.055     3.055     3.16      25.541    3174332580.07507 inf      0.0        
 600         -0.34965    0.01579     -0.33386    122.13   0.13728     0.00038     3.055     3.055     3.16      25.541    2442024353.45403 126.41   0.02426    
 700         -0.35608    0.02222     -0.33386    171.9    0.38014     0.00091     3.055     3.055     3.16      25.541    2448085367.01282 90.13    0.04036    
 800         -0.36053    0.02667     -0.33386    206.33   0.80944     0.00169     3.055     3.055     3.16      25.541    2090715636.85954 67.67    0.0589     
 900         -0.36519    0.03132     -0.33386    242.31   1.31239     0.00243     3.055     3.055     3.16      25.541    1814865342.7931 57.59    0.075      
 1000        -0.36941    0.03554     -0.33386    274.98   1.77957     0.00297     3.055     3.055     3.16      25.541    1589579054.69664 52.68    0.08733    
 1100        -0.37586    0.042       -0.33386    324.89   2.18034     0.0033      3.055     3.055     3.16      25.541    1480357531.87469 51.74    0.09666    
 1200        -0.38495    0.05109     -0.33387    395.23   2.73383     0.0038      3.055     3.055     3.16      25.541    1282951864.58973 50.96    0.10824    
 1300        -0.38646    0.05259     -0.33387    406.87   3.44838     0.00442     3.055     3.055     3.16      25.541    1000357631.33343 46.04    0.12157    
 1400        -0.38873    0.05486     -0.33387    424.45   4.05248     0.00482     3.055     3.055     3.16      25.541    1108891930.27628 43.37    0.13178    
 1500        -0.38931    0.05544     -0.33387    428.92   4.60481     0.00512     3.055     3.055     3.16      25.541    1003522011.09177 40.9     0.14048    

Time averages:
             Epot        Ekin        Etot        Temp     MSD         Self_diff   Pressure    Spec_heat   DebyeT   Lindemann  
             eV/atom     eV/atom     eV/atom     K        Å^2         mm^2/s      Pa          J/(K*Kg)    K        1          
             -0.37262    0.03875     -0.33386    299.8    2.14387     0.00327     1626135072.3982 560.52583   62.75    0.08846    