Material ID: 0086
Unit cell composition: Ag375In125
Material:  Ag3In
Site positions of initial unitcell:
 Ag          Ag          Ag          In         
 0.00000     0.00000     2.12356     2.12356    
 0.00000     2.12356     2.12356     0.00000    
 0.00000     2.12356     0.00000     2.12356    
Properties:
 Time        Epot        Ekin        Etot        Temp     MSD         Self_diff   LC_a      LC_b      LC_c      Volume      Pressure   
 fs          eV/atom     eV/atom     eV/atom     K        Å^2         mm^2/s      Å         Å         Å         Å^3/atom    eV/Å^3     
 1500        -10.71816   0.02582     -10.69234   199.75   0.0         0.0         4.205     4.205     4.205     18.583    0.52249    
 1800        -10.70939   0.01707     -10.69232   132.04   0.00552     1e-05       4.205     4.205     4.205     18.583    0.5194     
 2100        -10.71113   0.01877     -10.69235   145.25   0.01374     1e-05       4.205     4.205     4.205     18.583    0.52002    
 2400        -10.71113   0.01879     -10.69234   145.37   0.02767     2e-05       4.205     4.205     4.205     18.583    0.52011    
 2700        -10.70967   0.01736     -10.69231   134.28   0.04831     3e-05       4.205     4.205     4.205     18.583    0.51939    
 3000        -10.71024   0.01792     -10.69232   138.64   0.07321     4e-05       4.205     4.205     4.205     18.583    0.51971    
 3300        -10.71154   0.01921     -10.69233   148.6    0.10446     5e-05       4.205     4.205     4.205     18.583    0.52021    
 3600        -10.70943   0.01711     -10.69232   132.34   0.14183     7e-05       4.205     4.205     4.205     18.583    0.51941    
 3900        -10.70884   0.01653     -10.69232   127.86   0.18444     8e-05       4.205     4.205     4.205     18.583    0.51921    
 4200        -10.70972   0.0174      -10.69232   134.62   0.23299     9e-05       4.205     4.205     4.205     18.583    0.51952    
 4500        -10.70858   0.01626     -10.69232   125.83   0.28712     0.00011     4.205     4.205     4.205     18.583    0.51912    

Time averages:
             Epot        Ekin        Etot        Temp     MSD         Self_diff   Pressure    Spec_heat  
             eV/atom     eV/atom     eV/atom     K        Å^2         mm^2/s      eV/Å^3      J/(K*Kg)   
             -10.70997   0.01764     -10.69232   136.48   0.11193     6e-05       0.51961     3447.65199 