Material ID: 0153
Unit cell composition: Co500
Material:  Co
Site positions of initial unit cell:
 Co          Co          Co          Co         
 0.00000     -0.00000    0.00000     1.24710    
 0.00000     1.44003     0.00000     0.72001    
 0.00000     2.02148     4.04297     6.06445    
Properties:
 Time        Epot        Ekin        Etot        Temp     MSD         Self_diff   LC_a      LC_b      LC_c      Volume      Pressure    DebyeT   Lindemann  
 fs          eV/atom     eV/atom     eV/atom     K        Å^2         mm^2/s      Å         Å         Å         Å^3/atom    Pa          K        1          
 500         -10.19953   0.02425     -10.17528   187.59   0.0         0.0         2.544     2.544     8.248     11.558    86276649254.92268 inf      0.0        
 600         -10.19953   0.02425     -10.17529   187.57   0.00656     2e-05       2.544     2.544     8.248     11.558    86480334496.45457 460.16   0.00901    
 700         -10.21754   0.0422      -10.17533   326.5    0.00237     1e-05       2.544     2.544     8.248     11.558    88295960594.50417 1009.99  0.00541    
 800         -10.23053   0.05517     -10.17536   426.82   0.00308     1e-05       2.544     2.544     8.248     11.558    89488985877.6705 1013.9   0.00617    
 900         -10.22731   0.05197     -10.17534   402.03   0.00636     1e-05       2.544     2.544     8.248     11.558    89141257686.74931 684.23   0.00887    
 1000        -10.21352   0.03822     -10.1753    295.66   0.00414     1e-05       2.544     2.544     8.248     11.558    87928286208.6594 727.69   0.00715    
 1100        -10.19917   0.02391     -10.17526   184.95   0.00993     2e-05       2.544     2.544     8.248     11.558    86713252701.48369 371.5    0.01108    
 1200        -10.19981   0.02454     -10.17526   189.87   0.00648     1e-05       2.544     2.544     8.248     11.558    86806569851.32367 465.76   0.00895    
 1300        -10.2124    0.0371      -10.1753    287.03   0.01137     1e-05       2.544     2.544     8.248     11.558    87920757818.74821 432.5    0.01185    
 1400        -10.22353   0.0482      -10.17533   372.89   0.00926     1e-05       2.544     2.544     8.248     11.558    88921268486.31502 546.28   0.0107     
 1500        -10.22943   0.05408     -10.17535   418.38   0.01094     1e-05       2.544     2.544     8.248     11.558    89441479226.56567 532.38   0.01163    

Time averages:
             Epot        Ekin        Etot        Temp     MSD         Self_diff   Pressure    Spec_heat   DebyeT   Lindemann  
             eV/atom     eV/atom     eV/atom     K        Å^2         mm^2/s      Pa          J/(K*Kg)    K        1          
             -10.21528   0.03996     -10.17531   309.17   0.00705     1e-05       88113815294.84743 276.26924   624.44   0.00908    