Material ID: 0176
Unit cell composition: Ni125
Material:  Ni
Site positions of initial unit cell:
 Ni         
 0.00000    
 0.00000    
 0.00000    
Properties:
 Time        Epot        Ekin        Etot        Temp     MSD         Self_diff   LC_a      LC_b      LC_c      Volume      Pressure    DebyeT   Lindemann  
 fs          eV/atom     eV/atom     eV/atom     K        Å^2         mm^2/s      Å         Å         Å         Å^3/atom    Pa          K        1          
 500         -16.52082   0.02869     -16.49213   221.97   0.0         0.0         2.368     2.368     2.368     10.223    10718433729.6103 inf      0.0        
 600         -16.54592   0.05388     -16.49204   416.83   0.06081     0.00017     2.368     2.368     2.368     10.223    7232263030.34159 225.8    0.02083    
 700         -16.58193   0.08985     -16.49208   695.1    0.1026      0.00024     2.368     2.368     2.368     10.223    10449419767.46073 224.49   0.02705    
 800         -16.61505   0.12293     -16.49212   950.99   0.14663     0.00031     2.368     2.368     2.368     10.223    12374128263.88142 219.64   0.03234    
 900         -16.61449   0.12232     -16.49217   946.29   0.19115     0.00035     2.368     2.368     2.368     10.223    11337620323.77099 191.89   0.03693    
 1000        -16.61985   0.12764     -16.49221   987.47   0.15359     0.00026     2.368     2.368     2.368     10.223    12756894836.19756 218.69   0.0331     
 1100        -16.62904   0.13684     -16.4922    1058.64  0.22156     0.00034     2.368     2.368     2.368     10.223    12313428550.86065 188.52   0.03975    
 1200        -16.61477   0.12253     -16.49224   947.9    0.23493     0.00033     2.368     2.368     2.368     10.223    10864389617.15063 173.24   0.04094    
 1300        -16.62029   0.128       -16.49229   990.25   0.19691     0.00025     2.368     2.368     2.368     10.223    11910799314.72651 193.41   0.03748    
 1400        -16.59809   0.10595     -16.49214   819.69   0.23227     0.00028     2.368     2.368     2.368     10.223    9882318132.50563 162.02   0.0407     
 1500        -16.60795   0.11579     -16.49216   895.81   0.2119      0.00024     2.368     2.368     2.368     10.223    10826321000.8419 177.33   0.03888    

Time averages:
             Epot        Ekin        Etot        Temp     MSD         Self_diff   Pressure    Spec_heat   DebyeT   Lindemann  
             eV/atom     eV/atom     eV/atom     K        Å^2         mm^2/s      Pa          J/(K*Kg)    K        1          
             -16.60474   0.11257     -16.49216   870.9    0.17523     0.00029     10994758283.77376 218.66683   197.5    0.0348     