Material ID: 0216
Unit cell composition: Mg125
Material:  Mg
Site positions of initial unit cell:
 Mg         
 0.00000    
 0.00000    
 0.00000    
Properties:
 Time        Epot        Ekin        Etot        Temp     MSD         Self_diff   LC_a      LC_b      LC_c      Volume      Pressure    DebyeT   Lindemann  
 fs          eV/atom     eV/atom     eV/atom     K        Å^2         mm^2/s      Å         Å         Å         Å^3/atom    Pa          K        1          
 500         -0.39029    0.02521     -0.36507    195.07   0.0         0.0         2.994     2.994     3.097     24.039    3370005212.93431 inf      0.0        
 600         -0.38113    0.01606     -0.36507    124.21   0.11448     0.00032     2.994     2.994     3.097     24.039    2722609063.41542 139.6    0.0226     
 700         -0.38334    0.01826     -0.36507    141.29   0.32062     0.00076     2.994     2.994     3.097     24.039    2655786435.87315 88.97    0.03782    
 800         -0.38811    0.02304     -0.36507    178.25   0.63094     0.00131     2.994     2.994     3.097     24.039    2443209874.83149 71.24    0.05306    
 900         -0.3904     0.02533     -0.36507    195.97   0.99249     0.00184     2.994     2.994     3.097     24.039    2161548563.06678 59.55    0.06655    
 1000        -0.3913     0.02623     -0.36507    202.92   1.3527      0.00225     2.994     2.994     3.097     24.039    2173137610.75571 51.91    0.07769    
 1100        -0.39446    0.02939     -0.36507    227.37   1.7126      0.00259     2.994     2.994     3.097     24.039    2161566128.69948 48.83    0.08742    
 1200        -0.3951     0.03003     -0.36507    232.29   2.00556     0.00279     2.994     2.994     3.097     24.039    2158176603.98145 45.61    0.0946     
 1300        -0.39678    0.03171     -0.36507    245.29   2.30159     0.00295     2.994     2.994     3.097     24.039    2025452438.3419 43.75    0.10134    
 1400        -0.40067    0.0356      -0.36507    275.42   2.70936     0.00323     2.994     2.994     3.097     24.039    1561941231.59897 42.73    0.10995    
 1500        -0.40523    0.04016     -0.36507    310.67   3.00305     0.00334     2.994     2.994     3.097     24.039    1732482110.35352 43.11    0.11576    

Time averages:
             Epot        Ekin        Etot        Temp     MSD         Self_diff   Pressure    Spec_heat   DebyeT   Lindemann  
             eV/atom     eV/atom     eV/atom     K        Å^2         mm^2/s      Pa          J/(K*Kg)    K        1          
             -0.39265    0.02758     -0.36507    213.37   1.51434     0.00234     2179591006.09179 536.44864   63.53    0.07668    