Material ID: 0024
Unit cell composition: Ag375Cd125
Material:  Ag3Cd
Site positions:
Ag                      Cd
0.0                      0.0                      2.108463                      2.108463                      
0.0                      2.108463                      0.0                      2.108463                      
0.0                      2.108463                      2.108463                      0.0                      
Properties:
 Time        Epot        Ekin        Etot        Temp     MSD         Self_diff   LC_a      LC_b      LC_c      Volume      Pressure   
 fs          eV/atom     eV/atom     eV/atom     K        Å^2         mm^2/s      Å         Å         Å         Å^3/atom    eV/Å^3     
 1500        -7.03289    0.02713     -7.00575    209.92   0.0         0.0         4.301     4.301     4.301     19.894    0.38769    
 1800        -7.02223    0.01649     -7.00574    127.6    0.01075     1e-05       4.301     4.301     4.301     19.894    0.38423    
 2100        -7.02598    0.02023     -7.00574    156.53   0.00864     1e-05       4.301     4.301     4.301     19.894    0.38554    
 2400        -7.02591    0.02016     -7.00575    155.96   0.01614     1e-05       4.301     4.301     4.301     19.894    0.38563    
 2700        -7.02755    0.02179     -7.00576    168.55   0.01975     1e-05       4.301     4.301     4.301     19.894    0.38662    
 3000        -7.02633    0.02057     -7.00576    159.16   0.02579     1e-05       4.301     4.301     4.301     19.894    0.38596    
 3300        -7.02874    0.02299     -7.00576    177.84   0.03111     2e-05       4.301     4.301     4.301     19.894    0.38671    
 3600        -7.02536    0.01961     -7.00575    151.68   0.03948     2e-05       4.301     4.301     4.301     19.894    0.3856     
 3900        -7.0276     0.02185     -7.00576    169.03   0.04827     2e-05       4.301     4.301     4.301     19.894    0.38655    
 4200        -7.02636    0.0206      -7.00575    159.4    0.0589      2e-05       4.301     4.301     4.301     19.894    0.38608    
 4500        -7.02566    0.01991     -7.00575    154.01   0.07115     3e-05       4.301     4.301     4.301     19.894    0.38561    

Time averages:
             Epot        Ekin        Etot        Temp     MSD         Self_diff   Pressure    Spec_heat  
             eV/atom     eV/atom     eV/atom     K        Å^2         mm^2/s      eV/Å^3      J/(K*Kg)   
             -7.02617    0.02042     -7.00575    157.98   0.033       2e-05       0.38585     -98.7401   