Material ID: 0167
Unit cell composition: Ni250
Material:  Ni
Site positions of initial unit cell:
 Ni          Ni         
 -0.00000    1.20834    
 1.39527     0.69764    
 5.74724     7.76811    
Properties:
 Time        Epot        Ekin        Etot        Temp     MSD         Self_diff   LC_a      LC_b      LC_c      Volume      Pressure    DebyeT   Lindemann  
 fs          eV/atom     eV/atom     eV/atom     K        Å^2         mm^2/s      Å         Å         Å         Å^3/atom    Pa          K        1          
 500         -11.47536   0.02402     -11.45134   185.81   0.0         0.0         2.417     2.417     13.515    34.18     -4721031431.6718 inf      0.0        
 600         -11.46434   0.01305     -11.45129   100.94   0.00238     1e-05       2.417     2.417     13.515    34.18     -7139280461.97006 561.75   0.0014     
 700         -11.46457   0.01327     -11.45129   102.7    0.00831     2e-05       2.417     2.417     13.515    34.18     -7618124674.48601 303.2    0.00262    
 800         -11.46749   0.01619     -11.45131   125.22   0.018       4e-05       2.417     2.417     13.515    34.18     -5466426914.69636 227.51   0.00385    
 900         -11.46807   0.01677     -11.4513    129.74   0.03173     6e-05       2.417     2.417     13.515    34.18     -5906562385.59723 174.4    0.00511    
 1000        -11.46492   0.01361     -11.4513    105.33   0.04965     8e-05       2.417     2.417     13.515    34.18     -7907148385.06304 125.61   0.00639    
 1100        -11.4663    0.01499     -11.45131   115.98   0.07124     0.00011     2.417     2.417     13.515    34.18     -6282610322.93926 110.05   0.00766    
 1200        -11.46491   0.01363     -11.45129   105.41   0.09667     0.00013     2.417     2.417     13.515    34.18     -5140937980.11428 90.06    0.00892    
 1300        -11.4645    0.01321     -11.45129   102.16   0.12631     0.00016     2.417     2.417     13.515    34.18     -7617574497.44128 77.56    0.0102     
 1400        -11.46493   0.01362     -11.4513    105.4    0.15978     0.00019     2.417     2.417     13.515    34.18     -7052076040.38736 70.05    0.01147    
 1500        -11.46408   0.01278     -11.4513    98.86    0.19714     0.00022     2.417     2.417     13.515    34.18     -5237326650.75807 61.07    0.01274    

Time averages:
             Epot        Ekin        Etot        Temp     MSD         Self_diff   Pressure    Spec_heat   DebyeT   Lindemann  
             eV/atom     eV/atom     eV/atom     K        Å^2         mm^2/s      Pa          J/(K*Kg)    K        1          
             -11.46541   0.01411     -11.4513    109.17   0.07612     0.00011     -6536806831.3453 214.97841   180.13   0.00704    