Material ID: 0229
Unit cell composition: Pd500
Material:  Pd
Site positions of initial unit cell:
 Pd          Pd          Pd          Pd         
 0.00000     -0.00000    0.00000     1.39885    
 0.00000     1.61525     0.00000     0.80762    
 0.00000     2.28701     4.57402     6.86103    
Properties:
 Time        Epot        Ekin        Etot        Temp     MSD         Self_diff   LC_a      LC_b      LC_c      Volume      Pressure    DebyeT   Lindemann  
 fs          eV/atom     eV/atom     eV/atom     K        Å^2         mm^2/s      Å         Å         Å         Å^3/atom    Pa          K        1          
 500         -9.86853    0.02544     -9.84308    196.85   0.0         0.0         2.91      2.91      9.514     17.438    90497254486.6777 inf      0.0        
 600         -9.88905    0.04596     -9.8431     355.54   0.03129     9e-05       2.91      2.91      9.514     17.438    93347976557.19237 215.91   0.01719    
 700         -9.9141     0.071       -9.84311    549.26   0.01267     3e-05       2.91      2.91      9.514     17.438    95862727023.02164 421.8    0.01094    
 800         -9.91153    0.06844     -9.84309    529.47   0.01588     3e-05       2.91      2.91      9.514     17.438    95695768158.39062 369.82   0.01225    
 900         -9.90952    0.06643     -9.84309    513.91   0.01855     3e-05       2.91      2.91      9.514     17.438    95507336709.7772 337.1    0.01324    
 1000        -9.90152    0.05843     -9.8431     452.02   0.01627     3e-05       2.91      2.91      9.514     17.438    94898118285.53606 337.58   0.0124     
 1100        -9.88784    0.04475     -9.84309    346.22   0.02858     4e-05       2.91      2.91      9.514     17.438    93463837831.27324 222.91   0.01643    
 1200        -9.87957    0.03648     -9.84308    282.26   0.00957     1e-05       2.91      2.91      9.514     17.438    92569834939.44972 347.84   0.00951    
 1300        -9.88638    0.0433      -9.84308    334.96   0.02639     3e-05       2.91      2.91      9.514     17.438    93313905695.55534 228.21   0.01579    
 1400        -9.90059    0.0575      -9.84309    444.83   0.01997     2e-05       2.91      2.91      9.514     17.438    94761729063.97073 302.29   0.01374    
 1500        -9.8957     0.05262     -9.84308    407.07   0.01836     2e-05       2.91      2.91      9.514     17.438    94413658658.45917 301.57   0.01317    

Time averages:
             Epot        Ekin        Etot        Temp     MSD         Self_diff   Pressure    Spec_heat   DebyeT   Lindemann  
             eV/atom     eV/atom     eV/atom     K        Å^2         mm^2/s      Pa          J/(K*Kg)    K        1          
             -9.89758    0.05449     -9.84309    421.55   0.01975     3e-05       94383489292.2626 132.07715   308.5    0.01347    