Material ID: 0296
Unit cell composition: Mg125
Material:  Mg
Site positions of initial unit cell:
 Mg         
 0.00000    
 0.00000    
 0.00000    
Properties:
 Time        Epot        Ekin        Etot        Temp     MSD         Self_diff   LC_a      LC_b      LC_c      Volume      Pressure    DebyeT   Lindemann  
 fs          eV/atom     eV/atom     eV/atom     K        Å^2         mm^2/s      Å         Å         Å         Å^3/atom    Pa          K        1          
 500         -0.39029    0.02808     -0.3622     217.27   0.0         0.0         2.994     2.994     3.097     24.039    3370005212.93431 inf      0.0        
 600         -0.37812    0.01592     -0.3622     123.13   0.12304     0.00034     2.994     2.994     3.097     24.039    2598080078.01834 134.07   0.02343    
 700         -0.38289    0.02069     -0.3622     160.03   0.29785     0.00071     2.994     2.994     3.097     24.039    2595147812.74041 98.24    0.03646    
 800         -0.38629    0.02409     -0.3622     186.34   0.58761     0.00122     2.994     2.994     3.097     24.039    2407470388.35327 75.47    0.05121    
 900         -0.38848    0.02627     -0.3622     203.25   0.91677     0.0017      2.994     2.994     3.097     24.039    2049164201.5175 63.11    0.06396    
 1000        -0.38925    0.02705     -0.3622     209.28   1.19244     0.00199     2.994     2.994     3.097     24.039    1812923805.33148 56.15    0.07295    
 1100        -0.39282    0.03061     -0.3622     236.83   1.45168     0.0022      2.994     2.994     3.097     24.039    1870238030.40304 54.13    0.08048    
 1200        -0.39521    0.03301     -0.3622     255.37   1.67604     0.00233     2.994     2.994     3.097     24.039    1984467348.86885 52.31    0.08648    
 1300        -0.398      0.03579     -0.3622     276.91   1.9868      0.00255     2.994     2.994     3.097     24.039    1828334646.0377 50.04    0.09416    
 1400        -0.39891    0.03671     -0.3622     283.99   2.19091     0.00261     2.994     2.994     3.097     24.039    1484018705.99219 48.25    0.09888    
 1500        -0.40554    0.04334     -0.36221    335.28   2.38785     0.00265     2.994     2.994     3.097     24.039    1863983148.92869 50.22    0.10322    

Time averages:
             Epot        Ekin        Etot        Temp     MSD         Self_diff   Pressure    Spec_heat   DebyeT   Lindemann  
             eV/atom     eV/atom     eV/atom     K        Å^2         mm^2/s      Pa          J/(K*Kg)    K        1          
             -0.39155    0.02935     -0.3622     227.04   1.2811      0.002       2049382816.61915 538.31447   68.2     0.07112    