Material ID: 0166
Unit cell composition: Ni250
Material:  Ni
Site positions of initial unit cell:
 Ni          Ni         
 -0.00000    1.20834    
 1.39527     0.69764    
 5.74724     7.76811    
Properties:
 Time        Epot        Ekin        Etot        Temp     MSD         Self_diff   LC_a      LC_b      LC_c      Volume      Pressure    DebyeT   Lindemann  
 fs          eV/atom     eV/atom     eV/atom     K        Å^2         mm^2/s      Å         Å         Å         Å^3/atom    Pa          K        1          
 500         -11.24248   0.02531     -11.21718   195.77   0.0         0.0         2.368     2.368     13.245    32.17     -33545617490.57143 inf      0.0        
 600         -11.22804   0.01096     -11.21708   84.81    0.00172     0.0         2.368     2.368     13.245    32.17     -32722207243.91884 605.56   0.00121    
 700         -11.22979   0.01267     -11.21712   98.02    0.00498     1e-05       2.368     2.368     13.245    32.17     -32269571608.98567 382.49   0.00207    
 800         -11.22711   0.01002     -11.21709   77.49    0.01003     2e-05       2.368     2.368     13.245    32.17     -33499782891.4668 239.74   0.00293    
 900         -11.2309    0.0138      -11.2171    106.74   0.01635     3e-05       2.368     2.368     13.245    32.17     -32823669088.1563 220.35   0.00374    
 1000        -11.23181   0.01471     -11.21711   113.76   0.02504     4e-05       2.368     2.368     13.245    32.17     -32707381701.06656 183.85   0.00463    
 1100        -11.22872   0.01162     -11.2171    89.91    0.03622     5e-05       2.368     2.368     13.245    32.17     -33399741460.71242 135.87   0.00557    
 1200        -11.22943   0.01233     -11.2171    95.37    0.04943     7e-05       2.368     2.368     13.245    32.17     -32552324085.80739 119.8    0.00651    
 1300        -11.23157   0.01445     -11.21712   111.79   0.06414     8e-05       2.368     2.368     13.245    32.17     -32889528848.69214 113.86   0.00742    
 1400        -11.22809   0.01101     -11.21708   85.2     0.08061     0.0001      2.368     2.368     13.245    32.17     -33285984690.90428 88.66    0.00831    
 1500        -11.2329    0.01578     -11.21711   122.1    0.09904     0.00011     2.368     2.368     13.245    32.17     -32606913195.87278 95.76    0.00921    

Time averages:
             Epot        Ekin        Etot        Temp     MSD         Self_diff   Pressure    Spec_heat   DebyeT   Lindemann  
             eV/atom     eV/atom     eV/atom     K        Å^2         mm^2/s      Pa          J/(K*Kg)    K        1          
             -11.22984   0.01273     -11.2171    98.52    0.03876     6e-05       -32875710481.55833 218.25708   218.59   0.00516    