Material ID: 0210
Unit cell composition: Mg250
Material:  Mg
Site positions of initial unit cell:
 Mg          Mg         
 -0.00000    1.60152    
 1.84927     0.92463    
 1.28167     3.84502    
Properties:
 Time        Epot        Ekin        Etot        Temp     MSD         Self_diff   LC_a      LC_b      LC_c      Volume      Pressure    DebyeT   Lindemann  
 fs          eV/atom     eV/atom     eV/atom     K        Å^2         mm^2/s      Å         Å         Å         Å^3/atom    Pa          K        1          
 500         -0.50307    0.0256      -0.47747    198.04   0.0         0.0         3.075     3.075     4.922     20.15     5114915063.98965 inf      0.0        
 600         -0.48947    0.012       -0.47747    92.81    0.09854     0.00027     3.075     3.075     4.922     20.15     4105054995.47091 130.07   0.01912    
 700         -0.49131    0.01384     -0.47747    107.07   0.1303      0.00031     3.075     3.075     4.922     20.15     4191854560.52938 121.49   0.02198    
 800         -0.49182    0.01435     -0.47747    111.05   0.13582     0.00028     3.075     3.075     4.922     20.15     4220281637.28644 121.19   0.02245    
 900         -0.49184    0.01437     -0.47747    111.14   0.14169     0.00026     3.075     3.075     4.922     20.15     4220647110.74492 118.7    0.02293    
 1000        -0.49249    0.01502     -0.47747    116.17   0.14167     0.00024     3.075     3.075     4.922     20.15     4210414166.54139 121.37   0.02292    
 1100        -0.49245    0.01499     -0.47747    115.93   0.1392      0.00021     3.075     3.075     4.922     20.15     4207972692.87879 122.31   0.02272    
 1200        -0.4926     0.01513     -0.47747    117.04   0.14216     0.0002      3.075     3.075     4.922     20.15     4169850373.27567 121.61   0.02296    
 1300        -0.49228    0.01481     -0.47747    114.55   0.15585     0.0002      3.075     3.075     4.922     20.15     4190458555.13133 114.9    0.02404    
 1400        -0.49226    0.01479     -0.47747    114.42   0.16382     0.0002      3.075     3.075     4.922     20.15     4222748412.35529 112.01   0.02465    
 1500        -0.49289    0.01542     -0.47747    119.31   0.17622     0.0002      3.075     3.075     4.922     20.15     4287777229.48323 110.28   0.02557    

Time averages:
             Epot        Ekin        Etot        Temp     MSD         Self_diff   Pressure    Spec_heat   DebyeT   Lindemann  
             eV/atom     eV/atom     eV/atom     K        Å^2         mm^2/s      Pa          J/(K*Kg)    K        1          
             -0.49194    0.01447     -0.47747    111.95   0.14253     0.00023     4202705973.36973 515.97736   119.39   0.02293    