Material ID: 0177
Unit cell composition: Ni125
Material:  Ni
Site positions of initial unit cell:
 Ni         
 0.00000    
 0.00000    
 0.00000    
Properties:
 Time        Epot        Ekin        Etot        Temp     MSD         Self_diff   LC_a      LC_b      LC_c      Volume      Pressure    DebyeT   Lindemann  
 fs          eV/atom     eV/atom     eV/atom     K        Å^2         mm^2/s      Å         Å         Å         Å^3/atom    Pa          K        1          
 500         -16.26722   0.0279      -16.23932   215.88   0.0         0.0         2.416     2.416     2.416     10.861    107179578615.92625 inf      0.0        
 600         -16.28708   0.04783     -16.23925   370.05   0.04645     0.00013     2.416     2.416     2.416     10.861    104006427911.53268 243.42   0.01784    
 700         -16.31891   0.07962     -16.2393    615.96   0.05943     0.00014     2.416     2.416     2.416     10.861    107063964969.11916 277.66   0.02018    
 800         -16.3138    0.07451     -16.23929   576.41   0.06638     0.00014     2.416     2.416     2.416     10.861    107011660004.517 254.15   0.02132    
 900         -16.31696   0.07767     -16.23929   600.88   0.10875     0.0002      2.416     2.416     2.416     10.861    106092382077.51755 202.73   0.02729    
 1000        -16.33407   0.09477     -16.23931   733.14   0.1447      0.00024     2.416     2.416     2.416     10.861    106849043032.26105 194.13   0.03148    
 1100        -16.3394    0.10009     -16.23931   774.33   0.24763     0.00038     2.416     2.416     2.416     10.861    105494537622.4942 152.51   0.04119    
 1200        -16.35714   0.11778     -16.23936   911.16   0.24664     0.00034     2.416     2.416     2.416     10.861    107256896630.15681 165.77   0.0411     
 1300        -16.35924   0.11987     -16.23937   927.34   0.22382     0.00029     2.416     2.416     2.416     10.861    107511848458.7123 175.55   0.03916    
 1400        -16.34921   0.10986     -16.23935   849.9    0.25838     0.00031     2.416     2.416     2.416     10.861    106294975626.73466 156.42   0.04207    
 1500        -16.35444   0.11504     -16.2394    889.99   0.26211     0.00029     2.416     2.416     2.416     10.861    106780608820.3901 158.92   0.04237    

Time averages:
             Epot        Ekin        Etot        Temp     MSD         Self_diff   Pressure    Spec_heat   DebyeT   Lindemann  
             eV/atom     eV/atom     eV/atom     K        Å^2         mm^2/s      Pa          J/(K*Kg)    K        1          
             -16.33302   0.0937      -16.23932   724.92   0.16643     0.00026     106436234515.34355 220.78757   198.13   0.0324     