Material ID: 0054
Unit cell composition: Fe125
Material:  Fe
Site positions of initial unit cell:
 Fe         
 0.00000    
 0.00000    
 0.00000    
Properties:
 Time        Epot        Ekin        Etot        Temp     MSD         Self_diff   LC_a      LC_b      LC_c      Volume      Pressure    DebyeT   Lindemann  
 fs          eV/atom     eV/atom     eV/atom     K        Å^2         mm^2/s      Å         Å         Å         Å^3/atom    Pa          K        1          
 500         -7.72617    0.02333     -7.70284    180.5    0.0         0.0         2.59      2.59      2.49      14.458    17938398697.0546 inf      0.0        
 600         -8.06165    0.35883     -7.70282    2776.04  0.11879     0.00033     2.59      2.59      2.49      14.458    41938476267.88357 427.43   0.02769    
 700         -8.09366    0.39068     -7.70298    3022.46  0.9071      0.00216     2.59      2.59      2.49      14.458    41664068982.66878 161.4    0.07651    
 800         -8.10449    0.40135     -7.70313    3105.01  1.02421     0.00213     2.59      2.59      2.49      14.458    41587747295.70618 153.95   0.0813     
 900         -8.12589    0.42283     -7.70305    3271.19  1.14419     0.00212     2.59      2.59      2.49      14.458    43222723894.49943 149.5    0.08593    
 1000        -8.14226    0.43926     -7.70299    3398.3   1.30404     0.00217     2.59      2.59      2.49      14.458    45214311491.80336 142.73   0.09174    
 1100        -8.17365    0.47057     -7.70308    3640.49  1.28056     0.00194     2.59      2.59      2.49      14.458    46841283315.50372 149.08   0.09091    
 1200        -8.17639    0.47325     -7.70313    3661.26  1.47254     0.00205     2.59      2.59      2.49      14.458    46146373880.85844 139.42   0.09749    
 1300        -8.09267    0.3897      -7.70297    3014.85  1.48006     0.0019      2.59      2.59      2.49      14.458    40745931097.46718 126.19   0.09774    
 1400        -8.13828    0.43521     -7.70307    3366.91  1.85027     0.0022      2.59      2.59      2.49      14.458    44327976931.96552 119.27   0.10928    
 1500        -8.21614    0.51298     -7.70316    3968.59  2.14585     0.00238     2.59      2.59      2.49      14.458    49557203401.45753 120.24   0.11768    

Time averages:
             Epot        Ekin        Etot        Temp     MSD         Self_diff   Pressure    Spec_heat   DebyeT   Lindemann  
             eV/atom     eV/atom     eV/atom     K        Å^2         mm^2/s      Pa          J/(K*Kg)    K        1          
             -8.13251    0.42947     -7.70304    3322.51  1.27276     0.00212     44124609655.98137 224.92191   168.92   0.08763    