Material ID: 0098
Unit cell composition: Ag125La125
Material:  AgLa
Site positions of initial unitcell:
 Ag          La         
 0.00000     1.92142    
 0.00000     1.92142    
 0.00000     1.92142    
Properties:
 Time        Epot        Ekin        Etot        Temp     MSD         Self_diff   LC_a      LC_b      LC_c      Volume      Pressure   
 fs          eV/atom     eV/atom     eV/atom     K        Å^2         mm^2/s      Å         Å         Å         Å^3/atom    eV/Å^3     
 1500        -16.72424   0.02729     -16.69695   211.13   0.0         0.0         3.881     3.881     3.881     29.234    -0.38451   
 1800        -16.71917   0.02223     -16.69694   171.97   0.00132     0.0         3.881     3.881     3.881     29.234    -0.38536   
 2100        -16.72948   0.03227     -16.6972    249.66   0.00416     0.0         3.881     3.881     3.881     29.234    -0.38357   
 2400        -16.72315   0.02613     -16.69702   202.18   0.00901     1e-05       3.881     3.881     3.881     29.234    -0.38468   
 2700        -16.71088   0.01416     -16.69672   109.57   0.01556     1e-05       3.881     3.881     3.881     29.234    -0.38681   
 3000        -16.71275   0.016       -16.69675   123.76   0.02325     1e-05       3.881     3.881     3.881     29.234    -0.3865    
 3300        -16.72746   0.03033     -16.69713   234.61   0.03215     2e-05       3.881     3.881     3.881     29.234    -0.38394   
 3600        -16.72445   0.02737     -16.69708   211.77   0.04285     2e-05       3.881     3.881     3.881     29.234    -0.38445   
 3900        -16.71142   0.01467     -16.69676   113.46   0.05547     2e-05       3.881     3.881     3.881     29.234    -0.38671   
 4200        -16.71198   0.01524     -16.69674   117.91   0.0699      3e-05       3.881     3.881     3.881     29.234    -0.38663   
 4500        -16.72588   0.02881     -16.69707   222.91   0.08632     3e-05       3.881     3.881     3.881     29.234    -0.38422   

Time averages:
             Epot        Ekin        Etot        Temp     MSD         Self_diff   Pressure    Spec_heat  
             eV/atom     eV/atom     eV/atom     K        Å^2         mm^2/s      eV/Å^3      J/(K*Kg)   
             -16.71966   0.02272     -16.69694   175.78   0.034       2e-05       -0.38529    -7.31539   