Material ID: 0094
Unit cell composition: Cu125
Material:  Cu
Site positions of initial unit cell:
 Cu         
 0.00000    
 0.00000    
 0.00000    
Properties:
 Time        Epot        Ekin        Etot        Temp     MSD         Self_diff   LC_a      LC_b      LC_c      Volume      Pressure    DebyeT   Lindemann  
 fs          eV/atom     eV/atom     eV/atom     K        Å^2         mm^2/s      Å         Å         Å         Å^3/atom    Pa          K        1          
 500         -15.88636   0.02476     -15.8616    191.56   0.0         0.0         2.587     2.587     2.587     13.333    102766239383.81812 inf      0.0        
 600         -15.93319   0.07161     -15.86158   554.01   0.0377      0.0001      2.587     2.587     2.587     13.333    103742991361.66386 317.75   0.01501    
 700         -15.92805   0.06648     -15.86157   514.33   0.07686     0.00018     2.587     2.587     2.587     13.333    102491580197.58264 214.42   0.02143    
 800         -15.9291    0.06753     -15.86158   522.41   0.11139     0.00023     2.587     2.587     2.587     13.333    101937579144.69974 179.5    0.0258     
 900         -15.93814   0.07654     -15.86161   592.13   0.14143     0.00026     2.587     2.587     2.587     13.333    102295584450.77003 169.6    0.02907    
 1000        -15.96078   0.09919     -15.8616    767.34   0.20069     0.00033     2.587     2.587     2.587     13.333    102919530847.43327 162.08   0.03463    
 1100        -15.96148   0.09989     -15.8616    772.75   0.25338     0.00038     2.587     2.587     2.587     13.333    102900537876.346 144.75   0.03891    
 1200        -15.95885   0.09723     -15.86162   752.23   0.32113     0.00045     2.587     2.587     2.587     13.333    102363333454.55042 126.86   0.04381    
 1300        -15.95587   0.09424     -15.86163   729.08   0.38128     0.00049     2.587     2.587     2.587     13.333    102074648128.90643 114.62   0.04773    
 1400        -15.94381   0.08221     -15.86161   635.97   0.36019     0.00043     2.587     2.587     2.587     13.333    101281334753.03725 110.14   0.04639    
 1500        -15.96247   0.10083     -15.86164   780.08   0.38776     0.00043     2.587     2.587     2.587     13.333    102642954184.56796 117.56   0.04814    

Time averages:
             Epot        Ekin        Etot        Temp     MSD         Self_diff   Pressure    Spec_heat   DebyeT   Lindemann  
             eV/atom     eV/atom     eV/atom     K        Å^2         mm^2/s      Pa          J/(K*Kg)    K        1          
             -15.94717   0.08557     -15.8616    662.03   0.22718     0.00035     102465007439.95576 199.55452   165.73   0.03509    