Material ID: 0071
Unit cell composition: Ag125Cd375
Material:  AgCd3
Site positions of initial unit cell:
 Ag          Cd          Cd          Cd         
 -0.00000    0.00000     0.00000     -0.00000   
 1.83532     0.00000     0.00000     1.83532    
 4.82304     2.31213     7.33395     0.00000    
Properties:
 Time        Epot        Ekin        Etot        Temp     MSD         Self_diff   LC_a      LC_b      LC_c      Volume      Pressure   
 fs          eV/atom     eV/atom     eV/atom     K        Å^2         mm^2/s      Å         Å         Å         Å^3/atom    eV/Å^3     
 1000        -1.86588    0.02549     -1.84038    197.24   0.0         0.0         3.115     3.115     9.453     19.863    0.08485    
 1200        -1.85275    0.01237     -1.84038    95.7     0.05668     8e-05       3.115     3.115     9.453     19.863    0.09277    
 1400        -1.86184    0.02146     -1.84039    166.01   0.04983     6e-05       3.115     3.115     9.453     19.863    0.08596    
 1600        -1.86151    0.02112     -1.84038    163.4    0.04566     5e-05       3.115     3.115     9.453     19.863    0.08926    
 1800        -1.86047    0.02008     -1.84039    155.38   0.06001     6e-05       3.115     3.115     9.453     19.863    0.09141    
 2000        -1.86133    0.02095     -1.84039    162.04   0.06322     5e-05       3.115     3.115     9.453     19.863    0.08445    
 2200        -1.85985    0.01946     -1.84038    150.56   0.0733      6e-05       3.115     3.115     9.453     19.863    0.09133    
 2400        -1.86067    0.02029     -1.84038    156.94   0.08105     6e-05       3.115     3.115     9.453     19.863    0.08666    
 2600        -1.86072    0.02033     -1.84039    157.31   0.08882     6e-05       3.115     3.115     9.453     19.863    0.08756    
 2800        -1.86035    0.01997     -1.84038    154.46   0.0942      6e-05       3.115     3.115     9.453     19.863    0.08882    
 3000        -1.86073    0.02034     -1.84039    157.37   0.10191     6e-05       3.115     3.115     9.453     19.863    0.08654    

Time averages:
             Epot        Ekin        Etot        Temp     MSD         Self_diff   Pressure    Spec_heat  
             eV/atom     eV/atom     eV/atom     K        Å^2         mm^2/s      eV/Å^3      J/(K*Kg)   
             -1.86002    0.01964     -1.84038    151.92   0.07147     6e-05       0.08848     -25.82058  