Material ID: 0026
Unit cell composition: Ag4500In2000
Material:  Ag9In4
Site positions of initial unitcell:
 Ag          Ag          Ag          Ag          Ag          Ag          Ag          Ag          Ag          Ag          Ag          Ag          Ag          Ag          Ag          Ag          Ag          Ag          Ag          Ag          Ag          Ag          Ag          Ag          Ag          Ag          Ag          Ag          Ag          Ag          Ag          Ag          Ag          Ag          Ag          Ag          In          In          In          In          In          In          In          In          In          In          In          In          In          In          In          In         
 1.90986     8.15554     4.69367     8.15554     5.37173     1.90986     8.15554     5.37173     4.69367     1.90986     1.90986     8.15554     1.24293     8.82247     8.82247     1.24293     6.86373     3.20167     9.78397     3.20167     0.28143     6.86373     3.20167     0.28143     9.78397     6.86373     6.86373     3.20167     5.03270     8.61470     1.45070     5.03270     6.08687     3.97853     3.97853     6.08687     8.36604     1.69936     1.69936     8.36604     3.27168     6.79372     6.79372     3.27168     0.00000     0.00000     0.00000     6.47437     3.59103     0.00000     5.03270     5.03270    
 1.90986     4.69367     8.15554     5.37173     8.15554     8.15554     1.90986     1.90986     1.90986     4.69367     5.37173     8.15554     8.82247     8.82247     1.24293     1.24293     6.86373     9.78397     3.20167     0.28143     3.20167     3.20167     6.86373     6.86373     6.86373     9.78397     0.28143     3.20167     5.03270     5.03270     5.03270     1.45070     6.08687     6.08687     3.97853     3.97853     8.36604     8.36604     1.69936     1.69936     3.27168     3.27168     6.79372     6.79372     0.00000     3.59103     6.47437     0.00000     0.00000     0.00000     5.03270     8.61470    
 5.37173     1.90986     1.90986     8.15554     8.15554     4.69367     4.69367     1.90986     8.15554     8.15554     1.90986     5.37173     8.82247     1.24293     8.82247     1.24293     0.28143     6.86373     6.86373     3.20167     3.20167     9.78397     9.78397     6.86373     3.20167     3.20167     6.86373     0.28143     1.45070     5.03270     5.03270     5.03270     6.08687     3.97853     6.08687     3.97853     8.36604     1.69936     8.36604     1.69936     3.27168     6.79372     3.27168     6.79372     3.59103     0.00000     0.00000     0.00000     0.00000     6.47437     8.61470     5.03270    
Properties:
 Time        Epot        Ekin        Etot        Temp     MSD         Self_diff   LC_a      LC_b      LC_c      Volume      Pressure   
 fs          eV/atom     eV/atom     eV/atom     K        Å^2         mm^2/s      Å         Å         Å         Å^3/atom    eV/Å^3     
 1500        -9.85867    0.02551     -9.83316    197.34   0.0         0.0         9.965     9.965     9.965     19.028    0.44053    
 1800        -9.8715     0.03824     -9.83326    295.83   0.01208     1e-05       9.965     9.965     9.965     19.028    0.44328    
 2100        -9.87531    0.04201     -9.8333     325.02   0.02133     2e-05       9.965     9.965     9.965     19.028    0.43571    
 2400        -9.87328    0.04002     -9.83326    309.64   0.01928     1e-05       9.965     9.965     9.965     19.028    0.4333     
 2700        -9.86928    0.03603     -9.83326    278.72   0.027       2e-05       9.965     9.965     9.965     19.028    0.42819    
 3000        -9.87038    0.03712     -9.83327    287.14   0.02679     1e-05       9.965     9.965     9.965     19.028    0.43041    
 3300        -9.87148    0.03822     -9.83326    295.68   0.02683     1e-05       9.965     9.965     9.965     19.028    0.43239    
 3600        -9.87095    0.03769     -9.83326    291.59   0.02727     1e-05       9.965     9.965     9.965     19.028    0.43434    
 3900        -9.87029    0.03703     -9.83326    286.51   0.02764     1e-05       9.965     9.965     9.965     19.028    0.43527    
 4200        -9.87137    0.0381      -9.83326    294.79   0.02815     1e-05       9.965     9.965     9.965     19.028    0.43558    
 4500        -9.87089    0.03763     -9.83326    291.15   0.02973     1e-05       9.965     9.965     9.965     19.028    0.43434    

Time averages:
             Epot        Ekin        Etot        Temp     MSD         Self_diff   Pressure    Spec_heat  
             eV/atom     eV/atom     eV/atom     K        Å^2         mm^2/s      eV/Å^3      J/(K*Kg)   
             -9.87147    0.03821     -9.83326    295.61   0.02461     1e-05       0.43428     -17.10285  