Material ID: 0250
Unit cell composition: Ni125
Material:  Ni
Site positions of initial unit cell:
 Ni         
 0.00000    
 0.00000    
 0.00000    
Properties:
 Time        Epot        Ekin        Etot        Temp     MSD         Self_diff   LC_a      LC_b      LC_c      Volume      Pressure    DebyeT   Lindemann  
 fs          eV/atom     eV/atom     eV/atom     K        Å^2         mm^2/s      Å         Å         Å         Å^3/atom    Pa          K        1          
 500         -16.28124   0.02408     -16.25716   186.26   0.0         0.0         2.32      2.32      2.32      9.609     -149906549512.01416 inf      0.0        
 600         -16.35361   0.09652     -16.25709   746.7    0.04224     0.00012     2.32      2.32      2.32      9.609     -149183901505.78778 362.6    0.01772    
 700         -16.35461   0.09746     -16.25715   754.01   0.07546     0.00018     2.32      2.32      2.32      9.609     -148377395611.47125 272.63   0.02368    
 800         -16.34794   0.0908      -16.25713   702.48   0.09648     0.0002      2.32      2.32      2.32      9.609     -149280974265.22244 232.72   0.02678    
 900         -16.36041   0.10322     -16.25719   798.54   0.1001      0.00019     2.32      2.32      2.32      9.609     -148182140001.57077 243.6    0.02728    
 1000        -16.3621    0.10491     -16.25719   811.59   0.13164     0.00022     2.32      2.32      2.32      9.609     -148586537805.6216 214.15   0.03128    
 1100        -16.35524   0.09803     -16.25721   758.43   0.13664     0.00021     2.32      2.32      2.32      9.609     -149248927226.61884 203.19   0.03187    
 1200        -16.39677   0.13957     -16.2572    1079.73  0.26587     0.00037     2.32      2.32      2.32      9.609     -148396015079.09427 173.8    0.04446    
 1300        -16.39382   0.13651     -16.25731   1056.08  0.21201     0.00027     2.32      2.32      2.32      9.609     -147272820136.243 192.49   0.0397     
 1400        -16.40049   0.14316     -16.25733   1107.55  0.29037     0.00035     2.32      2.32      2.32      9.609     -147849245124.39426 168.44   0.04646    
 1500        -16.39226   0.13495     -16.25731   1044.04  0.27823     0.00031     2.32      2.32      2.32      9.609     -147668104689.38632 167.07   0.04548    

Time averages:
             Epot        Ekin        Etot        Temp     MSD         Self_diff   Pressure    Spec_heat   DebyeT   Lindemann  
             eV/atom     eV/atom     eV/atom     K        Å^2         mm^2/s      Pa          J/(K*Kg)    K        1          
             -16.37172   0.11451     -16.25721   885.91   0.1629      0.00026     -148404606144.54105 216.9199    223.07   0.03347    