Material ID: 0300
Unit cell composition: Pd125
Material:  Pd
Site positions of initial unit cell:
 Pd         
 0.00000    
 0.00000    
 0.00000    
Properties:
 Time        Epot        Ekin        Etot        Temp     MSD         Self_diff   LC_a      LC_b      LC_c      Volume      Pressure    DebyeT   Lindemann  
 fs          eV/atom     eV/atom     eV/atom     K        Å^2         mm^2/s      Å         Å         Å         Å^3/atom    Pa          K        1          
 500         -11.3953    0.02786     -11.36743   215.56   0.0         0.0         2.686     2.686     2.686     13.705    -22172398526.2892 inf      0.0        
 600         -11.38175   0.01435     -11.36741   110.98   0.00109     0.0         2.686     2.686     2.686     13.705    -22996544609.50246 647.21   0.00245    
 700         -11.37828   0.01088     -11.3674    84.2     0.00324     1e-05       2.686     2.686     2.686     13.705    -23199435006.7944 326.72   0.00424    
 800         -11.38246   0.01506     -11.36741   116.48   0.00662     1e-05       2.686     2.686     2.686     13.705    -22942243639.05763 268.68   0.00606    
 900         -11.38194   0.01454     -11.36741   112.47   0.0114      2e-05       2.686     2.686     2.686     13.705    -22981234061.4887 201.2    0.00795    
 1000        -11.38329   0.01588     -11.36741   122.86   0.01747     3e-05       2.686     2.686     2.686     13.705    -22900730495.01952 169.87   0.00984    
 1100        -11.38282   0.01542     -11.36741   119.26   0.02497     4e-05       2.686     2.686     2.686     13.705    -22925347897.07768 139.98   0.01177    
 1200        -11.3847    0.01729     -11.36741   133.75   0.03372     5e-05       2.686     2.686     2.686     13.705    -22816748872.99234 127.57   0.01367    
 1300        -11.38193   0.01453     -11.3674    112.39   0.04398     6e-05       2.686     2.686     2.686     13.705    -22992378698.9226 102.38   0.01562    
 1400        -11.38044   0.01304     -11.3674    100.91   0.05561     7e-05       2.686     2.686     2.686     13.705    -23070149103.29281 86.28    0.01756    
 1500        -11.38083   0.01343     -11.3674    103.91   0.0686      8e-05       2.686     2.686     2.686     13.705    -23052350486.92818 78.83    0.0195     

Time averages:
             Epot        Ekin        Etot        Temp     MSD         Self_diff   Pressure    Spec_heat   DebyeT   Lindemann  
             eV/atom     eV/atom     eV/atom     K        Å^2         mm^2/s      Pa          J/(K*Kg)    K        1          
             -11.38184   0.01444     -11.36741   111.72   0.02667     4e-05       -22987716287.10764 118.21962   214.87   0.01087    