Material ID: 0020
Unit cell composition: Ag500Eu500
Material:  AgEu
Site positions of initial unit cell:
 Ag          Ag          Ag          Ag          Eu          Eu          Eu          Eu         
 3.58256     1.19419     3.58256     1.19419     1.19419     3.58256     3.58256     1.19419    
 5.41114     2.29132     3.94833     0.82851     3.90368     0.78386     2.33597     5.45579    
 6.56941     5.42710     2.57057     1.42826     0.33240     3.66644     7.66527     4.33123    
Properties:
 Time        Epot        Ekin        Etot        Temp     MSD         Self_diff   LC_a      LC_b      LC_c      Volume      Pressure   
 fs          eV/atom     eV/atom     eV/atom     K        Å^2         mm^2/s      Å         Å         Å         Å^3/atom    eV/Å^3     
 1000        -5.14479    0.02464     -5.12015    190.59   0.0         0.0         4.586     5.99      7.678     26.362    -0.39813   
 1200        -5.28888    0.16741     -5.12147    1295.15  0.0094      1e-05       4.586     5.99      7.678     26.362    -0.36959   
 1400        -5.39036    0.26808     -5.12228    2073.98  0.0344      4e-05       4.586     5.99      7.678     26.362    -0.33963   
 1600        -5.43427    0.3122      -5.12207    2415.29  0.03339     3e-05       4.586     5.99      7.678     26.362    -0.32997   
 1800        -5.40923    0.28722     -5.12201    2222.04  0.06801     6e-05       4.586     5.99      7.678     26.362    -0.33207   
 2000        -5.407      0.28485     -5.12215    2203.7   0.12865     0.00011     4.586     5.99      7.678     26.362    -0.32295   
 2200        -5.42381    0.30162     -5.12219    2333.41  0.10536     8e-05       4.586     5.99      7.678     26.362    -0.32165   
 2400        -5.41042    0.28831     -5.12211    2230.48  0.14132     0.0001      4.586     5.99      7.678     26.362    -0.32014   
 2600        -5.39797    0.27594     -5.12203    2134.75  0.1644      0.00011     4.586     5.99      7.678     26.362    -0.32242   
 2800        -5.41189    0.28978     -5.12211    2241.82  0.14676     9e-05       4.586     5.99      7.678     26.362    -0.32218   
 3000        -5.39891    0.27687     -5.12205    2141.93  0.15377     9e-05       4.586     5.99      7.678     26.362    -0.3244    
 3200        -5.40554    0.28348     -5.12206    2193.11  0.18271     0.0001      4.586     5.99      7.678     26.362    -0.32135   

Time averages:
             Epot        Ekin        Etot        Temp     MSD         Self_diff   Pressure    Spec_heat  
             eV/atom     eV/atom     eV/atom     K        Å^2         mm^2/s      eV/Å^3      J/(K*Kg)   
             -5.40894    0.28684     -5.12211    2219.05  0.11588     9e-05       -0.32568    -529.49575 