Material ID: 0003
Unit cell composition: Ac125Ag125
Material:  AcAg
Site positions of initial unitcell:
 Ac          Ag         
 0.00000     1.98708    
 0.00000     1.98708    
 0.00000     1.98708    
Properties:
 Time        Epot        Ekin        Etot        Temp     MSD         Self_diff   LC_a      LC_b      LC_c      Volume      Pressure   
 fs          eV/atom     eV/atom     eV/atom     K        Å^2         mm^2/s      Å         Å         Å         Å^3/atom    eV/Å^3     
 1500        -15.62203   0.02691     -15.59513   208.17   0.0         0.0         4.014     4.014     4.014     32.335    -0.23945   
 1800        -15.61257   0.01754     -15.59503   135.69   0.00175     0.0         4.014     4.014     4.014     32.335    -0.24098   
 2100        -15.61088   0.01585     -15.59502   122.65   0.00602     0.0         4.014     4.014     4.014     32.335    -0.24121   
 2400        -15.61061   0.01557     -15.59503   120.48   0.01289     1e-05       4.014     4.014     4.014     32.335    -0.24125   
 2700        -15.61244   0.01739     -15.59506   134.5    0.02232     1e-05       4.014     4.014     4.014     32.335    -0.24098   
 3000        -15.61723   0.0221      -15.59513   170.94   0.03432     2e-05       4.014     4.014     4.014     32.335    -0.24019   
 3300        -15.62061   0.02543     -15.59518   196.75   0.04899     2e-05       4.014     4.014     4.014     32.335    -0.23965   
 3600        -15.62338   0.02816     -15.59521   217.87   0.06626     3e-05       4.014     4.014     4.014     32.335    -0.2392    
 3900        -15.62367   0.02845     -15.59522   220.11   0.08622     4e-05       4.014     4.014     4.014     32.335    -0.23917   
 4200        -15.62454   0.02932     -15.59522   226.84   0.10876     4e-05       4.014     4.014     4.014     32.335    -0.23902   
 4500        -15.62154   0.02635     -15.5952    203.82   0.13403     5e-05       4.014     4.014     4.014     32.335    -0.2395    

Time averages:
             Epot        Ekin        Etot        Temp     MSD         Self_diff   Pressure    Spec_heat  
             eV/atom     eV/atom     eV/atom     K        Å^2         mm^2/s      eV/Å^3      J/(K*Kg)   
             -15.61775   0.02262     -15.59513   174.97   0.05216     2e-05       -0.24011    -9.15569   