Material ID: 0062
Unit cell composition: Ag125K375
Material:  AgK3
Site positions of initial unitcell:
 Ag          K           K           K          
 2.88888     0.00000     0.00000     2.88888    
 0.00000     2.88888     0.00000     2.88888    
 0.00000     0.00000     2.88888     2.88888    
Properties:
 Time        Epot        Ekin        Etot        Temp     MSD         Self_diff   LC_a      LC_b      LC_c      Volume      Pressure   
 fs          eV/atom     eV/atom     eV/atom     K        Å^2         mm^2/s      Å         Å         Å         Å^3/atom    eV/Å^3     
 1500        -4.35339    0.02542     -4.32796    196.68   0.0         0.0         5.778     5.778     5.778     48.219    0.10175    
 1800        -4.41059    0.08261     -4.32798    639.11   0.55219     0.00051     5.778     5.778     5.778     48.219    0.07791    
 2100        -4.4581     0.13004     -4.32807    1006.03  1.44559     0.00115     5.778     5.778     5.778     48.219    0.06526    
 2400        -4.49558    0.16743     -4.32816    1295.28  2.40657     0.00167     5.778     5.778     5.778     48.219    0.05605    
 2700        -4.51468    0.18641     -4.32827    1442.16  3.59319     0.00222     5.778     5.778     5.778     48.219    0.0492     
 3000        -4.53336    0.20503     -4.32833    1586.2   4.38377     0.00244     5.778     5.778     5.778     48.219    0.04653    
 3300        -4.53245    0.20417     -4.32828    1579.52  4.71317     0.00238     5.778     5.778     5.778     48.219    0.0469     
 3600        -4.56616    0.23785     -4.32831    1840.07  5.56205     0.00258     5.778     5.778     5.778     48.219    0.03822    
 3900        -4.5808     0.25241     -4.32839    1952.71  6.43788     0.00275     5.778     5.778     5.778     48.219    0.03491    
 4200        -4.58502    0.25662     -4.3284     1985.3   6.93828     0.00275     5.778     5.778     5.778     48.219    0.03334    
 4500        -4.61056    0.28192     -4.32865    2181.0   7.81125     0.00289     5.778     5.778     5.778     48.219    0.0293     

Time averages:
             Epot        Ekin        Etot        Temp     MSD         Self_diff   Pressure    Spec_heat  
             eV/atom     eV/atom     eV/atom     K        Å^2         mm^2/s      eV/Å^3      J/(K*Kg)   
             -4.52873    0.20045     -4.32828    1550.74  4.38439     0.00231     0.04776     -8.12968   