Material ID: 0113
Unit cell composition: Zn375
Material:  Zn
Site positions of initial unit cell:
 Zn          Zn          Zn         
 0.00000     4.83683     16.95108   
 0.00000     0.86092     3.01716    
 0.00000     0.50755     1.77875    
Properties:
 Time        Epot        Ekin        Etot        Temp     MSD         Self_diff   LC_a      LC_b      LC_c      Volume      Pressure    DebyeT   Lindemann  
 fs          eV/atom     eV/atom     eV/atom     K        Å^2         mm^2/s      Å         Å         Å         Å^3/atom    Pa          K        1          
 500         -0.92687    0.02564     -0.90123    198.35   0.0         0.0         7.724     7.724     7.724     16.003    13873497310.58448 inf      0.0        
 600         -0.93043    0.0292      -0.90123    225.9    0.07314     0.0002      7.724     7.724     7.724     16.003    10691758476.84329 143.62   3e-05      
 700         -0.95711    0.05588     -0.90124    432.29   0.24166     0.00058     7.724     7.724     7.724     16.003    8412975308.14687 109.3    5e-05      
 800         -0.97356    0.07232     -0.90124    559.47   0.37332     0.00078     7.724     7.724     7.724     16.003    6926501595.77376 100.04   6e-05      
 900         -0.97364    0.0724      -0.90124    560.14   0.48646     0.0009      7.724     7.724     7.724     16.003    7152058816.11069 87.69    7e-05      
 1000        -0.99321    0.09197     -0.90124    711.53   0.69339     0.00116     7.724     7.724     7.724     16.003    6662626441.96765 82.78    8e-05      
 1100        -1.00793    0.10669     -0.90124    825.36   1.04655     0.00159     7.724     7.724     7.724     16.003    4809544313.80644 72.57    0.0001     
 1200        -1.02237    0.12112     -0.90124    937.06   1.41529     0.00197     7.724     7.724     7.724     16.003    3753905026.29335 66.49    0.00012    
 1300        -1.03751    0.13626     -0.90125    1054.17  1.79282     0.0023      7.724     7.724     7.724     16.003    4066663220.18956 62.66    0.00013    
 1400        -1.0465     0.14525     -0.90125    1123.7   2.31527     0.00276     7.724     7.724     7.724     16.003    4167136875.78372 56.93    0.00015    
 1500        -1.06157    0.16032     -0.90125    1240.32  3.02859     0.00337     7.724     7.724     7.724     16.003    3549756593.1364 52.29    0.00017    

Time averages:
             Epot        Ekin        Etot        Temp     MSD         Self_diff   Pressure    Spec_heat   DebyeT   Lindemann  
             eV/atom     eV/atom     eV/atom     K        Å^2         mm^2/s      Pa          J/(K*Kg)    K        1          
             -1.00038    0.09914     -0.90124    766.99   1.14665     0.00171     6019292666.80517 283.15362   83.44    0.0001     