Material ID: 0193
Unit cell composition: Ti375
Material:  Ti
Site positions of initial unit cell:
 Ti          Ti          Ti         
 0.00000     -0.00000    2.28843    
 0.00000     2.64245     1.32122    
 0.00000     1.41434     1.41434    
Properties:
 Time        Epot        Ekin        Etot        Temp     MSD         Self_diff   LC_a      LC_b      LC_c      Volume      Pressure    DebyeT   Lindemann  
 fs          eV/atom     eV/atom     eV/atom     K        Å^2         mm^2/s      Å         Å         Å         Å^3/atom    Pa          K        1          
 500         -6.00029    0.02657     -5.97372    205.53   0.0         0.0         4.668     4.668     2.885     18.152    -279020464698.8182 inf      0.0        
 600         -6.79052    0.81452     -5.976      6301.37  0.22097     0.00061     4.668     4.668     2.885     18.152    -249314220002.53745 510.0    5e-05      
 700         -6.80086    0.82409     -5.97677    6375.44  0.41278     0.00098     4.668     4.668     2.885     18.152    -249448104950.64636 375.32   6e-05      
 800         -6.77737    0.8008      -5.97657    6195.29  0.59642     0.00124     4.668     4.668     2.885     18.152    -251227080850.0001 307.8    8e-05      
 900         -6.82996    0.85323     -5.97673    6600.88  0.91133     0.00169     4.668     4.668     2.885     18.152    -248977112048.7722 257.03   0.0001     
 1000        -6.87773    0.90021     -5.97752    6964.36  1.28105     0.00214     4.668     4.668     2.885     18.152    -247098801514.27155 222.67   0.00011    
 1100        -6.8072     0.83043     -5.97677    6424.53  1.45018     0.0022      4.668     4.668     2.885     18.152    -249981567738.89468 201.01   0.00012    
 1200        -6.86479    0.88803     -5.97676    6870.1   1.9161      0.00266     4.668     4.668     2.885     18.152    -247618224434.34583 180.84   0.00014    
 1300        -6.8353     0.85899     -5.97631    6645.46  1.82397     0.00234     4.668     4.668     2.885     18.152    -248940031992.59497 182.29   0.00014    
 1400        -6.83986    0.86295     -5.97692    6676.05  1.8965      0.00226     4.668     4.668     2.885     18.152    -248375044014.7858 179.18   0.00014    
 1500        -6.87778    0.90094     -5.97684    6969.98  1.7769      0.00197     4.668     4.668     2.885     18.152    -247433256313.42352 189.15   0.00013    
 1600        -6.88727    0.91036     -5.9769     7042.88  1.91165     0.00199     4.668     4.668     2.885     18.152    -246768909356.53076 183.31   0.00014    

Time averages:
             Epot        Ekin        Etot        Temp     MSD         Self_diff   Pressure    Spec_heat   DebyeT   Lindemann  
             eV/atom     eV/atom     eV/atom     K        Å^2         mm^2/s      Pa          J/(K*Kg)    K        1          
             -6.83981    0.863       -5.97681    6676.5   1.39769     0.00205     -248586813321.42657 261.40862   227.86   0.00012    