Material ID: 0069
Unit cell composition: Ag125Hg125
Material:  AgHg
Site positions of initial unitcell:
 Ag          Hg         
 1.72660     0.00000    
 1.72660     0.00000    
 1.72660     0.00000    
Properties:
 Time        Epot        Ekin        Etot        Temp     MSD         Self_diff   LC_a      LC_b      LC_c      Volume      Pressure   
 fs          eV/atom     eV/atom     eV/atom     K        Å^2         mm^2/s      Å         Å         Å         Å^3/atom    eV/Å^3     
 1500        -2.82274    0.02575     -2.79699    199.21   0.0         0.0         3.522     3.522     3.522     21.849    0.20819    
 1800        -2.99804    0.20095     -2.79709    1554.59  0.44988     0.00042     3.522     3.522     3.522     21.849    0.11855    
 2100        -3.22672    0.4293      -2.79742    3321.24  2.36455     0.00188     3.522     3.522     3.522     21.849    0.07358    
 2400        -3.43387    0.6361      -2.79777    4921.12  5.67184     0.00394     3.522     3.522     3.522     21.849    0.05186    
 2700        -3.47288    0.67511     -2.79777    5222.91  9.02014     0.00557     3.522     3.522     3.522     21.849    0.05123    
 3000        -3.59777    0.79968     -2.79808    6186.63  13.19062    0.00733     3.522     3.522     3.522     21.849    0.02197    
 3300        -3.65633    0.85797     -2.79836    6637.57  17.81563    0.009       3.522     3.522     3.522     21.849    0.02845    
 3600        -3.71271    0.91471     -2.798      7076.49  22.57065    0.01045     3.522     3.522     3.522     21.849    0.03731    
 3900        -3.67192    0.87449     -2.79743    6765.35  26.14781    0.01117     3.522     3.522     3.522     21.849    0.02758    
 4200        -3.76735    0.96933     -2.79802    7499.11  31.64963    0.01256     3.522     3.522     3.522     21.849    0.03219    
 4500        -3.78984    0.99148     -2.79836    7670.43  36.04354    0.01335     3.522     3.522     3.522     21.849    0.03403    

Time averages:
             Epot        Ekin        Etot        Temp     MSD         Self_diff   Pressure    Spec_heat  
             eV/atom     eV/atom     eV/atom     K        Å^2         mm^2/s      eV/Å^3      J/(K*Kg)   
             -3.53274    0.73491     -2.79783    5685.54  16.49243    0.00836     0.04768     -4.75259   