Material ID: 0011
Unit cell composition: Ag375Li125
Material:  Ag3Li
Site positions of initial unit cell:
 Ag          Ag          Ag          Li         
 0.00000     0.00000     2.05077     2.05077    
 0.00000     2.05077     0.00000     2.05077    
 0.00000     2.05077     2.05077     0.00000    
Properties:
 Time        Epot        Ekin        Etot        Temp     MSD         Self_diff   LC_a      LC_b      LC_c      Volume      Pressure   
 fs          eV/atom     eV/atom     eV/atom     K        Å^2         mm^2/s      Å         Å         Å         Å^3/atom    eV/Å^3     
 1000        -11.7224    0.0275      -11.69491   212.72   0.0         0.0         4.02      4.02      4.02      16.235    0.36404    
 1200        -11.74706   0.05153     -11.69552   398.67   0.00448     1e-05       4.02      4.02      4.02      16.235    0.37398    
 1400        -11.75528   0.05997     -11.69532   463.91   0.00602     1e-05       4.02      4.02      4.02      16.235    0.37548    
 1600        -11.74723   0.05178     -11.69545   400.62   0.00563     1e-05       4.02      4.02      4.02      16.235    0.37352    
 1800        -11.72582   0.03078     -11.69505   238.1    0.01246     1e-05       4.02      4.02      4.02      16.235    0.36603    
 2000        -11.74359   0.04825     -11.69534   373.25   0.01334     1e-05       4.02      4.02      4.02      16.235    0.37223    
 2200        -11.7419    0.04663     -11.69527   360.73   0.01855     1e-05       4.02      4.02      4.02      16.235    0.37131    
 2400        -11.74102   0.0458      -11.69522   354.31   0.02464     2e-05       4.02      4.02      4.02      16.235    0.37105    
 2600        -11.74141   0.04613     -11.69528   356.87   0.03087     2e-05       4.02      4.02      4.02      16.235    0.37119    
 2800        -11.73868   0.04339     -11.6953    335.66   0.03722     2e-05       4.02      4.02      4.02      16.235    0.37037    
 3000        -11.73844   0.04319     -11.69525   334.14   0.04367     2e-05       4.02      4.02      4.02      16.235    0.37031    

Time averages:
             Epot        Ekin        Etot        Temp     MSD         Self_diff   Pressure    Spec_heat  
             eV/atom     eV/atom     eV/atom     K        Å^2         mm^2/s      eV/Å^3      J/(K*Kg)   
             -11.74204   0.04675     -11.6953    361.63   0.01969     1e-05       0.37155     -22.48594  