Material ID: 0055
Unit cell composition: Ag125Ho125
Material:  AgHo
Site positions:
Ag                      Ho
1.814083                      0.0                      
1.814083                      0.0                      
1.814083                      0.0                      
Properties:
 Time        Epot        Ekin        Etot        Temp     MSD         Self_diff   LC_a      LC_b      LC_c      Volume      Pressure   
 fs          eV/atom     eV/atom     eV/atom     K        Å^2         mm^2/s      Å         Å         Å         Å^3/atom    eV/Å^3     
 1500        -6.65996    0.02547     -6.63449    197.05   0.0         0.0         3.556     3.556     3.556     22.476    -0.78555   
 1800        -6.66725    0.03239     -6.63486    250.6    0.00796     1e-05       3.556     3.556     3.556     22.476    -0.78403   
 2100        -6.70546    0.06955     -6.63591    538.09   0.01701     1e-05       3.556     3.556     3.556     22.476    -0.77599   
 2400        -6.72403    0.08763     -6.6364     677.93   0.03793     3e-05       3.556     3.556     3.556     22.476    -0.77208   
 2700        -6.69493    0.05925     -6.63568    458.41   0.06745     4e-05       3.556     3.556     3.556     22.476    -0.77823   
 3000        -6.66101    0.02636     -6.63465    203.95   0.10262     6e-05       3.556     3.556     3.556     22.476    -0.78539   
 3300        -6.66207    0.02744     -6.63463    212.32   0.14865     8e-05       3.556     3.556     3.556     22.476    -0.78513   
 3600        -6.68598    0.05062     -6.63535    391.65   0.20104     9e-05       3.556     3.556     3.556     22.476    -0.78007   
 3900        -6.70913    0.07344     -6.63569    568.16   0.26131     0.00011     3.556     3.556     3.556     22.476    -0.77523   
 4200        -6.69573    0.06034     -6.63539    466.84   0.33179     0.00013     3.556     3.556     3.556     22.476    -0.77804   
 4500        -6.67874    0.04356     -6.63518    337.03   0.40877     0.00015     3.556     3.556     3.556     22.476    -0.78169   

Time averages:
             Epot        Ekin        Etot        Temp     MSD         Self_diff   Pressure    Spec_heat  
             eV/atom     eV/atom     eV/atom     K        Å^2         mm^2/s      eV/Å^3      J/(K*Kg)   
             -6.68843    0.05306     -6.63537    410.5    0.15845     8e-05       -0.77959    -4.1779    