Material ID: 0149
Unit cell composition: Co250
Material:  Co
Site positions of initial unit cell:
 Co          Co         
 -0.00000    1.25039    
 1.44383     0.72191    
 1.00833     3.02500    
Properties:
 Time        Epot        Ekin        Etot        Temp     MSD         Self_diff   LC_a      LC_b      LC_c      Volume      Pressure    DebyeT   Lindemann  
 fs          eV/atom     eV/atom     eV/atom     K        Å^2         mm^2/s      Å         Å         Å         Å^3/atom    Pa          K        1          
 500         -9.71517    0.02369     -9.69149    183.24   0.0         0.0         2.601     2.601     4.195     12.286    107767310750.79526 inf      0.0        
 600         -9.76059    0.06897     -9.69162    533.54   0.00424     1e-05       2.601     2.601     4.195     12.286    111955194070.84402 965.25   0.00467    
 700         -9.72507    0.03355     -9.69152    259.57   0.00964     2e-05       2.601     2.601     4.195     12.286    108670330903.34586 446.67   0.00704    
 800         -9.73436    0.0428      -9.69156    331.12   0.00798     2e-05       2.601     2.601     4.195     12.286    109646073040.5389 554.56   0.0064     
 900         -9.7447     0.05312     -9.69158    410.98   0.01088     2e-05       2.601     2.601     4.195     12.286    110652328793.02974 529.09   0.00748    
 1000        -9.72614    0.03462     -9.69152    267.87   0.01715     3e-05       2.601     2.601     4.195     12.286    108877990761.35281 340.2    0.00939    
 1100        -9.74205    0.05049     -9.69156    390.62   0.01792     3e-05       2.601     2.601     4.195     12.286    110486116315.35292 401.79   0.0096     
 1200        -9.73881    0.04726     -9.69155    365.62   0.02137     3e-05       2.601     2.601     4.195     12.286    110229864866.03912 356.04   0.01048    
 1300        -9.73075    0.03922     -9.69153    303.4    0.02789     4e-05       2.601     2.601     4.195     12.286    109504976851.05743 283.86   0.01197    
 1400        -9.74138    0.04982     -9.69156    385.44   0.03601     4e-05       2.601     2.601     4.195     12.286    110396767608.7791 281.59   0.01361    
 1500        -9.73095    0.03941     -9.69154    304.86   0.04408     5e-05       2.601     2.601     4.195     12.286    109482169451.62347 226.34   0.01505    

Time averages:
             Epot        Ekin        Etot        Temp     MSD         Self_diff   Pressure    Spec_heat   DebyeT   Lindemann  
             eV/atom     eV/atom     eV/atom     K        Å^2         mm^2/s      Pa          J/(K*Kg)    K        1          
             -9.73748    0.04593     -9.69155    355.3    0.01972     3e-05       109990181266.19633 225.88214   438.54   0.00957    