Material ID: 0196
Unit cell composition: Mg125
Material:  Mg
Site positions of initial unit cell:
 Mg         
 0.00000    
 0.00000    
 0.00000    
Properties:
 Time        Epot        Ekin        Etot        Temp     MSD         Self_diff   LC_a      LC_b      LC_c      Volume      Pressure    DebyeT   Lindemann  
 fs          eV/atom     eV/atom     eV/atom     K        Å^2         mm^2/s      Å         Å         Å         Å^3/atom    Pa          K        1          
 500         -0.46104    0.02371     -0.43733    183.4    0.0         0.0         3.122     3.122     3.122     21.522    4887035064.46886 inf      0.0        
 600         -0.44862    0.01128     -0.43733    87.29    0.12471     0.00035     3.122     3.122     3.122     21.522    3683703333.76724 112.13   0.02262    
 700         -0.45073    0.01339     -0.43734    103.6    0.23262     0.00055     3.122     3.122     3.122     21.522    3620328813.6289 89.44    0.0309     
 800         -0.45088    0.01354     -0.43733    104.78   0.30418     0.00063     3.122     3.122     3.122     21.522    3452834195.97643 78.66    0.03533    
 900         -0.45285    0.01551     -0.43734    120.02   0.34917     0.00065     3.122     3.122     3.122     21.522    3336730973.63092 78.57    0.03785    
 1000        -0.45526    0.01792     -0.43734    138.66   0.40311     0.00067     3.122     3.122     3.122     21.522    3165823553.76912 78.6     0.04067    
 1100        -0.45642    0.01909     -0.43734    147.65   0.47877     0.00073     3.122     3.122     3.122     21.522    3007840097.57269 74.43    0.04432    
 1200        -0.45613    0.01879     -0.43734    145.39   0.58058     0.00081     3.122     3.122     3.122     21.522    2756536116.52195 67.07    0.04881    
 1300        -0.45813    0.02079     -0.43734    160.87   0.7014      0.0009      3.122     3.122     3.122     21.522    2583790543.38336 64.19    0.05365    
 1400        -0.45801    0.02067     -0.43734    159.94   0.83296     0.00099     3.122     3.122     3.122     21.522    2464882117.3824 58.73    0.05846    
 1500        -0.46127    0.02393     -0.43734    185.12   0.93561     0.00104     3.122     3.122     3.122     21.522    2627591457.67331 59.62    0.06196    

Time averages:
             Epot        Ekin        Etot        Temp     MSD         Self_diff   Pressure    Spec_heat   DebyeT   Lindemann  
             eV/atom     eV/atom     eV/atom     K        Å^2         mm^2/s      Pa          J/(K*Kg)    K        1          
             -0.45483    0.01749     -0.43734    135.33   0.49431     0.00077     3070006120.33063 529.48313   76.14    0.04346    