Material ID: 0030
Unit cell composition: Ag125Br125
Material:  AgBr
Site positions:
Ag                      Br
0.0                      1.8020335                      
0.0                      1.8020335                      
0.0                      1.8020335                      
Properties:
 Time        Epot        Ekin        Etot        Temp     MSD         Self_diff   LC_a      LC_b      LC_c      Volume      Pressure   
 fs          eV/atom     eV/atom     eV/atom     K        Å^2         mm^2/s      Å         Å         Å         Å^3/atom    eV/Å^3     
 1500        -7.73527    0.02578     -7.70949    199.46   0.0         0.0         3.532     3.532     3.532     22.031    0.57228    
 1800        -8.63329    0.92099     -7.71231    7125.07  1.70578     0.00158     3.532     3.532     3.532     22.031    0.24618    
 2100        -9.14469    1.42817     -7.71652    11048.83 5.98967     0.00475     3.532     3.532     3.532     22.031    0.11855    
 2400        -9.08005    1.36486     -7.71519    10559.04 8.91673     0.00619     3.532     3.532     3.532     22.031    0.12814    
 2700        -9.18975    1.47438     -7.71537    11406.3  11.59085    0.00715     3.532     3.532     3.532     22.031    0.09196    
 3000        -9.24223    1.52583     -7.7164     11804.35 13.67808    0.0076      3.532     3.532     3.532     22.031    0.13247    
 3300        -9.25211    1.53442     -7.71769    11870.79 15.63073    0.00789     3.532     3.532     3.532     22.031    0.10348    
 3600        -9.24633    1.53284     -7.71349    11858.6  16.20503    0.0075      3.532     3.532     3.532     22.031    0.0972     
 3900        -9.20673    1.48934     -7.7174     11522.01 18.48424    0.0079      3.532     3.532     3.532     22.031    0.13767    
 4200        -9.23725    1.52291     -7.71435    11781.74 21.40978    0.0085      3.532     3.532     3.532     22.031    0.14714    
 4500        -9.17164    1.45886     -7.71277    11286.27 23.7601     0.0088      3.532     3.532     3.532     22.031    0.12537    
 4800        -9.22394    1.50813     -7.71581    11667.39 26.10949    0.00907     3.532     3.532     3.532     22.031    0.09069    
 5100        -9.22887    1.51395     -7.71492    11712.45 28.89023    0.00944     3.532     3.532     3.532     22.031    0.08063    

Time averages:
             Epot        Ekin        Etot        Temp     MSD         Self_diff   Pressure    Spec_heat  
             eV/atom     eV/atom     eV/atom     K        Å^2         mm^2/s      eV/Å^3      J/(K*Kg)   
             -9.20789    1.49255     -7.71534    11546.89 18.46753    0.00821     0.11347     161.74244  