Material ID: 0102
Unit cell composition: Cu125
Material:  Cu
Site positions of initial unit cell:
 Cu         
 0.00000    
 0.00000    
 0.00000    
Properties:
 Time        Epot        Ekin        Etot        Temp     MSD         Self_diff   LC_a      LC_b      LC_c      Volume      Pressure    DebyeT   Lindemann  
 fs          eV/atom     eV/atom     eV/atom     K        Å^2         mm^2/s      Å         Å         Å         Å^3/atom    Pa          K        1          
 500         -17.01707   0.0243      -16.99278   187.97   0.0         0.0         2.561     2.561     2.561     11.872    -14944874804.91313 inf      0.0        
 600         -17.00321   0.01051     -16.9927    81.3     0.00079     0.0         2.561     2.561     2.561     11.872    -15916628032.40276 839.77   0.0022     
 700         -17.00434   0.01162     -16.99271   89.92    0.00237     1e-05       2.561     2.561     2.561     11.872    -15842278895.82919 510.61   0.0038     
 800         -17.00232   0.00963     -16.9927    74.47    0.00502     1e-05       2.561     2.561     2.561     11.872    -15985756222.59825 319.2    0.00553    
 900         -17.00477   0.01206     -16.99271   93.33    0.00857     2e-05       2.561     2.561     2.561     11.872    -15818066589.99606 273.56   0.00723    
 1000        -17.00402   0.01132     -16.9927    87.58    0.01324     2e-05       2.561     2.561     2.561     11.872    -15877485590.22025 213.16   0.00899    
 1100        -17.00416   0.01145     -16.99271   88.6     0.01899     3e-05       2.561     2.561     2.561     11.872    -15862747897.9293 179.04   0.01076    
 1200        -17.00543   0.0127      -16.99273   98.29    0.02582     4e-05       2.561     2.561     2.561     11.872    -15757413965.89352 161.71   0.01255    
 1300        -17.00407   0.01136     -16.99271   87.89    0.03363     4e-05       2.561     2.561     2.561     11.872    -15860790394.49991 134.0    0.01432    
 1400        -17.00316   0.01045     -16.99271   80.84    0.04251     5e-05       2.561     2.561     2.561     11.872    -15913866185.15758 114.3    0.0161     
 1500        -17.00949   0.01676     -16.99273   129.65   0.05221     6e-05       2.561     2.561     2.561     11.872    -15486178023.59297 130.61   0.01785    

Time averages:
             Epot        Ekin        Etot        Temp     MSD         Self_diff   Pressure    Spec_heat   DebyeT   Lindemann  
             eV/atom     eV/atom     eV/atom     K        Å^2         mm^2/s      Pa          J/(K*Kg)    K        1          
             -17.0045    0.01179     -16.99271   91.19    0.02031     3e-05       -15832121179.81198 199.54353   287.6    0.00993    