Material ID: 0072
Unit cell composition: Fe125
Material:  Fe
Site positions of initial unit cell:
 Fe         
 0.00000    
 0.00000    
 0.00000    
Properties:
 Time        Epot        Ekin        Etot        Temp     MSD         Self_diff   LC_a      LC_b      LC_c      Volume      Pressure    DebyeT   Lindemann  
 fs          eV/atom     eV/atom     eV/atom     K        Å^2         mm^2/s      Å         Å         Å         Å^3/atom    eV/Å^3      K        1          
 1000        -9.22092    0.02708     -9.19384    209.5    0.0         0.0         2.46      2.459     2.459     11.454    -0.56311    inf      0.0        
 1200        -9.25423    0.06069     -9.19355    469.51   0.09802     0.00014     2.46      2.459     2.459     11.454    -0.56518    193.51   0.02546    
 1400        -9.24852    0.05489     -9.19363    424.62   0.10331     0.00012     2.46      2.459     2.459     11.454    -0.56626    179.25   0.02614    
 1600        -9.28232    0.08862     -9.1937     685.59   0.18303     0.00019     2.46      2.459     2.459     11.454    -0.55582    171.13   0.03479    
 1800        -9.2839     0.08997     -9.19393    696.05   0.19805     0.00018     2.46      2.459     2.459     11.454    -0.55433    165.76   0.03619    
 2000        -9.28685    0.09293     -9.19392    718.96   0.39002     0.00033     2.46      2.459     2.459     11.454    -0.56051    120.05   0.05079    
 2200        -9.2831     0.08923     -9.19387    690.28   0.3455      0.00026     2.46      2.459     2.459     11.454    -0.55875    124.98   0.0478     
 2400        -9.28455    0.0906      -9.19395    700.92   0.40287     0.00028     2.46      2.459     2.459     11.454    -0.55736    116.62   0.05162    
 2600        -9.2891     0.09503     -9.19407    735.21   0.5305      0.00034     2.46      2.459     2.459     11.454    -0.55798    104.09   0.05923    
 2800        -9.28026    0.08641     -9.19385    668.49   0.59732     0.00036     2.46      2.459     2.459     11.454    -0.56133    93.54    0.06285    
 3000        -9.28561    0.09149     -9.19412    707.8    0.68345     0.00038     2.46      2.459     2.459     11.454    -0.559      89.98    0.06723    

Time averages:
             Epot        Ekin        Etot        Temp     MSD         Self_diff   Pressure    Spec_heat   DebyeT   Lindemann  
             eV/atom     eV/atom     eV/atom     K        Å^2         mm^2/s      eV/Å^3      J/(K*Kg)    K        1          
             -9.27784    0.08399     -9.19386    649.74   0.35321     0.00027     -0.55965    -201.98122  135.89   0.04621    