Material ID: 0214
Unit cell composition: Mg250
Material:  Mg
Site positions of initial unit cell:
 Mg          Mg         
 -0.00000    1.60152    
 1.84927     0.92463    
 1.28167     3.84502    
Properties:
 Time        Epot        Ekin        Etot        Temp     MSD         Self_diff   LC_a      LC_b      LC_c      Volume      Pressure    DebyeT   Lindemann  
 fs          eV/atom     eV/atom     eV/atom     K        Å^2         mm^2/s      Å         Å         Å         Å^3/atom    Pa          K        1          
 500         -0.35314    0.02606     -0.32707    201.62   0.0         0.0         3.331     3.331     5.332     25.619    3589783061.30606 inf      0.0        
 600         -0.35188    0.0248      -0.32708    191.89   0.2058      0.00057     3.331     3.331     5.332     25.619    2590348671.1134 129.42   0.0255     
 700         -0.35822    0.03114     -0.32708    240.93   0.57189     0.00136     3.331     3.331     5.332     25.619    1978024662.32378 86.99    0.04252    
 800         -0.3659     0.03882     -0.32708    300.32   0.9556      0.00199     3.331     3.331     5.332     25.619    1723707892.92212 75.13    0.05496    
 900         -0.36898    0.0419      -0.32708    324.13   1.35071     0.0025      3.331     3.331     5.332     25.619    1455626140.46204 65.65    0.06534    
 1000        -0.37308    0.046       -0.32708    355.86   1.69876     0.00283     3.331     3.331     5.332     25.619    1646817587.96394 61.34    0.07328    
 1100        -0.37522    0.04814     -0.32708    372.46   2.16455     0.00328     3.331     3.331     5.332     25.619    1386500511.35379 55.6     0.08271    
 1200        -0.37589    0.04881     -0.32708    377.6    2.67407     0.00371     3.331     3.331     5.332     25.619    1147635347.19791 50.36    0.09194    
 1300        -0.3783     0.05123     -0.32708    396.3    3.03041     0.00389     3.331     3.331     5.332     25.619    1164992260.78256 48.47    0.09787    
 1400        -0.37779    0.05072     -0.32708    392.35   3.51205     0.00418     3.331     3.331     5.332     25.619    1091120683.58352 44.8     0.10536    
 1500        -0.38032    0.05324     -0.32708    411.88   4.07421     0.00453     3.331     3.331     5.332     25.619    1133583314.99724 42.61    0.11348    

Time averages:
             Epot        Ekin        Etot        Temp     MSD         Self_diff   Pressure    Spec_heat   DebyeT   Lindemann  
             eV/atom     eV/atom     eV/atom     K        Å^2         mm^2/s      Pa          J/(K*Kg)    K        1          
             -0.37056    0.04348     -0.32708    336.37   2.02381     0.00314     1531835707.27003 543.3833    66.04    0.0753     