Material ID: 0053
Unit cell composition: Ag125Cd125
Material:  AgCd
Site positions of initial unitcell:
 Ag          Cd         
 1.69740     0.00000    
 1.69740     0.00000    
 1.69740     0.00000    
Properties:
 Time        Epot        Ekin        Etot        Temp     MSD         Self_diff   LC_a      LC_b      LC_c      Volume      Pressure   
 fs          eV/atom     eV/atom     eV/atom     K        Å^2         mm^2/s      Å         Å         Å         Å^3/atom    eV/Å^3     
 1500        -3.24456    0.02435     -3.22022    188.35   0.0         0.0         3.429     3.429     3.429     20.155    0.22203    
 1800        -3.31355    0.09331     -3.22024    721.9    0.3269      0.0003      3.429     3.429     3.429     20.155    0.14222    
 2100        -3.44849    0.22806     -3.22044    1764.31  1.39085     0.0011      3.429     3.429     3.429     20.155    0.08156    
 2400        -3.55374    0.33307     -3.22067    2576.74  2.9715      0.00206     3.429     3.429     3.429     20.155    0.05233    
 2700        -3.64093    0.42012     -3.22081    3250.22  5.16724     0.00319     3.429     3.429     3.429     20.155    0.05623    
 3000        -3.70794    0.48703     -3.22091    3767.86  7.9367      0.00441     3.429     3.429     3.429     20.155    0.04019    
 3300        -3.77261    0.55135     -3.22125    4265.45  10.13678    0.00512     3.429     3.429     3.429     20.155    0.02706    
 3600        -3.76906    0.54827     -3.2208     4241.57  12.6965     0.00588     3.429     3.429     3.429     20.155    0.02328    
 3900        -3.83657    0.61543     -3.22114    4761.17  14.03147    0.006       3.429     3.429     3.429     20.155    0.03379    
 4200        -3.88776    0.66606     -3.2217     5152.87  15.77151    0.00626     3.429     3.429     3.429     20.155    0.025      
 4500        -3.91452    0.69341     -3.22112    5364.43  18.47786    0.00684     3.429     3.429     3.429     20.155    0.01493    

Time averages:
             Epot        Ekin        Etot        Temp     MSD         Self_diff   Pressure    Spec_heat  
             eV/atom     eV/atom     eV/atom     K        Å^2         mm^2/s      eV/Å^3      J/(K*Kg)   
             -3.68452    0.46361     -3.22091    3586.65  8.89073     0.00454     0.04966     -4.41307   