Material ID: 0099
Unit cell composition: Cu125
Material:  Cu
Site positions of initial unit cell:
 Cu         
 1.14480    
 8.27375    
 11.12788   
Properties:
 Time        Epot        Ekin        Etot        Temp     MSD         Self_diff   LC_a      LC_b      LC_c      Volume      Pressure    DebyeT   Lindemann  
 fs          eV/atom     eV/atom     eV/atom     K        Å^2         mm^2/s      Å         Å         Å         Å^3/atom    Pa          K        1          
 500         -0.6635     0.02878     -0.63472    222.67   0.0         0.0         2.381     12.317    23.657    678.828   -3013904154.5777 inf      0.0        
 600         -1.28698    0.65238     -0.6346     5047.02  1.38199     0.00384     2.381     12.317    23.657    678.828   485313775.75023 158.4    0.09874    
 700         -1.26828    0.63371     -0.63457    4902.57  2.59887     0.00619     2.381     12.317    23.657    678.828   -126549198.40001 113.84   0.1354     
 800         -1.39769    0.76281     -0.63488    5901.37  3.91551     0.00816     2.381     12.317    23.657    678.828   97681445.13889 101.76   0.1662     
 900         -1.30017    0.66535     -0.63482    5147.38  6.69344     0.0124      2.381     12.317    23.657    678.828   169001360.89529 72.69    0.2173     
 1000        -1.42721    0.79223     -0.63497    6129.0   9.98003     0.01663     2.381     12.317    23.657    678.828   138200671.66025 64.96    0.26534    
 1100        -1.3411     0.70635     -0.63475    5464.59  13.30747    0.02016     2.381     12.317    23.657    678.828   72930874.73388 53.12    0.3064     
 1200        -1.33019    0.69549     -0.6347     5380.56  17.42218    0.0242      2.381     12.317    23.657    678.828   103941430.8906 46.06    0.35058    
 1300        -1.3063     0.6716      -0.6347     5195.75  22.45299    0.02879     2.381     12.317    23.657    678.828   105390071.41193 39.87    0.39799    
 1400        -1.38804    0.75309     -0.63495    5826.16  26.76524    0.03186     2.381     12.317    23.657    678.828   87167014.23167 38.67    0.43453    
 1500        -1.40914    0.7744      -0.63473    5991.05  31.0989     0.03455     2.381     12.317    23.657    678.828   132569285.86688 36.38    0.46839    
 1600        -1.4317     0.79708     -0.63462    6166.51  36.14569    0.03765     2.381     12.317    23.657    678.828   123398947.61023 34.24    0.50497    
 1700        -1.42292    0.78827     -0.63465    6098.35  42.00058    0.04118     2.381     12.317    23.657    678.828   13471378.85296 31.58    0.54433    
 1800        -1.44365    0.80874     -0.63492    6256.67  47.39673    0.04389     2.381     12.317    23.657    678.828   50319797.24436 30.12    0.57824    
 1900        -1.47565    0.84078     -0.63487    6504.53  53.33486    0.04678     2.381     12.317    23.657    678.828   104865470.44204 28.95    0.6134     

Time averages:
             Epot        Ekin        Etot        Temp     MSD         Self_diff   Pressure    Spec_heat   DebyeT   Lindemann  
             eV/atom     eV/atom     eV/atom     K        Å^2         mm^2/s      Pa          J/(K*Kg)    K        1          
             -1.39759    0.7628      -0.63479    5901.32  29.99047    0.03434     93225494.29448 196.87466   40.39    0.44642    