Material ID: 0097
Unit cell composition: Ag125La125
Material:  AgLa
Site positions of initial unitcell:
 Ag          La         
 0.00000     1.92142    
 0.00000     1.92142    
 0.00000     1.92142    
Properties:
 Time        Epot        Ekin        Etot        Temp     MSD         Self_diff   LC_a      LC_b      LC_c      Volume      Pressure   
 fs          eV/atom     eV/atom     eV/atom     K        Å^2         mm^2/s      Å         Å         Å         Å^3/atom    eV/Å^3     
 1500        -16.31572   0.02754     -16.28818   213.04   0.0         0.0         3.843     3.843     3.843     28.375    -0.62513   
 1800        -16.30487   0.01693     -16.28794   131.0    0.00092     0.0         3.843     3.843     3.843     28.375    -0.62705   
 2100        -16.30234   0.01443     -16.2879    111.65   0.00301     0.0         3.843     3.843     3.843     28.375    -0.62748   
 2400        -16.30097   0.01308     -16.2879    101.16   0.00627     0.0         3.843     3.843     3.843     28.375    -0.62771   
 2700        -16.30174   0.01382     -16.28791   106.93   0.01078     1e-05       3.843     3.843     3.843     28.375    -0.62759   
 3000        -16.30519   0.01722     -16.28796   133.26   0.01656     1e-05       3.843     3.843     3.843     28.375    -0.62697   
 3300        -16.30245   0.01454     -16.2879    112.52   0.0238      1e-05       3.843     3.843     3.843     28.375    -0.62746   
 3600        -16.3031    0.01518     -16.28792   117.44   0.03228     1e-05       3.843     3.843     3.843     28.375    -0.62734   
 3900        -16.30069   0.01281     -16.28788   99.1     0.04212     2e-05       3.843     3.843     3.843     28.375    -0.62776   
 4200        -16.30243   0.01453     -16.2879    112.42   0.05312     2e-05       3.843     3.843     3.843     28.375    -0.62747   
 4500        -16.30319   0.01529     -16.28789   118.33   0.06545     2e-05       3.843     3.843     3.843     28.375    -0.62733   

Time averages:
             Epot        Ekin        Etot        Temp     MSD         Self_diff   Pressure    Spec_heat  
             eV/atom     eV/atom     eV/atom     K        Å^2         mm^2/s      eV/Å^3      J/(K*Kg)   
             -16.3027    0.01478     -16.28791   114.38   0.02543     1e-05       -0.62742    -225.9442  