Material ID: 0133
Unit cell composition: Ti125
Material:  Ti
Site positions of initial unit cell:
 Ti         
 0.00000    
 0.00000    
 0.00000    
Properties:
 Time        Epot        Ekin        Etot        Temp     MSD         Self_diff   LC_a      LC_b      LC_c      Volume      Pressure    DebyeT   Lindemann  
 fs          eV/atom     eV/atom     eV/atom     K        Å^2         mm^2/s      Å         Å         Å         Å^3/atom    Pa          K        1          
 500         -7.59621    0.02659     -7.56962    205.73   0.0         0.0         2.872     2.872     2.872     18.24     -208847323343.6984 inf      0.0        
 600         -7.61332    0.0438      -7.56951    338.87   0.05694     0.00016     2.872     2.872     2.872     18.24     -209807250080.44012 232.97   0.01662    
 700         -7.64196    0.07241     -7.56954    560.22   0.0794      0.00019     2.872     2.872     2.872     18.24     -208574723979.9078 253.68   0.01962    
 800         -7.66148    0.09193     -7.56955    711.19   0.109       0.00023     2.872     2.872     2.872     18.24     -207796661006.85312 243.95   0.02299    
 900         -7.67749    0.10793     -7.56957    834.95   0.16403     0.0003      2.872     2.872     2.872     18.24     -207457287748.62256 215.47   0.0282     
 1000        -7.70682    0.13722     -7.5696     1061.56  0.28134     0.00047     2.872     2.872     2.872     18.24     -206801912228.69492 185.51   0.03693    
 1100        -7.69297    0.12329     -7.56968    953.8    0.18233     0.00028     2.872     2.872     2.872     18.24     -206879268501.86636 218.43   0.02973    
 1200        -7.6904     0.1208      -7.5696     934.59   0.21997     0.00031     2.872     2.872     2.872     18.24     -207154397033.9159 196.85   0.03266    
 1300        -7.69814    0.12848     -7.56965    993.97   0.30231     0.00039     2.872     2.872     2.872     18.24     -207235651362.1231 173.17   0.03829    
 1400        -7.68333    0.11364     -7.56969    879.17   0.21658     0.00026     2.872     2.872     2.872     18.24     -207467332461.39285 192.42   0.03241    
 1500        -7.6782     0.10849     -7.5697     839.35   0.3028      0.00034     2.872     2.872     2.872     18.24     -207973306821.36783 159.0    0.03832    

Time averages:
             Epot        Ekin        Etot        Temp     MSD         Self_diff   Pressure    Spec_heat   DebyeT   Lindemann  
             eV/atom     eV/atom     eV/atom     K        Å^2         mm^2/s      Pa          J/(K*Kg)    K        1          
             -7.67441    0.1048      -7.56961    810.77   0.19147     0.00031     -207714779122.51846 272.53659   207.14   0.02958    