Material ID: 0112
Unit cell composition: Zn375
Material:  Zn
Site positions of initial unit cell:
 Zn          Zn          Zn         
 0.00000     4.83683     16.95108   
 0.00000     0.86092     3.01716    
 0.00000     0.50755     1.77875    
Properties:
 Time        Epot        Ekin        Etot        Temp     MSD         Self_diff   LC_a      LC_b      LC_c      Volume      Pressure    DebyeT   Lindemann  
 fs          eV/atom     eV/atom     eV/atom     K        Å^2         mm^2/s      Å         Å         Å         Å^3/atom    Pa          K        1          
 500         -0.99763    0.02437     -0.97326    188.54   0.0         0.0         7.573     7.573     7.573     15.08     15585013413.54878 inf      0.0        
 600         -0.99548    0.02222     -0.97326    171.91   0.06198     0.00017     7.573     7.573     7.573     15.08     13751143803.19722 136.09   2e-05      
 700         -1.01003    0.03677     -0.97326    284.5    0.18331     0.00044     7.573     7.573     7.573     15.08     11699345847.96735 101.8    4e-05      
 800         -1.02096    0.0477      -0.97326    369.02   0.32625     0.00068     7.573     7.573     7.573     15.08     10130826606.18862 86.91    6e-05      
 900         -1.0298     0.05654     -0.97326    437.39   0.48393     0.0009      7.573     7.573     7.573     15.08     9178987446.9527 77.69    7e-05      
 1000        -1.04264    0.06938     -0.97326    536.76   0.69249     0.00115     7.573     7.573     7.573     15.08     8145267039.46528 71.94    8e-05      
 1100        -1.04791    0.07465     -0.97326    577.5    0.92713     0.0014      7.573     7.573     7.573     15.08     6480210153.23153 64.49    0.0001     
 1200        -1.05802    0.08476     -0.97326    655.75   1.14021     0.00158     7.573     7.573     7.573     15.08     5916381392.8774 61.97    0.00011    
 1300        -1.06195    0.08869     -0.97326    686.14   1.36622     0.00175     7.573     7.573     7.573     15.08     5236233676.04686 57.91    0.00012    
 1400        -1.06752    0.09426     -0.97326    729.21   1.55731     0.00185     7.573     7.573     7.573     15.08     4930324834.86918 55.92    0.00012    
 1500        -1.06985    0.09658     -0.97327    747.19   1.75144     0.00195     7.573     7.573     7.573     15.08     4963775479.91286 53.37    0.00013    

Time averages:
             Epot        Ekin        Etot        Temp     MSD         Self_diff   Pressure    Spec_heat   DebyeT   Lindemann  
             eV/atom     eV/atom     eV/atom     K        Å^2         mm^2/s      Pa          J/(K*Kg)    K        1          
             -1.04042    0.06715     -0.97326    519.54   0.84903     0.0013      8043249628.0709 257.87047   76.81    9e-05      