Material ID: 0036
Unit cell composition: Ag125Hg375
Material:  AgHg3
Site positions:
Ag                      Hg
0.0                      0.0                      2.252447                      2.252447                      
0.0                      2.252447                      0.0                      2.252447                      
0.0                      2.252447                      2.252447                      0.0                      
Properties:
 Time        Epot        Ekin        Etot        Temp     MSD         Self_diff   LC_a      LC_b      LC_c      Volume      Pressure   
 fs          eV/atom     eV/atom     eV/atom     K        Å^2         mm^2/s      Å         Å         Å         Å^3/atom    eV/Å^3     
 1500        -0.98101    0.02661     -0.9544     205.86   0.0         0.0         4.46      4.46      4.46      22.177    0.07265    
 1800        -1.05776    0.10332     -0.95445    799.3    0.34552     0.00032     4.46      4.46      4.46      22.177    0.04132    
 2100        -1.15082    0.19634     -0.95448    1518.99  1.4314      0.00114     4.46      4.46      4.46      22.177    0.0235     
 2400        -1.22586    0.27134     -0.95452    2099.17  3.34086     0.00232     4.46      4.46      4.46      22.177    0.0188     
 2700        -1.31994    0.36537     -0.95457    2826.59  5.65906     0.00349     4.46      4.46      4.46      22.177    0.01704    
 3000        -1.37837    0.42372     -0.95465    3278.01  8.79683     0.00489     4.46      4.46      4.46      22.177    0.01373    
 3300        -1.44803    0.49329     -0.95473    3816.28  12.62495    0.00638     4.46      4.46      4.46      22.177    0.00439    
 3600        -1.51354    0.55879     -0.95475    4323.02  17.00605    0.00787     4.46      4.46      4.46      22.177    -0.00335   
 3900        -1.58404    0.6291      -0.95494    4866.94  22.04162    0.00942     4.46      4.46      4.46      22.177    -0.00163   
 4200        -1.63491    0.68007     -0.95484    5261.28  27.23322    0.01081     4.46      4.46      4.46      22.177    -0.00453   
 4500        -1.70185    0.74694     -0.95491    5778.59  33.0925     0.01226     4.46      4.46      4.46      22.177    -0.00384   

Time averages:
             Epot        Ekin        Etot        Temp     MSD         Self_diff   Pressure    Spec_heat  
             eV/atom     eV/atom     eV/atom     K        Å^2         mm^2/s      eV/Å^3      J/(K*Kg)   
             -1.40151    0.44683     -0.95468    3456.82  13.1572     0.00651     0.01054     -1.03938   