Material ID: 0127
Unit cell composition: Ti125
Material:  Ti
Site positions of initial unit cell:
 Ti         
 0.00000    
 0.00000    
 0.00000    
Properties:
 Time        Epot        Ekin        Etot        Temp     MSD         Self_diff   LC_a      LC_b      LC_c      Volume      Pressure    DebyeT   Lindemann  
 fs          eV/atom     eV/atom     eV/atom     K        Å^2         mm^2/s      Å         Å         Å         Å^3/atom    Pa          K        1          
 500         -7.23212    0.0268      -7.20532    207.32   0.0         0.0         2.906     2.906     2.906     17.345    -283704292775.1944 inf      0.0        
 600         -7.21582    0.01064     -7.20518    82.34    0.00238     1e-05       2.906     2.906     2.906     17.345    -284407879039.3001 561.78   0.00336    
 700         -7.21572    0.01056     -7.20517    81.66    0.00872     2e-05       2.906     2.906     2.906     17.345    -284414977197.66034 292.33   0.00643    
 800         -7.21973    0.01451     -7.20522    112.29   0.01923     4e-05       2.906     2.906     2.906     17.345    -284240820027.8095 230.76   0.00955    
 900         -7.22074    0.01552     -7.20522    120.08   0.03397     6e-05       2.906     2.906     2.906     17.345    -284198526718.9735 179.57   0.01269    
 1000        -7.22006    0.01485     -7.20522    114.86   0.05297     9e-05       2.906     2.906     2.906     17.345    -284225278394.43567 140.63   0.01584    
 1100        -7.21667    0.01148     -7.20519    88.79    0.07629     0.00012     2.906     2.906     2.906     17.345    -284373244647.33795 103.03   0.01901    
 1200        -7.21835    0.01314     -7.20521    101.67   0.10371     0.00014     2.906     2.906     2.906     17.345    -284299712731.77997 94.56    0.02217    
 1300        -7.21817    0.01297     -7.2052     100.3    0.13538     0.00017     2.906     2.906     2.906     17.345    -284308031309.18115 82.21    0.02533    
 1400        -7.22031    0.01509     -7.20521    116.77   0.17121     0.0002      2.906     2.906     2.906     17.345    -284217260287.71466 78.87    0.02848    
 1500        -7.21962    0.01441     -7.20521    111.47   0.21133     0.00023     2.906     2.906     2.906     17.345    -284246116665.81244 69.36    0.03164    

Time averages:
             Epot        Ekin        Etot        Temp     MSD         Self_diff   Pressure    Spec_heat   DebyeT   Lindemann  
             eV/atom     eV/atom     eV/atom     K        Å^2         mm^2/s      Pa          J/(K*Kg)    K        1          
             -7.21852    0.01332     -7.2052     103.02   0.08152     0.00012     -284293184702.0006 263.65098   183.31   0.01745    