Material ID: 0018
Unit cell composition: Ag375
Material:  Ag
Site positions of initial unit cell:
 Ag          Ag          Ag         
 0.00000     16.35984    4.67583    
 0.00000     3.32183     0.94942    
 0.00000     1.97058     0.56322    
Properties:
 Time        Epot        Ekin        Etot        Temp     MSD         Self_diff   LC_a      LC_b      LC_c      Volume      Pressure    DebyeT   Lindemann  
 fs          eV/atom     eV/atom     eV/atom     K        Å^2         mm^2/s      Å         Å         Å         Å^3/atom    eV/Å^3      K        1          
 1000        -11.7851    0.02535     -11.75974   196.15   0.0         0.0         7.551     7.551     7.551     19.156    0.41872     inf      0.0        
 1200        -11.853     0.09246     -11.76054   715.3    0.00547     1e-05       7.551     7.551     7.551     19.156    0.44289     727.53   1e-05      
 1400        -11.96014   0.19882     -11.76133   1538.11  0.02456     3e-05       7.551     7.551     7.551     19.156    0.48455     503.42   2e-05      
 1600        -12.05971   0.29809     -11.76163   2306.09  0.05584     6e-05       7.551     7.551     7.551     19.156    0.51802     408.84   2e-05      
 1800        -12.07377   0.312       -11.76177   2413.75  0.0756      7e-05       7.551     7.551     7.551     19.156    0.52557     359.48   3e-05      
 2000        -12.05136   0.28969     -11.76168   2241.12  0.0809      7e-05       7.551     7.551     7.551     19.156    0.51613     334.84   3e-05      
 2200        -12.05263   0.29091     -11.76172   2250.55  0.08612     7e-05       7.551     7.551     7.551     19.156    0.51678     325.22   3e-05      
 2400        -12.08246   0.32071     -11.76175   2481.12  0.0827      6e-05       7.551     7.551     7.551     19.156    0.52793     348.45   3e-05      
 2600        -12.07704   0.31528     -11.76175   2439.12  0.09061     6e-05       7.551     7.551     7.551     19.156    0.52651     330.07   3e-05      
 2800        -12.06381   0.30208     -11.76172   2337.0   0.10013     6e-05       7.551     7.551     7.551     19.156    0.52136     307.35   3e-05      
 3000        -12.05754   0.29583     -11.76171   2288.64  0.10948     6e-05       7.551     7.551     7.551     19.156    0.51874     290.88   3e-05      
 3200        -12.07574   0.31399     -11.76175   2429.14  0.1247      6e-05       7.551     7.551     7.551     19.156    0.52557     280.78   4e-05      
 3400        -12.06187   0.30014     -11.76173   2321.96  0.13341     7e-05       7.551     7.551     7.551     19.156    0.52191     265.41   4e-05      
 3600        -12.07043   0.30866     -11.76177   2387.9   0.14849     7e-05       7.551     7.551     7.551     19.156    0.52489     255.12   4e-05      

Time averages:
             Epot        Ekin        Etot        Temp     MSD         Self_diff   Pressure    Spec_heat   DebyeT   Lindemann  
             eV/atom     eV/atom     eV/atom     K        Å^2         mm^2/s      eV/Å^3      J/(K*Kg)    K        1          
             -12.06667   0.30493     -11.76173   2359.03  0.10321     6e-05       0.52254     160.80389   309.76   3e-05      