Material ID: 0227
Unit cell composition: Pd500
Material:  Pd
Site positions of initial unit cell:
 Pd          Pd          Pd          Pd         
 0.00000     -0.00000    0.00000     1.39885    
 0.00000     1.61525     0.00000     0.80762    
 0.00000     2.28701     4.57402     6.86103    
Properties:
 Time        Epot        Ekin        Etot        Temp     MSD         Self_diff   LC_a      LC_b      LC_c      Volume      Pressure    DebyeT   Lindemann  
 fs          eV/atom     eV/atom     eV/atom     K        Å^2         mm^2/s      Å         Å         Å         Å^3/atom    Pa          K        1          
 500         -11.00962   0.02651     -10.98311   205.06   0.0         0.0         2.798     2.798     9.148     15.502    72715922342.72125 inf      0.0        
 600         -10.99421   0.01112     -10.9831    86.0     0.00119     0.0         2.798     2.798     9.148     15.502    71780857231.67387 544.16   0.00349    
 700         -10.99584   0.01274     -10.9831    98.54    0.00159     0.0         2.798     2.798     9.148     15.502    71880247002.71396 503.71   0.00404    
 800         -10.99652   0.01342     -10.9831    103.85   0.00235     0.0         2.798     2.798     9.148     15.502    71923809519.18456 425.6    0.0049     
 900         -10.99747   0.01437     -10.9831    111.15   0.00333     1e-05       2.798     2.798     9.148     15.502    71984925088.85358 369.86   0.00584    
 1000        -10.99668   0.01358     -10.9831    105.04   0.00462     1e-05       2.798     2.798     9.148     15.502    71925582368.31598 305.57   0.00687    
 1100        -10.99497   0.01188     -10.9831    91.88    0.00654     1e-05       2.798     2.798     9.148     15.502    71827567264.01962 240.1    0.00817    
 1200        -10.99735   0.01425     -10.9831    110.27   0.00841     1e-05       2.798     2.798     9.148     15.502    71974844366.91302 231.86   0.00927    
 1300        -10.99567   0.01257     -10.9831    97.24    0.01083     1e-05       2.798     2.798     9.148     15.502    71869126281.4429 191.89   0.01052    
 1400        -10.99738   0.01428     -10.9831    110.45   0.01327     2e-05       2.798     2.798     9.148     15.502    71974174703.77867 184.77   0.01165    
 1500        -10.99476   0.01167     -10.9831    90.25    0.01635     2e-05       2.798     2.798     9.148     15.502    71823136928.07053 150.49   0.01293    

Time averages:
             Epot        Ekin        Etot        Temp     MSD         Self_diff   Pressure    Spec_heat   DebyeT   Lindemann  
             eV/atom     eV/atom     eV/atom     K        Å^2         mm^2/s      Pa          J/(K*Kg)    K        1          
             -10.99609   0.01299     -10.9831    100.47   0.00685     1e-05       71896427075.49667 119.54215   314.8    0.00777    