Material ID: 0168
Unit cell composition: Ni250
Material:  Ni
Site positions of initial unit cell:
 Ni          Ni         
 -0.00000    1.20834    
 1.39527     0.69764    
 5.74724     7.76811    
Properties:
 Time        Epot        Ekin        Etot        Temp     MSD         Self_diff   LC_a      LC_b      LC_c      Volume      Pressure    DebyeT   Lindemann  
 fs          eV/atom     eV/atom     eV/atom     K        Å^2         mm^2/s      Å         Å         Å         Å^3/atom    Pa          K        1          
 500         -11.43039   0.02596     -11.40443   200.85   0.0         0.0         2.465     2.465     13.786    36.272    13267681358.93506 inf      0.0        
 600         -11.42678   0.02235     -11.40443   172.93   0.00253     1e-05       2.465     2.465     13.786    36.272    10150965499.03465 713.38   0.00141    
 700         -11.42056   0.01617     -11.40439   125.06   0.0085      2e-05       2.465     2.465     13.786    36.272    6940999028.89404 330.86   0.00259    
 800         -11.42858   0.02416     -11.40443   186.88   0.01729     4e-05       2.465     2.465     13.786    36.272    9934591268.22466 283.53   0.0037     
 900         -11.42479   0.02039     -11.4044    157.75   0.03016     6e-05       2.465     2.465     13.786    36.272    12220309108.8291 197.24   0.00489    
 1000        -11.43062   0.02617     -11.40444   202.5    0.04733     8e-05       2.465     2.465     13.786    36.272    8933653400.88994 178.39   0.00612    
 1100        -11.4188    0.01442     -11.40438   111.54   0.06805     0.0001      2.465     2.465     13.786    36.272    6506787536.86515 110.42   0.00734    
 1200        -11.4294    0.02496     -11.40443   193.14   0.0915      0.00013     2.465     2.465     13.786    36.272    10816413835.80858 125.3    0.00851    
 1300        -11.42339   0.01897     -11.40441   146.79   0.11934     0.00015     2.465     2.465     13.786    36.272    12405485383.24382 95.65    0.00972    
 1400        -11.42674   0.02232     -11.40442   172.65   0.15117     0.00018     2.465     2.465     13.786    36.272    8853494397.34423 92.17    0.01094    
 1500        -11.42245   0.01803     -11.40441   139.51   0.18659     0.00021     2.465     2.465     13.786    36.272    7527756611.98806 74.58    0.01215    

Time averages:
             Epot        Ekin        Etot        Temp     MSD         Self_diff   Pressure    Spec_heat   DebyeT   Lindemann  
             eV/atom     eV/atom     eV/atom     K        Å^2         mm^2/s      Pa          J/(K*Kg)    K        1          
             -11.42521   0.02079     -11.40441   160.88   0.07225     0.00011     9429045607.11222 221.76015   220.15   0.00674    