Material ID: 0220
Unit cell composition: Pd125
Material:  Pd
Site positions of initial unit cell:
 Pd         
 0.00000    
 0.00000    
 0.00000    
Properties:
 Time        Epot        Ekin        Etot        Temp     MSD         Self_diff   LC_a      LC_b      LC_c      Volume      Pressure    DebyeT   Lindemann  
 fs          eV/atom     eV/atom     eV/atom     K        Å^2         mm^2/s      Å         Å         Å         Å^3/atom    Pa          K        1          
 500         -11.3953    0.02547     -11.36983   197.01   0.0         0.0         2.686     2.686     2.686     13.705    -22172398526.2892 inf      0.0        
 600         -11.38325   0.01344     -11.36981   103.96   0.00088     0.0         2.686     2.686     2.686     13.705    -22905836650.51426 697.35   0.0022     
 700         -11.37983   0.01003     -11.3698    77.59    0.0025      1e-05       2.686     2.686     2.686     13.705    -23102142612.76961 356.91   0.00372    
 800         -11.38385   0.01404     -11.36981   108.6    0.00492     1e-05       2.686     2.686     2.686     13.705    -22854880111.95049 301.06   0.00522    
 900         -11.38258   0.01277     -11.36981   98.81    0.00838     2e-05       2.686     2.686     2.686     13.705    -22940041089.50842 219.87   0.00682    
 1000        -11.38453   0.01472     -11.36981   113.89   0.01269     2e-05       2.686     2.686     2.686     13.705    -22821954628.8105 191.9    0.00839    
 1100        -11.38459   0.01478     -11.36981   114.35   0.01801     3e-05       2.686     2.686     2.686     13.705    -22818523223.85578 161.39   0.00999    
 1200        -11.38559   0.01578     -11.36981   122.08   0.02426     3e-05       2.686     2.686     2.686     13.705    -22759960913.59148 143.69   0.0116     
 1300        -11.38323   0.01342     -11.3698    103.85   0.03163     4e-05       2.686     2.686     2.686     13.705    -22907166028.85628 116.05   0.01324    
 1400        -11.38127   0.01147     -11.3698    88.74    0.03998     5e-05       2.686     2.686     2.686     13.705    -23018477518.65164 95.42    0.01489    
 1500        -11.3829    0.0131      -11.3698    101.32   0.04927     5e-05       2.686     2.686     2.686     13.705    -22924576322.68305 91.85    0.01653    

Time averages:
             Epot        Ekin        Etot        Temp     MSD         Self_diff   Pressure    Spec_heat   DebyeT   Lindemann  
             eV/atom     eV/atom     eV/atom     K        Å^2         mm^2/s      Pa          J/(K*Kg)    K        1          
             -11.38316   0.01336     -11.36981   103.32   0.01925     3e-05       -22905355910.11915 118.31091   237.55   0.00926    