Material ID: 0151
Unit cell composition: Co500
Material:  Co
Site positions of initial unit cell:
 Co          Co          Co          Co         
 0.00000     -0.00000    0.00000     1.24710    
 0.00000     1.44003     0.00000     0.72001    
 0.00000     2.02148     4.04297     6.06445    
Properties:
 Time        Epot        Ekin        Etot        Temp     MSD         Self_diff   LC_a      LC_b      LC_c      Volume      Pressure    DebyeT   Lindemann  
 fs          eV/atom     eV/atom     eV/atom     K        Å^2         mm^2/s      Å         Å         Å         Å^3/atom    Pa          K        1          
 500         -10.45882   0.0253      -10.43353   195.7    0.0         0.0         2.444     2.444     7.924     10.25     -36059162261.65127 inf      0.0        
 600         -10.55044   0.11616     -10.43428   898.63   0.00178     0.0         2.444     2.444     7.924     10.25     -28202446923.94643 1936.19  0.00488    
 700         -10.58747   0.15312     -10.43434   1184.62  0.00436     1e-05       2.444     2.444     7.924     10.25     -25010376150.42088 1418.25  0.00764    
 800         -10.51421   0.08022     -10.43399   620.62   0.00787     2e-05       2.444     2.444     7.924     10.25     -31403823684.04474 764.22   0.01027    
 900         -10.51081   0.07665     -10.43416   593.02   0.00956     2e-05       2.444     2.444     7.924     10.25     -31855380731.01614 677.84   0.01131    
 1000        -10.56466   0.13035     -10.43431   1008.46  0.00701     1e-05       2.444     2.444     7.924     10.25     -27094621486.64618 1032.57  0.00969    
 1100        -10.53406   0.10008     -10.43398   774.23   0.00522     1e-05       2.444     2.444     7.924     10.25     -29665016826.62404 1048.66  0.00836    
 1200        -10.47776   0.04393     -10.43383   339.85   0.00663     1e-05       2.444     2.444     7.924     10.25     -34808682490.08287 616.22   0.00942    
 1300        -10.52188   0.08791     -10.43397   680.13   0.00633     1e-05       2.444     2.444     7.924     10.25     -30774380323.80472 891.97   0.00921    
 1400        -10.51606   0.0819      -10.43416   633.62   0.01238     1e-05       2.444     2.444     7.924     10.25     -30559886774.4593 615.78   0.01287    
 1500        -10.56918   0.13508     -10.4341    1045.02  0.00978     1e-05       2.444     2.444     7.924     10.25     -26435587652.15566 889.62   0.01144    
 1600        -10.48784   0.05398     -10.43386   417.57   0.0155      2e-05       2.444     2.444     7.924     10.25     -32969512095.13644 446.72   0.01441    

Time averages:
             Epot        Ekin        Etot        Temp     MSD         Self_diff   Pressure    Spec_heat   DebyeT   Lindemann  
             eV/atom     eV/atom     eV/atom     K        Å^2         mm^2/s      Pa          J/(K*Kg)    K        1          
             -10.52839   0.09432     -10.43407   729.71   0.00846     1e-05       -30057726821.43909 320.35839   840.19   0.01046    