Material ID: 0115
Unit cell composition: Cu125
Material:  Cu
Site positions of initial unit cell:
 Cu         
 0.00000    
 0.00000    
 0.00000    
Properties:
 Time        Epot        Ekin        Etot        Temp     MSD         Self_diff   LC_a      LC_b      LC_c      Volume      Pressure    DebyeT   Lindemann  
 fs          eV/atom     eV/atom     eV/atom     K        Å^2         mm^2/s      Å         Å         Å         Å^3/atom    Pa          K        1          
 500         -16.23098   0.02469     -16.20629   190.98   0.0         0.0         2.492     2.492     2.492     11.875    -62497901068.85534 inf      0.0        
 600         -16.28871   0.08246     -16.20626   637.9    0.07058     0.0002      2.492     2.492     2.492     11.875    -62356859143.71738 249.18   0.02133    
 700         -16.37767   0.17138     -16.20629   1325.87  0.05533     0.00013     2.492     2.492     2.492     11.875    -55409112270.89317 405.76   0.01888    
 800         -16.30559   0.0993      -16.20629   768.21   0.07264     0.00015     2.492     2.492     2.492     11.875    -61368950212.59794 269.56   0.02163    
 900         -16.31578   0.10945     -16.20633   846.71   0.08793     0.00016     2.492     2.492     2.492     11.875    -60456818334.48904 257.21   0.0238     
 1000        -16.33918   0.13286     -16.20632   1027.83  0.09697     0.00016     2.492     2.492     2.492     11.875    -58880527553.68031 269.86   0.025      
 1100        -16.35163   0.14524     -16.20639   1123.6   0.09184     0.00014     2.492     2.492     2.492     11.875    -58054713277.6535 289.92   0.02433    
 1200        -16.37997   0.17345     -16.20651   1341.89  0.10789     0.00015     2.492     2.492     2.492     11.875    -55967433398.16648 292.31   0.02637    
 1300        -16.37755   0.17105     -16.2065    1323.3   0.11805     0.00015     2.492     2.492     2.492     11.875    -55836264846.45964 277.51   0.02758    
 1400        -16.35657   0.15014     -16.20643   1161.53  0.14044     0.00017     2.492     2.492     2.492     11.875    -57149003819.1857 238.37   0.03008    
 1500        -16.3523    0.1459      -16.20641   1128.7   0.16098     0.00018     2.492     2.492     2.492     11.875    -58009504959.46666 219.48   0.03221    

Time averages:
             Epot        Ekin        Etot        Temp     MSD         Self_diff   Pressure    Spec_heat   DebyeT   Lindemann  
             eV/atom     eV/atom     eV/atom     K        Å^2         mm^2/s      Pa          J/(K*Kg)    K        1          
             -16.3445    0.13812     -16.20637   1068.55  0.10027     0.00015     -58348918781.631 202.74535   276.92   0.02512    