Material ID: 0023
Unit cell composition: Au250
Material:  Au
Site positions of initial unit cell:
 Au          Au         
 -0.00000    1.46906    
 1.69632     0.84816    
 1.21971     3.65913    
Properties:
 Time        Epot        Ekin        Etot        Temp     MSD         Self_diff   LC_a      LC_b      LC_c      Volume      Pressure    DebyeT   Lindemann  
 fs          eV/atom     eV/atom     eV/atom     K        Å^2         mm^2/s      Å         Å         Å         Å^3/atom    Pa          K        1          
 500         -13.48514   0.02545     -13.45969   196.89   0.0         0.0         2.997     2.997     4.976     19.353    158714280213.04132 inf      0.0        
 600         -13.47048   0.01115     -13.45933   86.26    0.01186     3e-05       2.997     2.997     4.976     19.353    155054140168.54163 126.97   0.00666    
 700         -13.50679   0.04759     -13.4592    368.14   0.03313     8e-05       2.997     2.997     4.976     19.353    149223148538.40665 156.95   0.01114    
 800         -13.70451   0.24255     -13.46196   1876.46  0.19281     0.0004      2.997     2.997     4.976     19.353    116429416975.3605 146.87   0.02687    
 900         -14.13696   0.66677     -13.47019   5158.4   0.80307     0.00149     2.997     2.997     4.976     19.353    55558170370.73563 119.32   0.05484    
 1000        -14.57216   1.08103     -13.49113   8363.2   1.87601     0.00313     2.997     2.997     4.976     19.353    29319044090.84346 99.4     0.08382    
 1100        -14.57408   1.0633      -13.51078   8226.08  2.88671     0.00437     2.997     2.997     4.976     19.353    3147984283.7245 79.47    0.10397    
 1200        -14.58735   1.05576     -13.5316    8167.7   2.72673     0.00379     2.997     2.997     4.976     19.353    26036923741.2482 81.48    0.10105    
 1300        -14.48628   0.93845     -13.54782   7260.19  2.30449     0.00295     2.997     2.997     4.976     19.353    53536909565.33142 83.56    0.0929     
 1400        -14.46828   0.90355     -13.56474   6990.15  2.61077     0.00311     2.997     2.997     4.976     19.353    36749978316.85102 77.04    0.09888    
 1500        -14.60161   1.01601     -13.5856    7860.24  3.30347     0.00367     2.997     2.997     4.976     19.353    13973150391.06067 72.62    0.11122    

Time averages:
             Epot        Ekin        Etot        Temp     MSD         Self_diff   Pressure    Spec_heat   DebyeT   Lindemann  
             eV/atom     eV/atom     eV/atom     K        Å^2         mm^2/s      Pa          J/(K*Kg)    K        1          
             -14.21085   0.70262     -13.50823   5435.68  1.67491     0.00255     63902886644.21037 117.79812   104.37   0.06913    