Material ID: 0103
Unit cell composition: Ag375Ge125
Material:  Ag3Ge
Site positions:
Ag                      Ge
2.0814125                      2.0814125                      0.0                      0.0                      
0.0                      2.0814125                      2.0814125                      0.0                      
2.0814125                      0.0                      2.0814125                      0.0                      
Properties:
 Time        Epot        Ekin        Etot        Temp     MSD         Self_diff   LC_a      LC_b      LC_c      Volume      Pressure   
 fs          eV/atom     eV/atom     eV/atom     K        Å^2         mm^2/s      Å         Å         Å         Å^3/atom    eV/Å^3     
 1500        -12.20967   0.02591     -12.18376   200.48   0.0         0.0         4.204     4.204     4.204     18.581    0.76029    
 1800        -12.20398   0.02024     -12.18374   156.58   0.02546     2e-05       4.204     4.204     4.204     18.581    0.73826    
 2100        -12.24316   0.05938     -12.18379   459.35   0.20538     0.00016     4.204     4.204     4.204     18.581    0.6564     
 2400        -12.45118   0.26676     -12.18442   2063.77  1.44739     0.00101     4.204     4.204     4.204     18.581    0.29816    
 2700        -12.5184    0.3329      -12.18549   2575.46  1.95751     0.00121     4.204     4.204     4.204     18.581    0.25855    
 3000        -12.54811   0.36287     -12.18524   2807.27  2.4435      0.00136     4.204     4.204     4.204     18.581    0.1955     
 3300        -12.57817   0.39261     -12.18555   3037.38  2.64978     0.00134     4.204     4.204     4.204     18.581    0.20699    
 3600        -12.57284   0.38749     -12.18535   2997.78  2.72721     0.00126     4.204     4.204     4.204     18.581    0.21272    
 3900        -12.60688   0.42113     -12.18574   3258.02  2.9748      0.00127     4.204     4.204     4.204     18.581    0.2034     
 4200        -12.61923   0.43335     -12.18588   3352.58  2.98018     0.00118     4.204     4.204     4.204     18.581    0.20922    
 4500        -12.62409   0.43777     -12.18631   3386.77  3.19746     0.00118     4.204     4.204     4.204     18.581    0.19497    

Time averages:
             Epot        Ekin        Etot        Temp     MSD         Self_diff   Pressure    Spec_heat  
             eV/atom     eV/atom     eV/atom     K        Å^2         mm^2/s      eV/Å^3      J/(K*Kg)   
             -12.4966    0.31145     -12.18515   2409.5   2.06087     0.00111     0.31742     -1.78068   