Material ID: 0146
Unit cell composition: Co250
Material:  Co
Site positions of initial unit cell:
 Co          Co         
 -0.00000    1.25039    
 1.44383     0.72191    
 1.00833     3.02500    
Properties:
 Time        Epot        Ekin        Etot        Temp     MSD         Self_diff   LC_a      LC_b      LC_c      Volume      Pressure    DebyeT   Lindemann  
 fs          eV/atom     eV/atom     eV/atom     K        Å^2         mm^2/s      Å         Å         Å         Å^3/atom    Pa          K        1          
 500         -10.57362   0.02399     -10.54964   185.58   0.0         0.0         2.451     2.451     3.953     10.28     -22291252515.10174 inf      0.0        
 600         -10.57511   0.02541     -10.5497    196.59   0.0012      0.0         2.451     2.451     3.953     10.28     -22200641906.23622 1102.75  0.00263    
 700         -10.60103   0.0511      -10.54993   395.32   0.00107     0.0         2.451     2.451     3.953     10.28     -20005670999.69115 1652.54  0.00249    
 800         -10.6113    0.06129     -10.55001   474.16   0.00218     0.0         2.451     2.451     3.953     10.28     -19134203554.46554 1270.75  0.00355    
 900         -10.59523   0.04537     -10.54986   351.0    0.0038      1e-05       2.451     2.451     3.953     10.28     -20502809971.65383 827.29   0.00469    
 1000        -10.56791   0.01827     -10.54963   141.37   0.00499     1e-05       2.451     2.451     3.953     10.28     -22822580388.8648 458.16   0.00537    
 1100        -10.56598   0.01637     -10.54961   126.68   0.00709     1e-05       2.451     2.451     3.953     10.28     -22977877130.81864 363.8    0.00641    
 1200        -10.58708   0.03727     -10.5498    288.37   0.00747     1e-05       2.451     2.451     3.953     10.28     -21180305999.33087 534.71   0.00658    
 1300        -10.60982   0.05983     -10.55      462.84   0.00912     1e-05       2.451     2.451     3.953     10.28     -19261582070.20576 613.02   0.00727    
 1400        -10.60701   0.05704     -10.54997   441.25   0.01069     1e-05       2.451     2.451     3.953     10.28     -19502540611.08024 553.07   0.00787    
 1500        -10.58312   0.03337     -10.54975   258.16   0.0126      1e-05       2.451     2.451     3.953     10.28     -21529773621.96483 389.56   0.00854    

Time averages:
             Epot        Ekin        Etot        Temp     MSD         Self_diff   Pressure    Spec_heat   DebyeT   Lindemann  
             eV/atom     eV/atom     eV/atom     K        Å^2         mm^2/s      Pa          J/(K*Kg)    K        1          
             -10.59036   0.04053     -10.54983   313.57   0.00602     1e-05       -20911798625.43119 267.67641   776.57   0.00554    