Material ID: 0005
Unit cell composition: Ag375Li125
Material:  Ag3Li
Site positions:
Ag                      Li
0.0                      0.0                      2.0507685                      2.0507685                      
0.0                      2.0507685                      0.0                      2.0507685                      
0.0                      2.0507685                      2.0507685                      0.0                      
Properties:
 Time        Epot        Ekin        Etot        Temp     MSD         Self_diff   LC_a      LC_b      LC_c      Volume      Pressure   
 fs          eV/atom     eV/atom     eV/atom     K        Å^2         mm^2/s      Å         Å         Å         Å^3/atom    eV/Å^3     
 1500        -11.7224    0.02518     -11.69722   194.83   0.0         0.0         4.02      4.02      4.02      16.235    0.36404    
 1800        -11.73584   0.03777     -11.69807   292.23   0.0057      1e-05       4.02      4.02      4.02      16.235    0.36996    
 2100        -11.75148   0.05312     -11.69837   410.92   0.00668     1e-05       4.02      4.02      4.02      16.235    0.37487    
 2400        -11.7544    0.05615     -11.69825   434.38   0.0097      1e-05       4.02      4.02      4.02      16.235    0.37554    
 2700        -11.74821   0.05001     -11.6982    386.86   0.01553     1e-05       4.02      4.02      4.02      16.235    0.3737     
 3000        -11.74278   0.04489     -11.69789   347.26   0.02121     1e-05       4.02      4.02      4.02      16.235    0.37166    
 3300        -11.74078   0.04275     -11.69803   330.72   0.0299      2e-05       4.02      4.02      4.02      16.235    0.37094    
 3600        -11.74286   0.04487     -11.69798   347.15   0.03732     2e-05       4.02      4.02      4.02      16.235    0.37169    
 3900        -11.7444    0.04626     -11.69813   357.92   0.0481      2e-05       4.02      4.02      4.02      16.235    0.37226    
 4200        -11.74416   0.04611     -11.69805   356.74   0.05984     2e-05       4.02      4.02      4.02      16.235    0.37214    
 4500        -11.74516   0.04712     -11.69805   364.51   0.07132     3e-05       4.02      4.02      4.02      16.235    0.37256    

Time averages:
             Epot        Ekin        Etot        Temp     MSD         Self_diff   Pressure    Spec_heat  
             eV/atom     eV/atom     eV/atom     K        Å^2         mm^2/s      eV/Å^3      J/(K*Kg)   
             -11.74501   0.04691     -11.6981    362.87   0.03053     2e-05       0.37253     -56.10047  