Material ID: 0292
Unit cell composition: Mg250
Material:  Mg
Site positions of initial unit cell:
 Mg          Mg         
 -0.00000    1.60152    
 1.84927     0.92463    
 1.28167     3.84502    
Properties:
 Time        Epot        Ekin        Etot        Temp     MSD         Self_diff   LC_a      LC_b      LC_c      Volume      Pressure    DebyeT   Lindemann  
 fs          eV/atom     eV/atom     eV/atom     K        Å^2         mm^2/s      Å         Å         Å         Å^3/atom    Pa          K        1          
 500         -0.42425    0.02676     -0.39749    207.01   0.0         0.0         3.203     3.203     5.127     22.775    4487036240.92495 inf      0.0        
 600         -0.41399    0.0165      -0.39749    127.67   0.14954     0.00042     3.203     3.203     5.127     22.775    3257742813.59713 123.84   0.02261    
 700         -0.41782    0.02033     -0.39749    157.26   0.3151      0.00075     3.203     3.203     5.127     22.775    3003989074.59036 94.68    0.03282    
 800         -0.41941    0.02192     -0.39749    169.55   0.48668     0.00101     3.203     3.203     5.127     22.775    2707670800.36216 79.11    0.04079    
 900         -0.42296    0.02547     -0.39749    197.01   0.61697     0.00114     3.203     3.203     5.127     22.775    2579794591.09748 75.74    0.04593    
 1000        -0.42586    0.02836     -0.39749    219.42   0.76602     0.00128     3.203     3.203     5.127     22.775    2450882972.95872 71.73    0.05117    
 1100        -0.42847    0.03098     -0.39749    239.65   0.96967     0.00147     3.203     3.203     5.127     22.775    2202845571.6627 66.63    0.05758    
 1200        -0.43256    0.03506     -0.39749    271.27   1.20056     0.00167     3.203     3.203     5.127     22.775    2038060137.81762 63.71    0.06406    
 1300        -0.43307    0.03558     -0.39749    275.26   1.56488     0.00201     3.203     3.203     5.127     22.775    1720638123.08536 56.21    0.07314    
 1400        -0.43853    0.04103     -0.3975     317.43   1.88625     0.00225     3.203     3.203     5.127     22.775    1582753882.84469 54.98    0.0803     
 1500        -0.43855    0.04106     -0.39749    317.63   2.16834     0.00241     3.203     3.203     5.127     22.775    1343257565.20638 51.3     0.0861     

Time averages:
             Epot        Ekin        Etot        Temp     MSD         Self_diff   Pressure    Spec_heat   DebyeT   Lindemann  
             eV/atom     eV/atom     eV/atom     K        Å^2         mm^2/s      Pa          J/(K*Kg)    K        1          
             -0.42712    0.02963     -0.39749    229.22   1.0124      0.00155     2288763553.32226 570.74939   73.79    0.05545    