Material ID: 0178
Unit cell composition: Ni125
Material:  Ni
Site positions of initial unit cell:
 Ni         
 0.00000    
 0.00000    
 0.00000    
Properties:
 Time        Epot        Ekin        Etot        Temp     MSD         Self_diff   LC_a      LC_b      LC_c      Volume      Pressure    DebyeT   Lindemann  
 fs          eV/atom     eV/atom     eV/atom     K        Å^2         mm^2/s      Å         Å         Å         Å^3/atom    Pa          K        1          
 500         -15.70059   0.02381     -15.67679   184.17   0.0         0.0         2.465     2.465     2.465     11.526    160539962156.2468 inf      0.0        
 600         -15.72818   0.05142     -15.67676   397.8    0.04637     0.00013     2.465     2.465     2.465     11.526    158944334646.0926 252.62   0.01747    
 700         -15.72809   0.05133     -15.67677   397.1    0.0752      0.00018     2.465     2.465     2.465     11.526    158500621048.10776 198.18   0.02225    
 800         -15.73524   0.05846     -15.67678   452.3    0.11359     0.00024     2.465     2.465     2.465     11.526    159063835688.2761 172.1    0.02735    
 900         -15.74705   0.07027     -15.67678   543.66   0.1717      0.00032     2.465     2.465     2.465     11.526    158859942109.0234 153.47   0.03362    
 1000        -15.76382   0.08702     -15.6768    673.24   0.17508     0.00029     2.465     2.465     2.465     11.526    160319258499.54602 169.12   0.03395    
 1100        -15.76406   0.08727     -15.67679   675.16   0.26434     0.0004      2.465     2.465     2.465     11.526    159146181986.68576 137.84   0.04172    
 1200        -15.76149   0.08469     -15.6768    655.18   0.2656      0.00037     2.465     2.465     2.465     11.526    158390126084.1739 135.46   0.04182    
 1300        -15.76626   0.08945     -15.67681   692.02   0.25319     0.00032     2.465     2.465     2.465     11.526    159139526341.62708 142.59   0.04083    
 1400        -15.7657    0.08887     -15.67683   687.5    0.28861     0.00034     2.465     2.465     2.465     11.526    159200405307.77853 133.11   0.04359    
 1500        -15.76572   0.08891     -15.67682   687.82   0.30135     0.00033     2.465     2.465     2.465     11.526    159072363548.66635 130.3    0.04454    

Time averages:
             Epot        Ekin        Etot        Temp     MSD         Self_diff   Pressure    Spec_heat   DebyeT   Lindemann  
             eV/atom     eV/atom     eV/atom     K        Å^2         mm^2/s      Pa          J/(K*Kg)    K        1          
             -15.75256   0.07577     -15.67679   586.18   0.1955      0.00031     159063659525.99774 218.5537    162.48   0.03471    