Material ID: 0079
Unit cell composition: Ag500Lu125
Material:  Ag4Lu
Site positions of initial unit cell:
 Ag          Ag          Ag          Ag          Lu         
 0.00000     1.73007     -0.94776    1.77100     -0.90684   
 0.00000     1.51587     2.67169     -0.76441    0.39142    
 0.00000     1.92892     0.98770     3.82515     2.88393    
Properties:
 Time        Epot        Ekin        Etot        Temp     MSD         Self_diff   LC_a      LC_b      LC_c      Volume      Pressure   
 fs          eV/atom     eV/atom     eV/atom     K        Å^2         mm^2/s      Å         Å         Å         Å^3/atom    eV/Å^3     
 1000        -11.24359   0.02681     -11.21678   207.44   0.0         0.0         5.452     5.452     5.452     21.651    0.09489    
 1200        -11.41907   0.20118     -11.2179    1556.38  0.05319     7e-05       5.452     5.452     5.452     21.651    0.0739     
 1400        -11.45808   0.23994     -11.21814   1856.23  0.04166     5e-05       5.452     5.452     5.452     21.651    0.13553    
 1600        -11.57584   0.35719     -11.21866   2763.34  0.14234     0.00015     5.452     5.452     5.452     21.651    0.12606    
 1800        -11.5717    0.35308     -11.21862   2731.52  0.29066     0.00027     5.452     5.452     5.452     21.651    0.11338    
 2000        -11.57233   0.35377     -11.21856   2736.87  0.28502     0.00024     5.452     5.452     5.452     21.651    0.11505    
 2200        -11.56279   0.34419     -11.21859   2662.81  0.29405     0.00022     5.452     5.452     5.452     21.651    0.11421    
 2400        -11.58052   0.3619      -11.21862   2799.77  0.39558     0.00027     5.452     5.452     5.452     21.651    0.11207    
 2600        -11.57812   0.35956     -11.21856   2781.72  0.45269     0.00029     5.452     5.452     5.452     21.651    0.10926    
 2800        -11.58805   0.36943     -11.21863   2858.0   0.39728     0.00024     5.452     5.452     5.452     21.651    0.11317    
 3000        -11.59558   0.37696     -11.21862   2916.27  0.53979     0.0003      5.452     5.452     5.452     21.651    0.1125     
 3200        -11.58101   0.36246     -11.21855   2804.13  0.99248     0.00052     5.452     5.452     5.452     21.651    0.10545    
 3400        -11.60742   0.38866     -11.21876   3006.77  1.04803     0.00051     5.452     5.452     5.452     21.651    0.10427    

Time averages:
             Epot        Ekin        Etot        Temp     MSD         Self_diff   Pressure    Spec_heat  
             eV/atom     eV/atom     eV/atom     K        Å^2         mm^2/s      eV/Å^3      J/(K*Kg)   
             -11.58134   0.36272     -11.21862   2806.12  0.48379     0.00032     0.11254     193.30137  