Material ID: 0195
Unit cell composition: Mg125
Material:  Mg
Site positions of initial unit cell:
 Mg         
 0.00000    
 0.00000    
 0.00000    
Properties:
 Time        Epot        Ekin        Etot        Temp     MSD         Self_diff   LC_a      LC_b      LC_c      Volume      Pressure    DebyeT   Lindemann  
 fs          eV/atom     eV/atom     eV/atom     K        Å^2         mm^2/s      Å         Å         Å         Å^3/atom    Pa          K        1          
 500         -0.50183    0.02357     -0.47826    182.33   0.0         0.0         3.059     3.059     3.059     20.231    5220303043.2121 inf      0.0        
 600         -0.48876    0.0105      -0.47826    81.23    0.08904     0.00025     3.059     3.059     3.059     20.231    4169671884.60085 128.01   0.01951    
 700         -0.49059    0.01233     -0.47826    95.36    0.12865     0.00031     3.059     3.059     3.059     20.231    4269800151.72864 115.39   0.02345    
 800         -0.49107    0.01281     -0.47826    99.11    0.1452      0.0003      3.059     3.059     3.059     20.231    4297450636.75085 110.73   0.02492    
 900         -0.49194    0.01368     -0.47826    105.85   0.16104     0.0003      3.059     3.059     3.059     20.231    4324548769.92187 108.66   0.02624    
 1000        -0.49247    0.01421     -0.47826    109.93   0.19601     0.00033     3.059     3.059     3.059     20.231    4341141490.37567 100.37   0.02895    
 1100        -0.49174    0.01348     -0.47826    104.29   0.25476     0.00039     3.059     3.059     3.059     20.231    4292130243.23738 85.75    0.03301    
 1200        -0.49065    0.01239     -0.47826    95.86    0.31854     0.00044     3.059     3.059     3.059     20.231    4256767146.375 73.52    0.03691    
 1300        -0.49167    0.01341     -0.47826    103.71   0.37386     0.00048     3.059     3.059     3.059     20.231    4359120070.90022 70.59    0.03998    
 1400        -0.49028    0.01201     -0.47826    92.94    0.44392     0.00053     3.059     3.059     3.059     20.231    4269353866.21997 61.32    0.04357    
 1500        -0.49314    0.01488     -0.47826    115.09   0.50422     0.00056     3.059     3.059     3.059     20.231    4463579204.16674 64.03    0.04643    

Time averages:
             Epot        Ekin        Etot        Temp     MSD         Self_diff   Pressure    Spec_heat   DebyeT   Lindemann  
             eV/atom     eV/atom     eV/atom     K        Å^2         mm^2/s      Pa          J/(K*Kg)    K        1          
             -0.49123    0.01297     -0.47826    100.34   0.26152     0.0004      4304356346.42772 515.97951   91.84    0.0323     