Material ID: 0206
Unit cell composition: Mg125
Material:  Mg
Site positions of initial unit cell:
 Mg         
 0.00000    
 0.00000    
 0.00000    
Properties:
 Time        Epot        Ekin        Etot        Temp     MSD         Self_diff   LC_a      LC_b      LC_c      Volume      Pressure    DebyeT   Lindemann  
 fs          eV/atom     eV/atom     eV/atom     K        Å^2         mm^2/s      Å         Å         Å         Å^3/atom    Pa          K        1          
 500         -0.45451    0.02409     -0.43041    186.4    0.0         0.0         3.038     3.038     3.038     21.579    4673689240.94994 inf      0.0        
 600         -0.44394    0.01353     -0.43041    104.65   0.11831     0.00033     3.038     3.038     3.038     21.579    3552436821.17765 126.05   0.02265    
 700         -0.44594    0.01552     -0.43041    120.1    0.25299     0.0006      3.038     3.038     3.038     21.579    3400359868.63534 92.34    0.03312    
 800         -0.44869    0.01827     -0.43041    141.37   0.3556      0.00074     3.038     3.038     3.038     21.579    3239952141.42041 84.51    0.03926    
 900         -0.45057    0.02016     -0.43041    155.98   0.46671     0.00086     3.038     3.038     3.038     21.579    3136314958.95728 77.48    0.04498    
 1000        -0.45124    0.02083     -0.43041    161.12   0.61443     0.00102     3.038     3.038     3.038     21.579    2914851537.94517 68.63    0.05161    
 1100        -0.4523     0.02189     -0.43041    169.36   0.80084     0.00121     3.038     3.038     3.038     21.579    2641064959.81392 61.63    0.05892    
 1200        -0.4533     0.02288     -0.43041    177.03   0.997       0.00138     3.038     3.038     3.038     21.579    2438929983.90695 56.48    0.06574    
 1300        -0.45527    0.02486     -0.43041    192.31   1.16794     0.0015      3.038     3.038     3.038     21.579    2451306477.99087 54.38    0.07115    
 1400        -0.45475    0.02434     -0.43041    188.27   1.41251     0.00168     3.038     3.038     3.038     21.579    2234021495.9785 48.93    0.07825    
 1500        -0.45583    0.02542     -0.43041    196.63   1.64399     0.00183     3.038     3.038     3.038     21.579    2100090266.45737 46.35    0.08442    

Time averages:
             Epot        Ekin        Etot        Temp     MSD         Self_diff   Pressure    Spec_heat   DebyeT   Lindemann  
             eV/atom     eV/atom     eV/atom     K        Å^2         mm^2/s      Pa          J/(K*Kg)    K        1          
             -0.45118    0.02077     -0.43041    160.68   0.78303     0.0012      2810932851.22835 524.75564   71.68    0.05501    