Material ID: 0219
Unit cell composition: Mg125
Material:  Mg
Site positions of initial unit cell:
 Mg         
 0.00000    
 0.00000    
 0.00000    
Properties:
 Time        Epot        Ekin        Etot        Temp     MSD         Self_diff   LC_a      LC_b      LC_c      Volume      Pressure    DebyeT   Lindemann  
 fs          eV/atom     eV/atom     eV/atom     K        Å^2         mm^2/s      Å         Å         Å         Å^3/atom    Pa          K        1          
 500         -0.30163    0.02479     -0.27684    191.8    0.0         0.0         3.177     3.177     3.286     28.73     2637736436.69102 inf      0.0        
 600         -0.29683    0.02        -0.27684    154.71   0.17188     0.00048     3.177     3.177     3.286     28.73     1937150111.27586 127.16   0.0261     
 700         -0.30583    0.02899     -0.27684    224.27   0.50359     0.0012      3.177     3.177     3.286     28.73     1689342870.54316 89.44    0.04467    
 800         -0.3144     0.03757     -0.27684    290.62   0.98907     0.00206     3.177     3.177     3.286     28.73     1433783707.39712 72.65    0.0626     
 900         -0.32432    0.04748     -0.27684    367.31   1.65746     0.00307     3.177     3.177     3.286     28.73     1103521350.73226 63.09    0.08104    
 1000        -0.33106    0.05422     -0.27684    419.44   2.42215     0.00404     3.177     3.177     3.286     28.73     1069916856.89856 55.77    0.09797    
 1100        -0.33878    0.06194     -0.27684    479.18   3.17296     0.00481     3.177     3.177     3.286     28.73     1268564789.34178 52.08    0.11213    
 1200        -0.34082    0.06398     -0.27684    495.0    4.02451     0.00559     3.177     3.177     3.286     28.73     921927789.39823 47.0     0.12628    
 1300        -0.33977    0.06293     -0.27684    486.88   4.87313     0.00625     3.177     3.177     3.286     28.73     856764082.73065 42.36    0.13896    
 1400        -0.33901    0.06217     -0.27684    480.95   5.76817     0.00687     3.177     3.177     3.286     28.73     902915660.81992 38.7     0.15118    
 1500        -0.34295    0.06612     -0.27684    511.49   6.58051     0.00731     3.177     3.177     3.286     28.73     823330089.25646 37.37    0.16147    

Time averages:
             Epot        Ekin        Etot        Temp     MSD         Self_diff   Pressure    Spec_heat   DebyeT   Lindemann  
             eV/atom     eV/atom     eV/atom     K        Å^2         mm^2/s      Pa          J/(K*Kg)    K        1          
             -0.32738    0.05054     -0.27684    390.99   3.01634     0.00458     1200721730.8394 547.89118   62.56    0.10024    