Material ID: 0204
Unit cell composition: Mg125
Material:  Mg
Site positions of initial unit cell:
 Mg         
 0.00000    
 0.00000    
 0.00000    
Properties:
 Time        Epot        Ekin        Etot        Temp     MSD         Self_diff   LC_a      LC_b      LC_c      Volume      Pressure    DebyeT   Lindemann  
 fs          eV/atom     eV/atom     eV/atom     K        Å^2         mm^2/s      Å         Å         Å         Å^3/atom    Pa          K        1          
 500         -0.35392    0.02911     -0.32481    225.2    0.0         0.0         3.215     3.215     3.215     25.491    3583909893.64516 inf      0.0        
 600         -0.35239    0.02759     -0.32481    213.41   0.21342     0.00059     3.215     3.215     3.215     25.491    2578024612.70692 134.02   0.02874    
 700         -0.36057    0.03576     -0.32481    276.67   0.65057     0.00155     3.215     3.215     3.215     25.491    1847518805.20507 87.4     0.05018    
 800         -0.37023    0.04542     -0.32481    351.36   1.07583     0.00224     3.215     3.215     3.215     25.491    1802290234.7637 76.59    0.06453    
 900         -0.36934    0.04453     -0.32481    344.52   1.50869     0.00279     3.215     3.215     3.215     25.491    1576785068.1483 64.05    0.07642    
 1000        -0.36796    0.04315     -0.32481    333.8    1.96806     0.00328     3.215     3.215     3.215     25.491    1411715231.62958 55.2     0.08728    
 1100        -0.37229    0.04748     -0.32481    367.32   2.50584     0.0038      3.215     3.215     3.215     25.491    1346666627.58433 51.31    0.09848    
 1200        -0.37278    0.04797     -0.32481    371.14   2.788       0.00387     3.215     3.215     3.215     25.491    1633938796.14397 48.9     0.10388    
 1300        -0.37099    0.04618     -0.32481    357.28   3.15524     0.00405     3.215     3.215     3.215     25.491    1448230474.07797 45.1     0.11051    
 1400        -0.37513    0.05032     -0.32481    389.28   3.6066      0.00429     3.215     3.215     3.215     25.491    1139169028.21537 44.03    0.11815    
 1500        -0.38077    0.05596     -0.32481    432.94   3.94711     0.00439     3.215     3.215     3.215     25.491    1318988301.9822 44.39    0.1236     

Time averages:
             Epot        Ekin        Etot        Temp     MSD         Self_diff   Pressure    Spec_heat   DebyeT   Lindemann  
             eV/atom     eV/atom     eV/atom     K        Å^2         mm^2/s      Pa          J/(K*Kg)    K        1          
             -0.36924    0.04444     -0.32481    343.77   2.14194     0.00336     1610332718.04574 522.91507   65.1     0.08618    