Material ID: 0016
Unit cell composition: Ag125I125
Material:  AgI
Site positions:
Ag                      I
0.0                      1.9275                      
0.0                      1.9275                      
0.0                      1.9275                      
Properties:
 Time        Epot        Ekin        Etot        Temp     MSD         Self_diff   LC_a      LC_b      LC_c      Volume      Pressure   
 fs          eV/atom     eV/atom     eV/atom     K        Å^2         mm^2/s      Å         Å         Å         Å^3/atom    eV/Å^3     
 1500        -6.46311    0.02643     -6.43667    204.5    0.0         0.0         3.816     3.816     3.816     27.794    0.38925    
 1800        -7.26319    0.82536     -6.43783    6385.28  1.48071     0.00137     3.816     3.816     3.816     27.794    0.18926    
 2100        -7.56474    1.12382     -6.44092    8694.27  5.38405     0.00427     3.816     3.816     3.816     27.794    0.11065    
 2400        -7.74862    1.30818     -6.44045    10120.52 9.32157     0.00647     3.816     3.816     3.816     27.794    0.10605    
 2700        -7.71322    1.27284     -6.44038    9847.14  12.79354    0.0079      3.816     3.816     3.816     27.794    0.09394    
 3000        -7.81173    1.37159     -6.44014    10611.08 16.59337    0.00922     3.816     3.816     3.816     27.794    0.09019    
 3300        -7.94264    1.50021     -6.44243    11606.13 20.81565    0.01051     3.816     3.816     3.816     27.794    0.14366    
 3600        -7.86601    1.42427     -6.44174    11018.67 23.46906    0.01087     3.816     3.816     3.816     27.794    0.11088    
 3900        -7.84191    1.40144     -6.44047    10842.06 25.96675    0.0111      3.816     3.816     3.816     27.794    0.09861    
 4200        -7.88337    1.44233     -6.44104    11158.37 29.50048    0.01171     3.816     3.816     3.816     27.794    0.08815    
 4500        -7.72494    1.28437     -6.44057    9936.33  32.4257     0.01201     3.816     3.816     3.816     27.794    0.10096    
 4800        -7.85518    1.41413     -6.44105    10940.19 35.41534    0.0123      3.816     3.816     3.816     27.794    0.10863    

Time averages:
             Epot        Ekin        Etot        Temp     MSD         Self_diff   Pressure    Spec_heat  
             eV/atom     eV/atom     eV/atom     K        Å^2         mm^2/s      eV/Å^3      J/(K*Kg)   
             -7.79524    1.35432     -6.44092    10477.48 21.16855    0.01023     0.10517     3607.14191 