Material ID: 0134
Unit cell composition: Ti125
Material:  Ti
Site positions of initial unit cell:
 Ti         
 0.00000    
 0.00000    
 0.00000    
Properties:
 Time        Epot        Ekin        Etot        Temp     MSD         Self_diff   LC_a      LC_b      LC_c      Volume      Pressure    DebyeT   Lindemann  
 fs          eV/atom     eV/atom     eV/atom     K        Å^2         mm^2/s      Å         Å         Å         Å^3/atom    Pa          K        1          
 500         -8.66567    0.02407     -8.6416     186.2    0.0         0.0         2.929     2.929     2.929     19.334    -111525498058.53864 inf      0.0        
 600         -8.69048    0.04896     -8.64152    378.8    0.07667     0.00021     2.929     2.929     2.929     19.334    -112500618235.38103 212.28   0.01891    
 700         -8.71486    0.07331     -8.64156    567.12   0.10753     0.00026     2.929     2.929     2.929     19.334    -110987069627.20636 219.33   0.02239    
 800         -8.7359     0.09433     -8.64157    729.74   0.20634     0.00043     2.929     2.929     2.929     19.334    -110733078793.21132 179.6    0.03102    
 900         -8.73615    0.09457     -8.64158    731.62   0.20227     0.00037     2.929     2.929     2.929     19.334    -110636243184.29643 181.63   0.03072    
 1000        -8.75008    0.10848     -8.64161    839.2    0.29212     0.00049     2.929     2.929     2.929     19.334    -110472418629.06593 161.87   0.03691    
 1100        -8.74059    0.099       -8.64159    765.87   0.29221     0.00044     2.929     2.929     2.929     19.334    -110747772519.3418 154.61   0.03692    
 1200        -8.74016    0.09853     -8.64163    762.24   0.26313     0.00037     2.929     2.929     2.929     19.334    -110633160974.98051 162.55   0.03503    
 1300        -8.74377    0.10212     -8.64166    790.01   0.31482     0.0004      2.929     2.929     2.929     19.334    -110768321964.6958 151.29   0.03832    
 1400        -8.74156    0.09992     -8.64164    773.0    0.38995     0.00046     2.929     2.929     2.929     19.334    -111032717178.29298 134.46   0.04265    
 1500        -8.7364     0.09482     -8.64158    733.54   0.32735     0.00036     2.929     2.929     2.929     19.334    -111075305835.36002 142.96   0.03907    

Time averages:
             Epot        Ekin        Etot        Temp     MSD         Self_diff   Pressure    Spec_heat   DebyeT   Lindemann  
             eV/atom     eV/atom     eV/atom     K        Å^2         mm^2/s      Pa          J/(K*Kg)    K        1          
             -8.73299    0.0914      -8.64159    707.11   0.24724     0.0004      -110958670694.18323 266.38609   170.06   0.03319    