Material ID: 0212
Unit cell composition: Mg250
Material:  Mg
Site positions of initial unit cell:
 Mg          Mg         
 -0.00000    1.60152    
 1.84927     0.92463    
 1.28167     3.84502    
Properties:
 Time        Epot        Ekin        Etot        Temp     MSD         Self_diff   LC_a      LC_b      LC_c      Volume      Pressure    DebyeT   Lindemann  
 fs          eV/atom     eV/atom     eV/atom     K        Å^2         mm^2/s      Å         Å         Å         Å^3/atom    Pa          K        1          
 500         -0.42425    0.02559     -0.39866    197.96   0.0         0.0         3.203     3.203     5.127     22.775    4487036240.92495 inf      0.0        
 600         -0.41352    0.01485     -0.39866    114.92   0.15309     0.00043     3.203     3.203     5.127     22.775    3220866887.42155 116.12   0.02288    
 700         -0.41824    0.01958     -0.39866    151.44   0.30516     0.00073     3.203     3.203     5.127     22.775    3052025258.34151 94.41    0.0323     
 800         -0.421      0.02234     -0.39866    172.82   0.46678     0.00097     3.203     3.203     5.127     22.775    2923917681.54894 81.55    0.03995    
 900         -0.42341    0.02475     -0.39866    191.45   0.66914     0.00124     3.203     3.203     5.127     22.775    2565914615.8157 71.69    0.04783    
 1000        -0.42549    0.02682     -0.39866    207.52   0.88093     0.00147     3.203     3.203     5.127     22.775    2303592700.83154 65.05    0.05488    
 1100        -0.42768    0.02902     -0.39866    224.51   1.09526     0.00166     3.203     3.203     5.127     22.775    2140719397.85232 60.68    0.06119    
 1200        -0.42904    0.03037     -0.39866    234.98   1.35329     0.00188     3.203     3.203     5.127     22.775    1920612175.66454 55.85    0.06802    
 1300        -0.43142    0.03276     -0.39866    253.44   1.64851     0.00211     3.203     3.203     5.127     22.775    1775033547.85827 52.55    0.07507    
 1400        -0.4328     0.03413     -0.39866    264.06   1.94001     0.00231     3.203     3.203     5.127     22.775    1547687085.00584 49.45    0.08144    
 1500        -0.43652    0.03786     -0.39866    292.89   2.16578     0.00241     3.203     3.203     5.127     22.775    1650470590.98276 49.29    0.08605    

Time averages:
             Epot        Ekin        Etot        Temp     MSD         Self_diff   Pressure    Spec_heat   DebyeT   Lindemann  
             eV/atom     eV/atom     eV/atom     K        Å^2         mm^2/s      Pa          J/(K*Kg)    K        1          
             -0.42591    0.02725     -0.39866    210.8    1.0678      0.00164     2310083994.1323 557.8397    69.66    0.05696    