Material ID: 0021
Unit cell composition: Au250
Material:  Au
Site positions of initial unit cell:
 Au          Au         
 -0.00000    1.46906    
 1.69632     0.84816    
 1.21971     3.65913    
Properties:
 Time        Epot        Ekin        Etot        Temp     MSD         Self_diff   LC_a      LC_b      LC_c      Volume      Pressure    DebyeT   Lindemann  
 fs          eV/atom     eV/atom     eV/atom     K        Å^2         mm^2/s      Å         Å         Å         Å^3/atom    Pa          K        1          
 500         -15.785     0.0259      -15.7591    200.39   0.0         0.0         2.879     2.879     4.781     17.165    174867736234.52777 inf      0.0        
 600         -15.78007   0.02124     -15.75883   164.29   0.0041      1e-05       2.879     2.879     4.781     17.165    174534474602.10693 298.01   0.00408    
 700         -15.78063   0.02163     -15.759     167.31   0.00304     1e-05       2.879     2.879     4.781     17.165    174712690574.64285 349.2    0.00351    
 800         -15.77726   0.01831     -15.75895   141.66   0.00244     1e-05       2.879     2.879     4.781     17.165    174490034794.27628 358.79   0.00315    
 900         -15.77296   0.01409     -15.75888   109.0    0.00493     1e-05       2.879     2.879     4.781     17.165    174014730257.60135 221.37   0.00447    
 1000        -15.77409   0.01559     -15.7585    120.63   0.00289     0.0         2.879     2.879     4.781     17.165    173939299467.4142 304.02   0.00343    
 1100        -15.77706   0.01843     -15.75863   142.56   0.0043      1e-05       2.879     2.879     4.781     17.165    174316306877.2991 271.18   0.00417    
 1200        -15.77772   0.01934     -15.75838   149.63   0.00378     1e-05       2.879     2.879     4.781     17.165    174521790901.15192 296.16   0.00392    
 1300        -15.77959   0.02151     -15.75808   166.42   0.00243     0.0         2.879     2.879     4.781     17.165    174662240262.55304 389.57   0.00314    
 1400        -15.77698   0.01915     -15.75783   148.12   0.00411     0.0         2.879     2.879     4.781     17.165    174304406617.74286 282.49   0.00409    
 1500        -15.77249   0.01462     -15.75787   113.13   0.00389     0.0         2.879     2.879     4.781     17.165    173913798367.1135 253.85   0.00397    

Time averages:
             Epot        Ekin        Etot        Temp     MSD         Self_diff   Pressure    Spec_heat   DebyeT   Lindemann  
             eV/atom     eV/atom     eV/atom     K        Å^2         mm^2/s      Pa          J/(K*Kg)    K        1          
             -15.77689   0.01839     -15.7585    142.28   0.00359     1e-05       174340977272.1902 65.12402    302.46   0.00379    