Material ID: 0078
Unit cell composition: Ag125Li125
Material:  AgLi
Site positions:
Ag                      Li
1.59601                      0.0                      
1.59601                      0.0                      
1.59601                      0.0                      
Properties:
 Time        Epot        Ekin        Etot        Temp     MSD         Self_diff   LC_a      LC_b      LC_c      Volume      Pressure   
 fs          eV/atom     eV/atom     eV/atom     K        Å^2         mm^2/s      Å         Å         Å         Å^3/atom    eV/Å^3     
 1500        -9.63478    0.02498     -9.6098     193.28   0.0         0.0         3.224     3.224     3.224     16.754    0.59093    
 1800        -9.62553    0.01607     -9.60945    124.36   0.04087     4e-05       3.224     3.224     3.224     16.754    0.58044    
 2100        -9.62768    0.01819     -9.60949    140.75   0.07471     6e-05       3.224     3.224     3.224     16.754    0.58055    
 2400        -9.62696    0.01749     -9.60947    135.3    0.09189     6e-05       3.224     3.224     3.224     16.754    0.57927    
 2700        -9.62983    0.02035     -9.60948    157.44   0.11113     7e-05       3.224     3.224     3.224     16.754    0.58033    
 3000        -9.63139    0.02189     -9.6095     169.37   0.21354     0.00012     3.224     3.224     3.224     16.754    0.57569    
 3300        -9.63078    0.02127     -9.60951    164.56   0.21928     0.00011     3.224     3.224     3.224     16.754    0.5759     
 3600        -9.62974    0.02031     -9.60943    157.1    0.21473     0.0001      3.224     3.224     3.224     16.754    0.57802    
 3900        -9.63054    0.02106     -9.60948    162.92   0.30376     0.00013     3.224     3.224     3.224     16.754    0.57478    
 4200        -9.63068    0.02114     -9.60953    163.57   0.29778     0.00012     3.224     3.224     3.224     16.754    0.57675    
 4500        -9.62962    0.02013     -9.60949    155.76   0.32732     0.00012     3.224     3.224     3.224     16.754    0.57679    

Time averages:
             Epot        Ekin        Etot        Temp     MSD         Self_diff   Pressure    Spec_heat  
             eV/atom     eV/atom     eV/atom     K        Å^2         mm^2/s      eV/Å^3      J/(K*Kg)   
             -9.62927    0.01979     -9.60948    153.11   0.1895      0.0001      0.57785     -573.6419  