Material ID: 0186
Unit cell composition: Mg500
Material:  Mg
Site positions of initial unit cell:
 Mg          Mg          Mg          Mg         
 0.00000     -0.00000    0.00000     1.60186    
 0.00000     1.84967     0.00000     0.92483    
 0.00000     2.58032     5.16064     7.74097    
Properties:
 Time        Epot        Ekin        Etot        Temp     MSD         Self_diff   LC_a      LC_b      LC_c      Volume      Pressure    DebyeT   Lindemann  
 fs          eV/atom     eV/atom     eV/atom     K        Å^2         mm^2/s      Å         Å         Å         Å^3/atom    Pa          K        1          
 500         -0.45871    0.02673     -0.43198    206.83   0.0         0.0         3.14      3.14      10.115    21.587    4808204853.51089 inf      0.0        
 600         -0.44503    0.01305     -0.43198    100.99   0.13535     0.00038     3.14      3.14      10.115    21.587    3554331552.63304 115.77   0.03314    
 700         -0.44845    0.01648     -0.43198    127.47   0.23676     0.00056     3.14      3.14      10.115    21.587    3500689661.60115 98.34    0.04384    
 800         -0.44929    0.01731     -0.43198    133.94   0.31728     0.00066     3.14      3.14      10.115    21.587    3361841928.10928 87.08    0.05074    
 900         -0.45103    0.01905     -0.43198    147.39   0.39001     0.00072     3.14      3.14      10.115    21.587    3213099334.69803 82.39    0.05626    
 1000        -0.45304    0.02106     -0.43198    162.92   0.48002     0.0008      3.14      3.14      10.115    21.587    3034800865.5023 78.08    0.06242    
 1100        -0.45496    0.02298     -0.43198    177.81   0.60857     0.00092     3.14      3.14      10.115    21.587    2775376633.37506 72.44    0.07028    
 1200        -0.45761    0.02563     -0.43198    198.28   0.78946     0.0011      3.14      3.14      10.115    21.587    2573404390.65192 67.17    0.08004    
 1300        -0.46035    0.02837     -0.43198    219.49   1.01937     0.00131     3.14      3.14      10.115    21.587    2273418448.40898 62.19    0.09096    
 1400        -0.46231    0.03033     -0.43198    234.66   1.28131     0.00153     3.14      3.14      10.115    21.587    2039761646.20122 57.36    0.10197    
 1500        -0.46466    0.03268     -0.43198    252.8    1.55778     0.00173     3.14      3.14      10.115    21.587    1912450115.49344 53.99    0.11244    

Time averages:
             Epot        Ekin        Etot        Temp     MSD         Self_diff   Pressure    Spec_heat   DebyeT   Lindemann  
             eV/atom     eV/atom     eV/atom     K        Å^2         mm^2/s      Pa          J/(K*Kg)    K        1          
             -0.45467    0.02269     -0.43198    175.57   0.68159     0.00104     2823917457.66744 636.93136   77.48    0.07021    