Material ID: 0215
Unit cell composition: Mg125
Material:  Mg
Site positions of initial unit cell:
 Mg         
 0.00000    
 0.00000    
 0.00000    
Properties:
 Time        Epot        Ekin        Etot        Temp     MSD         Self_diff   LC_a      LC_b      LC_c      Volume      Pressure    DebyeT   Lindemann  
 fs          eV/atom     eV/atom     eV/atom     K        Å^2         mm^2/s      Å         Å         Å         Å^3/atom    Pa          K        1          
 500         -0.42121    0.02491     -0.3963     192.72   0.0         0.0         2.933     2.933     3.033     22.597    3464554335.70071 inf      0.0        
 600         -0.40998    0.01369     -0.3963     105.89   0.10059     0.00028     2.933     2.933     3.033     22.597    2815106678.47878 137.51   0.02163    
 700         -0.41598    0.01969     -0.3963     152.3    0.25452     0.00061     2.933     2.933     3.033     22.597    2971061458.97207 103.67   0.0344     
 800         -0.4208     0.02451     -0.3963     189.58   0.56016     0.00117     2.933     2.933     3.033     22.597    2911356222.56927 77.97    0.05104    
 900         -0.41942    0.02312     -0.3963     178.86   0.84872     0.00157     2.933     2.933     3.033     22.597    2492258379.5795 61.53    0.06282    
 1000        -0.42181    0.02551     -0.3963     197.38   1.02992     0.00172     2.933     2.933     3.033     22.597    2374208445.48263 58.67    0.0692     
 1100        -0.4258     0.0295      -0.3963     228.25   1.2635      0.00191     2.933     2.933     3.033     22.597    2341110426.54961 56.96    0.07665    
 1200        -0.42698    0.03069     -0.3963     237.41   1.47139     0.00204     2.933     2.933     3.033     22.597    1962605756.80578 53.84    0.08272    
 1300        -0.43046    0.03417     -0.3963     264.32   1.6739      0.00215     2.933     2.933     3.033     22.597    1787620827.61254 53.26    0.08823    
 1400        -0.43252    0.03622     -0.3963     280.2    1.88138     0.00224     2.933     2.933     3.033     22.597    1890801179.41654 51.72    0.09353    
 1500        -0.43243    0.03613     -0.3963     279.54   2.17258     0.00241     2.933     2.933     3.033     22.597    1870249501.7222 48.08    0.10051    

Time averages:
             Epot        Ekin        Etot        Temp     MSD         Self_diff   Pressure    Spec_heat   DebyeT   Lindemann  
             eV/atom     eV/atom     eV/atom     K        Å^2         mm^2/s      Pa          J/(K*Kg)    K        1          
             -0.42362    0.02732     -0.3963     211.37   1.12567     0.00176     2341637887.71889 536.75496   70.32    0.06807    