Material ID: 0042
Unit cell composition: Fe500
Material:  Fe
Site positions of initial unit cell:
 Fe          Fe          Fe          Fe         
 2.45285     0.91599     2.45314     0.91570    
 -0.00013    1.18586     -0.00036    1.18609    
 3.92871     5.89678     7.85942     1.96614    
Properties:
 Time        Epot        Ekin        Etot        Temp     MSD         Self_diff   LC_a      LC_b      LC_c      Volume      Pressure    DebyeT   Lindemann  
 fs          eV/atom     eV/atom     eV/atom     K        Å^2         mm^2/s      Å         Å         Å         Å^3/atom    eV/Å^3      K        1          
 1000        -9.2548     0.02402     -9.23078    185.86   0.0         0.0         2.453     2.453     7.86      11.435    -0.5641     inf      0.0        
 1200        -9.29224    0.06168     -9.23056    477.21   0.08189     0.00011     2.453     2.453     7.86      11.435    -0.56258    213.44   0.033      
 1400        -9.33948    0.10881     -9.23067    841.77   0.32272     0.00038     2.453     2.453     7.86      11.435    -0.5476     142.8    0.06551    
 1600        -9.33965    0.10881     -9.23084    841.82   0.9158      0.00095     2.453     2.453     7.86      11.435    -0.54986    84.77    0.11036    
 1800        -9.35028    0.11926     -9.23102    922.62   0.52957     0.00049     2.453     2.453     7.86      11.435    -0.54384    116.7    0.08392    
 2000        -9.34935    0.11826     -9.23109    914.91   0.52563     0.00044     2.453     2.453     7.86      11.435    -0.54403    116.65   0.08361    
 2200        -9.34361    0.11259     -9.23101    871.06   0.78239     0.00059     2.453     2.453     7.86      11.435    -0.54811    93.29    0.102      
 2400        -9.34742    0.11633     -9.23109    899.96   0.53977     0.00037     2.453     2.453     7.86      11.435    -0.54533    114.17   0.08472    
 2600        -9.35336    0.12211     -9.23124    944.7    0.62017     0.0004      2.453     2.453     7.86      11.435    -0.5429     109.13   0.09081    
 2800        -9.34544    0.11427     -9.23117    884.04   0.79281     0.00047     2.453     2.453     7.86      11.435    -0.54739    93.37    0.10268    
 3000        -9.34795    0.11674     -9.23121    903.13   0.61272     0.00034     2.453     2.453     7.86      11.435    -0.54535    107.35   0.09027    

Time averages:
             Epot        Ekin        Etot        Temp     MSD         Self_diff   Pressure    Spec_heat   DebyeT   Lindemann  
             eV/atom     eV/atom     eV/atom     K        Å^2         mm^2/s      eV/Å^3      J/(K*Kg)    K        1          
             -9.34088    0.10989     -9.23099    850.12   0.57235     0.00049     -0.5477     -33.90714   119.17   0.08469    