Material ID: 0035
Unit cell composition: Ag125Hg375
Material:  AgHg3
Site positions:
Ag                      Hg
0.0                      0.0                      2.252447                      2.252447                      
0.0                      2.252447                      0.0                      2.252447                      
0.0                      2.252447                      2.252447                      0.0                      
Properties:
 Time        Epot        Ekin        Etot        Temp     MSD         Self_diff   LC_a      LC_b      LC_c      Volume      Pressure   
 fs          eV/atom     eV/atom     eV/atom     K        Å^2         mm^2/s      Å         Å         Å         Å^3/atom    eV/Å^3     
 1500        -1.03097    0.02763     -1.00334    213.72   0.0         0.0         4.415     4.415     4.415     21.512    0.07696    
 1800        -1.09549    0.09211     -1.00338    712.61   0.3373      0.00031     4.415     4.415     4.415     21.512    0.0462     
 2100        -1.182      0.17859     -1.00341    1381.63  1.2994      0.00103     4.415     4.415     4.415     21.512    0.03071    
 2400        -1.25883    0.25537     -1.00346    1975.63  2.93357     0.00204     4.415     4.415     4.415     21.512    0.02378    
 2700        -1.33648    0.333       -1.00349    2576.17  5.1075      0.00315     4.415     4.415     4.415     21.512    0.01561    
 3000        -1.39632    0.39272     -1.00359    3038.24  7.81008     0.00434     4.415     4.415     4.415     21.512    0.01175    
 3300        -1.46022    0.45658     -1.00364    3532.24  11.00571    0.00556     4.415     4.415     4.415     21.512    -0.00174   
 3600        -1.50931    0.50567     -1.00365    3912.01  14.71101    0.00681     4.415     4.415     4.415     21.512    0.00122    
 3900        -1.54185    0.53815     -1.0037     4163.34  19.05636    0.00814     4.415     4.415     4.415     21.512    -0.00291   
 4200        -1.60912    0.60522     -1.0039     4682.2   23.30112    0.00925     4.415     4.415     4.415     21.512    -0.0016    
 4500        -1.64629    0.64252     -1.00378    4970.72  27.91384    0.01034     4.415     4.415     4.415     21.512    -0.00692   

Time averages:
             Epot        Ekin        Etot        Temp     MSD         Self_diff   Pressure    Spec_heat  
             eV/atom     eV/atom     eV/atom     K        Å^2         mm^2/s      eV/Å^3      J/(K*Kg)   
             -1.40359    0.39999     -1.0036     3094.48  11.34759    0.00563     0.01161     -1.12902   