Material ID: 0028
Unit cell composition: Ag4500In2000
Material:  Ag9In4
Site positions:
Ag                      In
1.909859323                      8.155540677                      4.6936671318                      8.155540677                      5.3717328682000005                      1.909859323                      8.155540677                      5.3717328682000005                      4.6936671318                      1.909859323                      1.909859323                      8.155540677                      1.242925919                      8.822474081000001                      8.822474081000001                      1.242925919                      6.8637271102                      3.2016728898                      9.783971416                      3.2016728898                      0.281428584                      6.8637271102                      3.2016728898                      0.281428584                      9.783971416                      6.8637271102                      6.8637271102                      3.2016728898                      5.0327                      8.6147040942                      1.4506959058000002                      5.0327                      6.086869472800001                      3.9785305272                      3.9785305272                      6.086869472800001                      8.3660383872                      1.6993616128000002                      1.6993616128000002                      8.3660383872                      3.2716777468                      6.7937222531999995                      6.7937222531999995                      3.2716777468                      0.0                      0.0                      0.0                      6.474367242                      3.591032758                      0.0                      5.0327                      5.0327                      
1.909859323                      4.6936671318                      8.155540677                      5.3717328682000005                      8.155540677                      8.155540677                      1.909859323                      1.909859323                      1.909859323                      4.6936671318                      5.3717328682000005                      8.155540677                      8.822474081000001                      8.822474081000001                      1.242925919                      1.242925919                      6.8637271102                      9.783971416                      3.2016728898                      0.281428584                      3.2016728898                      3.2016728898                      6.8637271102                      6.8637271102                      6.8637271102                      9.783971416                      0.281428584                      3.2016728898                      5.0327                      5.0327                      5.0327                      1.4506959058000002                      6.086869472800001                      6.086869472800001                      3.9785305272                      3.9785305272                      8.3660383872                      8.3660383872                      1.6993616128000002                      1.6993616128000002                      3.2716777468                      3.2716777468                      6.7937222531999995                      6.7937222531999995                      0.0                      3.591032758                      6.474367242                      0.0                      0.0                      0.0                      5.0327                      8.6147040942                      
5.3717328682000005                      1.909859323                      1.909859323                      8.155540677                      8.155540677                      4.6936671318                      4.6936671318                      1.909859323                      8.155540677                      8.155540677                      1.909859323                      5.3717328682000005                      8.822474081000001                      1.242925919                      8.822474081000001                      1.242925919                      0.281428584                      6.8637271102                      6.8637271102                      3.2016728898                      3.2016728898                      9.783971416                      9.783971416                      6.8637271102                      3.2016728898                      3.2016728898                      6.8637271102                      0.281428584                      1.4506959058000002                      5.0327                      5.0327                      5.0327                      6.086869472800001                      3.9785305272                      6.086869472800001                      3.9785305272                      8.3660383872                      1.6993616128000002                      8.3660383872                      1.6993616128000002                      3.2716777468                      6.7937222531999995                      3.2716777468                      6.7937222531999995                      3.591032758                      0.0                      0.0                      0.0                      0.0                      6.474367242                      8.6147040942                      5.0327                      
Properties:
 Time        Epot        Ekin        Etot        Temp     MSD         Self_diff   LC_a      LC_b      LC_c      Volume      Pressure   
 fs          eV/atom     eV/atom     eV/atom     K        Å^2         mm^2/s      Å         Å         Å         Å^3/atom    eV/Å^3     
 1500        -9.31729    0.02544     -9.29185    196.82   0.0         0.0         10.166    10.166    10.166    20.205    0.47322    
 1800        -9.32805    0.03615     -9.2919     279.69   0.05487     5e-05       10.166    10.166    10.166    20.205    0.45872    
 2100        -9.33001    0.03812     -9.29189    294.9    0.05234     4e-05       10.166    10.166    10.166    20.205    0.45652    
 2400        -9.33939    0.0475      -9.29189    367.52   0.14143     0.0001      10.166    10.166    10.166    20.205    0.43424    
 2700        -9.39431    0.10236     -9.29194    791.93   0.71125     0.00044     10.166    10.166    10.166    20.205    0.35117    
 3000        -9.48058    0.18841     -9.29217    1457.57  2.42129     0.00135     10.166    10.166    10.166    20.205    0.20815    
 3300        -9.53086    0.23844     -9.29242    1844.63  4.09472     0.00207     10.166    10.166    10.166    20.205    0.15258    
 3600        -9.55627    0.26367     -9.2926     2039.82  5.45083     0.00252     10.166    10.166    10.166    20.205    0.12509    
 3900        -9.58011    0.28737     -9.29274    2223.21  6.16175     0.00263     10.166    10.166    10.166    20.205    0.12363    
 4200        -9.6004     0.30751     -9.29289    2379.01  6.55284     0.0026      10.166    10.166    10.166    20.205    0.11143    
 4500        -9.61731    0.32433     -9.29298    2509.15  6.72552     0.00249     10.166    10.166    10.166    20.205    0.11488    

Time averages:
             Epot        Ekin        Etot        Temp     MSD         Self_diff   Pressure    Spec_heat  
             eV/atom     eV/atom     eV/atom     K        Å^2         mm^2/s      eV/Å^3      J/(K*Kg)   
             -9.47573    0.18339     -9.29234    1418.74  3.23668     0.00158     0.25364     -0.07135   