Material ID: 0060
Unit cell composition: Ag125K375
Material:  AgK3
Site positions:
Ag                      K
2.888876                      0.0                      0.0                      2.888876                      
0.0                      2.888876                      0.0                      2.888876                      
0.0                      0.0                      2.888876                      2.888876                      
Properties:
 Time        Epot        Ekin        Etot        Temp     MSD         Self_diff   LC_a      LC_b      LC_c      Volume      Pressure   
 fs          eV/atom     eV/atom     eV/atom     K        Å^2         mm^2/s      Å         Å         Å         Å^3/atom    eV/Å^3     
 1500        -4.62217    0.02476     -4.59741    191.56   0.0         0.0         5.662     5.662     5.662     45.383    0.09467    
 1800        -4.67903    0.08154     -4.59748    630.86   0.45769     0.00042     5.662     5.662     5.662     45.383    0.07835    
 2100        -4.70635    0.1088      -4.59755    841.72   1.13154     0.0009      5.662     5.662     5.662     45.383    0.06933    
 2400        -4.72021    0.12263     -4.59758    948.71   1.4945      0.00104     5.662     5.662     5.662     45.383    0.06698    
 2700        -4.72314    0.12557     -4.59757    971.45   1.83557     0.00113     5.662     5.662     5.662     45.383    0.06458    
 3000        -4.73995    0.14232     -4.59763    1101.01  2.09999     0.00117     5.662     5.662     5.662     45.383    0.06336    
 3300        -4.74315    0.1455      -4.59765    1125.62  2.63021     0.00133     5.662     5.662     5.662     45.383    0.05979    
 3600        -4.74176    0.14414     -4.59762    1115.14  3.01968     0.0014      5.662     5.662     5.662     45.383    0.05905    
 3900        -4.75639    0.15868     -4.59771    1227.6   3.47317     0.00148     5.662     5.662     5.662     45.383    0.05633    
 4200        -4.75526    0.15754     -4.59772    1218.76  3.90247     0.00155     5.662     5.662     5.662     45.383    0.05223    
 4500        -4.77765    0.17994     -4.59772    1392.07  4.14765     0.00154     5.662     5.662     5.662     45.383    0.0548     

Time averages:
             Epot        Ekin        Etot        Temp     MSD         Self_diff   Pressure    Spec_heat  
             eV/atom     eV/atom     eV/atom     K        Å^2         mm^2/s      eV/Å^3      J/(K*Kg)   
             -4.73429    0.13667     -4.59762    1057.29  2.41925     0.00128     0.06248     -19.00222  