Material ID: 0037
Unit cell composition: Ag125Hg375
Material:  AgHg3
Site positions of initial unitcell:
 Ag          Hg          Hg          Hg         
 0.00000     0.00000     2.25245     2.25245    
 0.00000     2.25245     0.00000     2.25245    
 0.00000     2.25245     2.25245     0.00000    
Properties:
 Time        Epot        Ekin        Etot        Temp     MSD         Self_diff   LC_a      LC_b      LC_c      Volume      Pressure   
 fs          eV/atom     eV/atom     eV/atom     K        Å^2         mm^2/s      Å         Å         Å         Å^3/atom    eV/Å^3     
 1500        -0.93307    0.02475     -0.90832    191.47   0.0         0.0         4.505     4.505     4.505     22.856    0.06832    
 1800        -1.00327    0.09493     -0.90834    734.42   0.33557     0.00031     4.505     4.505     4.505     22.856    0.0426     
 2100        -1.11568    0.20729     -0.90839    1603.67  1.52265     0.00121     4.505     4.505     4.505     22.856    0.02314    
 2400        -1.21946    0.31101     -0.90845    2406.07  3.62081     0.00251     4.505     4.505     4.505     22.856    0.01534    
 2700        -1.27889    0.37042     -0.90847    2865.71  6.33589     0.00391     4.505     4.505     4.505     22.856    0.01703    
 3000        -1.33701    0.42835     -0.90866    3313.85  9.37423     0.00521     4.505     4.505     4.505     22.856    0.00343    
 3300        -1.43433    0.52565     -0.90868    4066.61  13.02374    0.00658     4.505     4.505     4.505     22.856    0.00396    
 3600        -1.46185    0.55318     -0.90867    4279.57  17.14513    0.00794     4.505     4.505     4.505     22.856    0.00629    
 3900        -1.54392    0.63519     -0.90874    4914.02  22.03177    0.00942     4.505     4.505     4.505     22.856    -0.01119   
 4200        -1.61052    0.70175     -0.90877    5428.98  27.76987    0.01102     4.505     4.505     4.505     22.856    -0.00233   
 4500        -1.64786    0.73894     -0.90892    5716.7   34.26013    0.01269     4.505     4.505     4.505     22.856    -0.00695   

Time averages:
             Epot        Ekin        Etot        Temp     MSD         Self_diff   Pressure    Spec_heat  
             eV/atom     eV/atom     eV/atom     K        Å^2         mm^2/s      eV/Å^3      J/(K*Kg)   
             -1.36528    0.45667     -0.90861    3532.96  13.54198    0.00672     0.00913     -1.09427   