Material ID: 0075
Unit cell composition: Cu250
Material:  Cu
Site positions of initial unit cell:
 Cu          Cu         
 -0.00000    1.27560    
 1.47293     0.73646    
 1.04750     3.14251    
Properties:
 Time        Epot        Ekin        Etot        Temp     MSD         Self_diff   LC_a      LC_b      LC_c      Volume      Pressure    DebyeT   Lindemann  
 fs          eV/atom     eV/atom     eV/atom     K        Å^2         mm^2/s      Å         Å         Å         Å^3/atom    Pa          K        1          
 500         -14.72101   0.0254      -14.69561   196.51   0.0         0.0         2.449     2.449     4.022     10.448    -482068001538.2633 inf      0.0        
 600         -14.75432   0.05851     -14.69582   452.63   0.00079     0.0         2.449     2.449     4.022     10.448    -479662587374.2324 1985.88  0.00212    
 700         -14.76199   0.06576     -14.69623   508.74   0.00392     1e-05       2.449     2.449     4.022     10.448    -478805742581.6869 944.15   0.00472    
 800         -14.83782   0.13986     -14.69797   1081.98  0.00658     1e-05       2.449     2.449     4.022     10.448    -472601009990.9711 1062.72  0.00611    
 900         -15.04522   0.34312     -14.7021    2654.52  0.00754     1e-05       2.449     2.449     4.022     10.448    -456642335146.3571 1554.75  0.00655    
 1000        -15.05946   0.35632     -14.70313   2756.65  0.00935     2e-05       2.449     2.449     4.022     10.448    -455225372446.6804 1423.21  0.00729    
 1100        -15.08443   0.38096     -14.70347   2947.26  0.0123      2e-05       2.449     2.449     4.022     10.448    -453264882193.26666 1282.79  0.00836    
 1200        -15.01944   0.31742     -14.70202   2455.69  0.01626     2e-05       2.449     2.449     4.022     10.448    -458323408348.2682 1018.69  0.00961    
 1300        -15.02285   0.32132     -14.70153   2485.85  0.02024     3e-05       2.449     2.449     4.022     10.448    -457932158576.6448 918.56   0.01072    
 1400        -15.0358    0.33433     -14.70147   2586.51  0.02406     3e-05       2.449     2.449     4.022     10.448    -456869869117.7244 859.32   0.01169    
 1500        -15.03303   0.33111     -14.70192   2561.61  0.02739     3e-05       2.449     2.449     4.022     10.448    -457054316261.38794 801.55   0.01247    

Time averages:
             Epot        Ekin        Etot        Temp     MSD         Self_diff   Pressure    Spec_heat   DebyeT   Lindemann  
             eV/atom     eV/atom     eV/atom     K        Å^2         mm^2/s      Pa          J/(K*Kg)    K        1          
             -14.96544   0.26487     -14.70057   2049.14  0.01284     2e-05       -462638168203.722 268.09671   1185.16  0.00796    