Material ID: 0032
Unit cell composition: Fe500
Material:  Fe
Site positions of initial unit cell:
 Fe          Fe          Fe          Fe         
 0.90677     0.90583     2.12575     2.12870    
 3.97558     1.98695     3.97464     1.98790    
 2.04528     3.43914     4.23913     1.24550    
Properties:
 Time        Epot        Ekin        Etot        Temp     MSD         Self_diff   LC_a      LC_b      LC_c      Volume      Pressure    DebyeT   Lindemann  
 fs          eV/atom     eV/atom     eV/atom     K        Å^2         mm^2/s      Å         Å         Å         Å^3/atom    eV/Å^3      K        1          
 1000        -9.08383    0.02682     -9.05701    207.49   0.0         0.0         2.442     3.977     4.388     10.652    -1.28468    inf      0.0        
 1200        -9.08045    0.02366     -9.0568     183.02   0.00154     0.0         2.442     3.977     4.388     10.652    -1.2867     965.0    0.00336    
 1400        -9.07208    0.01541     -9.05667    119.24   0.00546     1e-05       2.442     3.977     4.388     10.652    -1.29101    413.33   0.00633    
 1600        -9.07736    0.02061     -9.05674    159.48   0.0104      1e-05       2.442     3.977     4.388     10.652    -1.28847    346.32   0.00874    
 1800        -9.07426    0.01757     -9.0567     135.89   0.01729     2e-05       2.442     3.977     4.388     10.652    -1.2891     247.88   0.01127    
 2000        -9.07448    0.01778     -9.0567     137.55   0.02683     2e-05       2.442     3.977     4.388     10.652    -1.28898    200.18   0.01404    
 2200        -9.07653    0.01981     -9.05672    153.29   0.03905     3e-05       2.442     3.977     4.388     10.652    -1.28883    175.17   0.01694    
 2400        -9.07203    0.01538     -9.05664    118.99   0.05313     4e-05       2.442     3.977     4.388     10.652    -1.29104    132.33   0.01976    
 2600        -9.07977    0.02301     -9.05676    178.02   0.06836     4e-05       2.442     3.977     4.388     10.652    -1.28704    142.68   0.02241    
 2800        -9.07048    0.01385     -9.05663    107.13   0.08619     5e-05       2.442     3.977     4.388     10.652    -1.29059    98.57    0.02516    
 3000        -9.08069    0.02389     -9.0568     184.82   0.1065      6e-05       2.442     3.977     4.388     10.652    -1.28661    116.48   0.02797    

Time averages:
             Epot        Ekin        Etot        Temp     MSD         Self_diff   Pressure    Spec_heat   DebyeT   Lindemann  
             eV/atom     eV/atom     eV/atom     K        Å^2         mm^2/s      eV/Å^3      J/(K*Kg)    K        1          
             -9.07581    0.0191      -9.05672    147.74   0.04147     3e-05       -1.28884    -22.21693   283.79   0.0156     