Material ID: 0253
Unit cell composition: Ni125
Material:  Ni
Site positions of initial unit cell:
 Ni         
 0.00000    
 0.00000    
 0.00000    
Properties:
 Time        Epot        Ekin        Etot        Temp     MSD         Self_diff   LC_a      LC_b      LC_c      Volume      Pressure    DebyeT   Lindemann  
 fs          eV/atom     eV/atom     eV/atom     K        Å^2         mm^2/s      Å         Å         Å         Å^3/atom    Pa          K        1          
 500         -15.70059   0.02534     -15.67525   196.04   0.0         0.0         2.465     2.465     2.465     11.526    160539962156.2468 inf      0.0        
 600         -15.73941   0.06418     -15.67523   496.5    0.04367     0.00012     2.465     2.465     2.465     11.526    160344077995.1744 290.8    0.01696    
 700         -15.73427   0.05904     -15.67523   456.76   0.06582     0.00016     2.465     2.465     2.465     11.526    159968370825.0782 227.19   0.02082    
 800         -15.73785   0.06262     -15.67523   484.48   0.11295     0.00024     2.465     2.465     2.465     11.526    159541787781.15305 178.62   0.02727    
 900         -15.74527   0.07003     -15.67524   541.77   0.14582     0.00027     2.465     2.465     2.465     11.526    159290970399.13058 166.24   0.03099    
 1000        -15.7666    0.09134     -15.67525   706.66   0.21183     0.00035     2.465     2.465     2.465     11.526    159714597482.98364 157.52   0.03735    
 1100        -15.76548   0.09022     -15.67526   697.99   0.32851     0.0005      2.465     2.465     2.465     11.526    158844912427.2778 125.71   0.04651    
 1200        -15.76855   0.0933      -15.67525   721.79   0.29284     0.00041     2.465     2.465     2.465     11.526    159161193311.21338 135.4    0.04391    
 1300        -15.74955   0.0743      -15.67525   574.81   0.26287     0.00034     2.465     2.465     2.465     11.526    158864429758.75253 127.53   0.0416     
 1400        -15.76838   0.09309     -15.67529   720.18   0.36478     0.00043     2.465     2.465     2.465     11.526    159150926685.45804 121.18   0.04901    
 1500        -15.76658   0.09129     -15.67528   706.28   0.39282     0.00044     2.465     2.465     2.465     11.526    158725002671.0223 115.65   0.05086    

Time averages:
             Epot        Ekin        Etot        Temp     MSD         Self_diff   Pressure    Spec_heat   DebyeT   Lindemann  
             eV/atom     eV/atom     eV/atom     K        Å^2         mm^2/s      Pa          J/(K*Kg)    K        1          
             -15.75419   0.07894     -15.67525   610.72   0.22219     0.00035     159360626933.7244 216.71091   164.58   0.03653    