Material ID: 0287
Unit cell composition: Mg125
Material:  Mg
Site positions of initial unit cell:
 Mg         
 0.00000    
 0.00000    
 0.00000    
Properties:
 Time        Epot        Ekin        Etot        Temp     MSD         Self_diff   LC_a      LC_b      LC_c      Volume      Pressure    DebyeT   Lindemann  
 fs          eV/atom     eV/atom     eV/atom     K        Å^2         mm^2/s      Å         Å         Å         Å^3/atom    Pa          K        1          
 500         -0.41668    0.02513     -0.39155    194.42   0.0         0.0         3.1       3.1       3.1       22.928    4305095892.81964 inf      0.0        
 600         -0.40863    0.01708     -0.39155    132.1    0.15566     0.00043     3.1       3.1       3.1       22.928    3205051975.35125 123.47   0.02546    
 700         -0.41279    0.02124     -0.39155    164.32   0.38971     0.00093     3.1       3.1       3.1       22.928    2862065511.0076 87.03    0.04028    
 800         -0.41499    0.02343     -0.39155    181.3    0.57579     0.0012      3.1       3.1       3.1       22.928    2675731751.87456 75.21    0.04896    
 900         -0.41469    0.02314     -0.39155    178.98   0.70983     0.00131     3.1       3.1       3.1       22.928    2593264717.85902 67.3     0.05436    
 1000        -0.41472    0.02316     -0.39155    179.21   0.83176     0.00139     3.1       3.1       3.1       22.928    2493679526.15402 62.21    0.05884    
 1100        -0.41764    0.02609     -0.39155    201.82   0.93899     0.00142     3.1       3.1       3.1       22.928    2549158338.47062 62.13    0.06252    
 1200        -0.41936    0.02781     -0.39155    215.11   1.10106     0.00153     3.1       3.1       3.1       22.928    2395153398.04855 59.24    0.0677     
 1300        -0.41906    0.02751     -0.39155    212.83   1.34056     0.00172     3.1       3.1       3.1       22.928    2045770539.26513 53.4     0.0747     
 1400        -0.42155    0.03        -0.39155    232.05   1.61933     0.00193     3.1       3.1       3.1       22.928    1912826217.13304 50.74    0.08211    
 1500        -0.42782    0.03626     -0.39156    280.55   1.86725     0.00207     3.1       3.1       3.1       22.928    1983304023.16165 51.95    0.08817    

Time averages:
             Epot        Ekin        Etot        Temp     MSD         Self_diff   Pressure    Spec_heat   DebyeT   Lindemann  
             eV/atom     eV/atom     eV/atom     K        Å^2         mm^2/s      Pa          J/(K*Kg)    K        1          
             -0.41712    0.02557     -0.39155    197.83   0.95299     0.0015      2471600599.83254 526.56218   69.27    0.06031    