Material ID: 0122
Unit cell composition: Ti250
Material:  Ti
Site positions of initial unit cell:
 Ti          Ti         
 -0.00000    1.46691    
 1.69384     0.84692    
 1.16425     3.49276    
Properties:
 Time        Epot        Ekin        Etot        Temp     MSD         Self_diff   LC_a      LC_b      LC_c      Volume      Pressure    DebyeT   Lindemann  
 fs          eV/atom     eV/atom     eV/atom     K        Å^2         mm^2/s      Å         Å         Å         Å^3/atom    Pa          K        1          
 500         -7.16388    0.02493     -7.13895    192.86   0.0         0.0         2.934     2.934     4.657     17.357    -285889738349.37177 inf      0.0        
 600         -7.14946    0.01062     -7.13884    82.13    0.00045     0.0         2.934     2.934     4.657     17.357    -286512132802.9208 1289.56  0.00136    
 700         -7.15288    0.01401     -7.13887    108.42   0.00082     0.0         2.934     2.934     4.657     17.357    -286365199886.3264 1095.4   0.00184    
 800         -7.15036    0.01151     -7.13884    89.08    0.00151     0.0         2.934     2.934     4.657     17.357    -286475097686.6334 733.45   0.00249    
 900         -7.15063    0.01179     -7.13884    91.19    0.00247     0.0         2.934     2.934     4.657     17.357    -286463004080.3411 580.41   0.00319    
 1000        -7.15113    0.01228     -7.13885    95.01    0.00373     1e-05       2.934     2.934     4.657     17.357    -286442561320.9092 481.97   0.00392    
 1100        -7.14929    0.01046     -7.13883    80.9     0.00529     1e-05       2.934     2.934     4.657     17.357    -286520786626.7793 373.45   0.00466    
 1200        -7.1514     0.01255     -7.13885    97.09    0.00701     1e-05       2.934     2.934     4.657     17.357    -286430077026.557 355.3    0.00537    
 1300        -7.15145    0.0126      -7.13884    97.51    0.0091      1e-05       2.934     2.934     4.657     17.357    -286429541960.1063 312.63   0.00612    
 1400        -7.15178    0.01292     -7.13886    99.97    0.0115      1e-05       2.934     2.934     4.657     17.357    -286411474505.3868 281.57   0.00688    
 1500        -7.15116    0.01231     -7.13885    95.2     0.01408     2e-05       2.934     2.934     4.657     17.357    -286439559249.363 248.3    0.00761    

Time averages:
             Epot        Ekin        Etot        Temp     MSD         Self_diff   Pressure    Spec_heat   DebyeT   Lindemann  
             eV/atom     eV/atom     eV/atom     K        Å^2         mm^2/s      Pa          J/(K*Kg)    K        1          
             -7.15095    0.01211     -7.13885    93.65    0.0056      1e-05       -286448943514.53235 262.99288   575.2    0.00434    