Material ID: 0043
Unit cell composition: Fe500
Material:  Fe
Site positions of initial unit cell:
 Fe          Fe          Fe          Fe         
 0.90677     0.90583     2.12575     2.12870    
 3.97558     1.98695     3.97464     1.98790    
 2.04528     3.43914     4.23913     1.24550    
Properties:
 Time        Epot        Ekin        Etot        Temp     MSD         Self_diff   LC_a      LC_b      LC_c      Volume      Pressure    DebyeT   Lindemann  
 fs          eV/atom     eV/atom     eV/atom     K        Å^2         mm^2/s      Å         Å         Å         Å^3/atom    Pa          K        1          
 500         -4.68004    0.02596     -4.65408    200.81   0.0         0.0         2.344     3.818     4.212     9.424     -786195532745.6809 inf      0.0        
 600         -5.75333    1.06944     -4.68389    8273.55  0.007       2e-05       2.344     3.818     4.212     9.424     -700243891003.5983 3039.45  0.00747    
 700         -5.10125    0.43606     -4.66519    3373.51  0.01482     4e-05       2.344     3.818     4.212     9.424     -753005118232.781 1333.98  0.01087    
 800         -5.18664    0.51669     -4.66996    3997.26  0.01465     3e-05       2.344     3.818     4.212     9.424     -744761448534.3188 1460.55  0.01081    
 900         -5.13194    0.4646      -4.66733    3594.34  0.01638     3e-05       2.344     3.818     4.212     9.424     -748878108169.828 1309.66  0.01143    
 1000        -5.22523    0.5576      -4.66763    4313.8   0.01518     3e-05       2.344     3.818     4.212     9.424     -741940455925.9547 1490.44  0.011      
 1100        -5.38316    0.71247     -4.67069    5511.89  0.01175     2e-05       2.344     3.818     4.212     9.424     -729311748216.1581 1914.99  0.00968    
 1200        -5.35815    0.68793     -4.67022    5322.09  0.01345     2e-05       2.344     3.818     4.212     9.424     -731203135746.8191 1758.58  0.01036    
 1300        -5.26937    0.60062     -4.66875    4646.57  0.01275     2e-05       2.344     3.818     4.212     9.424     -738046086379.5071 1687.86  0.01008    
 1400        -5.3246     0.65496     -4.66964    5066.99  0.01391     2e-05       2.344     3.818     4.212     9.424     -733794603242.0988 1687.45  0.01053    
 1500        -5.28394    0.61466     -4.66928    4755.22  0.01508     2e-05       2.344     3.818     4.212     9.424     -736924927282.6248 1570.02  0.01097    
 1600        -5.34852    0.67867     -4.66985    5250.41  0.01312     1e-05       2.344     3.818     4.212     9.424     -731875116880.5721 1768.7   0.01023    
 1700        -5.31706    0.64753     -4.66953    5009.55  0.01624     2e-05       2.344     3.818     4.212     9.424     -734270230228.6425 1553.04  0.01138    
 1800        -5.30737    0.63793     -4.66944    4935.23  0.01631     2e-05       2.344     3.818     4.212     9.424     -735007205202.3207 1538.24  0.0114     
 1900        -5.31417    0.64487     -4.66931    4988.91  0.01655     1e-05       2.344     3.818     4.212     9.424     -734635097844.4053 1535.21  0.01149    
 2000        -5.31201    0.64246     -4.66955    4970.32  0.01655     1e-05       2.344     3.818     4.212     9.424     -734715059893.902 1532.41  0.01149    

Time averages:
             Epot        Ekin        Etot        Temp     MSD         Self_diff   Pressure    Spec_heat   DebyeT   Lindemann  
             eV/atom     eV/atom     eV/atom     K        Å^2         mm^2/s      Pa          J/(K*Kg)    K        1          
             -5.32184    0.65221     -4.66963    5045.72  0.01457     2e-05       -733978321091.7051 224.74444   1654.65  0.01076    