Material ID: 0013
Unit cell composition: Ag375Li125
Material:  Ag3Li
Site positions of initial unit cell:
 Ag          Ag          Ag          Li         
 0.00000     0.00000     2.05077     2.05077    
 0.00000     2.05077     0.00000     2.05077    
 0.00000     2.05077     2.05077     0.00000    
Properties:
 Time        Epot        Ekin        Etot        Temp     MSD         Self_diff   LC_a      LC_b      LC_c      Volume      Pressure   
 fs          eV/atom     eV/atom     eV/atom     K        Å^2         mm^2/s      Å         Å         Å         Å^3/atom    eV/Å^3     
 1000        -10.69131   0.02603     -10.66528   201.38   0.0         0.0         4.184     4.184     4.184     18.305    0.58034    
 1200        -10.69891   0.03357     -10.66534   259.71   0.00671     1e-05       4.184     4.184     4.184     18.305    0.58307    
 1400        -10.68856   0.02327     -10.66529   180.05   0.00807     1e-05       4.184     4.184     4.184     18.305    0.57973    
 1600        -10.69447   0.02916     -10.66531   225.62   0.00768     1e-05       4.184     4.184     4.184     18.305    0.5815     
 1800        -10.69286   0.02756     -10.6653    213.22   0.01464     1e-05       4.184     4.184     4.184     18.305    0.58088    
 2000        -10.69428   0.02898     -10.6653    224.21   0.01553     1e-05       4.184     4.184     4.184     18.305    0.58155    
 2200        -10.69016   0.02486     -10.6653    192.33   0.02092     2e-05       4.184     4.184     4.184     18.305    0.58007    
 2400        -10.69202   0.02672     -10.6653    206.7    0.02688     2e-05       4.184     4.184     4.184     18.305    0.58073    
 2600        -10.69352   0.02821     -10.6653    218.26   0.03033     2e-05       4.184     4.184     4.184     18.305    0.58122    
 2800        -10.68941   0.02413     -10.66528   186.69   0.0389      2e-05       4.184     4.184     4.184     18.305    0.57969    
 3000        -10.69287   0.02757     -10.6653    213.31   0.04337     2e-05       4.184     4.184     4.184     18.305    0.58109    

Time averages:
             Epot        Ekin        Etot        Temp     MSD         Self_diff   Pressure    Spec_heat  
             eV/atom     eV/atom     eV/atom     K        Å^2         mm^2/s      eV/Å^3      J/(K*Kg)   
             -10.69271   0.0274      -10.6653    212.01   0.0213      2e-05       0.58095     -60.18963  