Material ID: 0218
Unit cell composition: Mg125
Material:  Mg
Site positions of initial unit cell:
 Mg         
 0.00000    
 0.00000    
 0.00000    
Properties:
 Time        Epot        Ekin        Etot        Temp     MSD         Self_diff   LC_a      LC_b      LC_c      Volume      Pressure    DebyeT   Lindemann  
 fs          eV/atom     eV/atom     eV/atom     K        Å^2         mm^2/s      Å         Å         Å         Å^3/atom    Pa          K        1          
 500         -0.32982    0.0212      -0.30862    164.0    0.0         0.0         3.116     3.116     3.223     27.104    2916252806.6857 inf      0.0        
 600         -0.32428    0.01565     -0.30862    121.09   0.14022     0.00039     3.116     3.116     3.223     27.104    2297438362.46596 124.55   0.02403    
 700         -0.33087    0.02224     -0.30862    172.07   0.42422     0.00101     3.116     3.116     3.223     27.104    2111251890.94976 85.36    0.0418     
 800         -0.33984    0.03122     -0.30862    241.49   0.93306     0.00194     3.116     3.116     3.223     27.104    1782625370.01573 68.18    0.062      
 900         -0.3489     0.04027     -0.30863    311.54   1.58553     0.00294     3.116     3.116     3.223     27.104    1488134567.49616 59.41    0.08082    
 1000        -0.35186    0.04324     -0.30863    334.5    2.08437     0.00347     3.116     3.116     3.223     27.104    1224706541.64466 53.69    0.09266    
 1100        -0.35727    0.04865     -0.30863    376.36   2.55275     0.00387     3.116     3.116     3.223     27.104    1277292049.88706 51.46    0.10254    
 1200        -0.35964    0.05102     -0.30863    394.68   3.23597     0.00449     3.116     3.116     3.223     27.104    1178303928.15533 46.81    0.11545    
 1300        -0.36094    0.05232     -0.30863    404.75   3.93684     0.00505     3.116     3.116     3.223     27.104    1284936425.89578 42.97    0.12734    
 1400        -0.36523    0.0566      -0.30863    437.87   4.76621     0.00567     3.116     3.116     3.223     27.104    1318806233.47297 40.62    0.14012    
 1500        -0.37113    0.0625      -0.30863    483.54   5.67517     0.00631     3.116     3.116     3.223     27.104    1179195558.54656 39.12    0.1529     

Time averages:
             Epot        Ekin        Etot        Temp     MSD         Self_diff   Pressure    Spec_heat   DebyeT   Lindemann  
             eV/atom     eV/atom     eV/atom     K        Å^2         mm^2/s      Pa          J/(K*Kg)    K        1          
             -0.351      0.04237     -0.30863    327.79   2.53343     0.00386     1514269092.853 555.85133   61.22    0.09397    