Material ID: 0228
Unit cell composition: Pd500
Material:  Pd
Site positions of initial unit cell:
 Pd          Pd          Pd          Pd         
 0.00000     -0.00000    0.00000     1.39885    
 0.00000     1.61525     0.00000     0.80762    
 0.00000     2.28701     4.57402     6.86103    
Properties:
 Time        Epot        Ekin        Etot        Temp     MSD         Self_diff   LC_a      LC_b      LC_c      Volume      Pressure    DebyeT   Lindemann  
 fs          eV/atom     eV/atom     eV/atom     K        Å^2         mm^2/s      Å         Å         Å         Å^3/atom    Pa          K        1          
 500         -10.48447   0.02573     -10.45874   199.05   0.0         0.0         2.854     2.854     9.331     16.451    87603794478.44293 inf      0.0        
 600         -10.49423   0.03549     -10.45875   274.54   0.00525     1e-05       2.854     2.854     9.331     16.451    88705614277.28737 463.02   0.00718    
 700         -10.48544   0.0267      -10.45874   206.55   0.01109     3e-05       2.854     2.854     9.331     16.451    87975150262.54802 276.36   0.01044    
 800         -10.5035    0.04474     -10.45875   346.16   0.00788     2e-05       2.854     2.854     9.331     16.451    89347703976.74644 424.39   0.0088     
 900         -10.47764   0.01891     -10.45873   146.29   0.00826     2e-05       2.854     2.854     9.331     16.451    87552918923.32703 269.47   0.00901    
 1000        -10.49478   0.03603     -10.45875   278.75   0.00835     1e-05       2.854     2.854     9.331     16.451    88742260216.35365 370.14   0.00906    
 1100        -10.49473   0.03598     -10.45875   278.34   0.01499     2e-05       2.854     2.854     9.331     16.451    88695483411.77975 275.96   0.01214    
 1200        -10.48784   0.0291      -10.45874   225.09   0.01703     2e-05       2.854     2.854     9.331     16.451    88182075909.2572 232.86   0.01293    
 1300        -10.48171   0.02297     -10.45874   177.73   0.01618     2e-05       2.854     2.854     9.331     16.451    87744590469.10266 212.26   0.01261    
 1400        -10.48502   0.02628     -10.45874   203.32   0.01909     2e-05       2.854     2.854     9.331     16.451    88008905832.06075 209.04   0.01369    
 1500        -10.49319   0.03444     -10.45875   266.45   0.02657     3e-05       2.854     2.854     9.331     16.451    88569107262.85686 202.85   0.01615    

Time averages:
             Epot        Ekin        Etot        Temp     MSD         Self_diff   Pressure    Spec_heat   DebyeT   Lindemann  
             eV/atom     eV/atom     eV/atom     K        Å^2         mm^2/s      Pa          J/(K*Kg)    K        1          
             -10.48981   0.03106     -10.45874   240.32   0.01347     2e-05       88352381054.13197 137.12326   293.63   0.0112     