Material ID: 0129
Unit cell composition: Ti125
Material:  Ti
Site positions of initial unit cell:
 Ti         
 0.00000    
 0.00000    
 0.00000    
Properties:
 Time        Epot        Ekin        Etot        Temp     MSD         Self_diff   LC_a      LC_b      LC_c      Volume      Pressure    DebyeT   Lindemann  
 fs          eV/atom     eV/atom     eV/atom     K        Å^2         mm^2/s      Å         Å         Å         Å^3/atom    Pa          K        1          
 500         -9.45366    0.02445     -9.42921    189.17   0.0         0.0         3.022     3.022     3.022     19.511    -75602233118.73433 inf      0.0        
 600         -9.4424     0.01324     -9.42916    102.41   0.0011      0.0         3.022     3.022     3.022     19.511    -76061800362.26085 923.51   0.00219    
 700         -9.44241    0.01325     -9.42916    102.51   0.00299     1e-05       3.022     3.022     3.022     19.511    -76056244201.07137 558.96   0.00362    
 800         -9.43867    0.00953     -9.42914    73.74    0.00629     1e-05       3.022     3.022     3.022     19.511    -76212159608.04652 327.01   0.00525    
 900         -9.44078    0.01163     -9.42914    90.0     0.01077     2e-05       3.022     3.022     3.022     19.511    -76130638621.67 276.06   0.00687    
 1000        -9.44422    0.01506     -9.42917    116.5    0.0165      3e-05       3.022     3.022     3.022     19.511    -75987568194.09854 253.77   0.0085     
 1100        -9.44266    0.01351     -9.42915    104.5    0.02368     4e-05       3.022     3.022     3.022     19.511    -76053900807.63513 200.64   0.01018    
 1200        -9.4414     0.01225     -9.42915    94.76    0.03218     4e-05       3.022     3.022     3.022     19.511    -76101102826.6373 163.89   0.01187    
 1300        -9.44015    0.01101     -9.42914    85.2     0.04179     5e-05       3.022     3.022     3.022     19.511    -76155872200.2486 136.37   0.01353    
 1400        -9.43798    0.00885     -9.42913    68.43    0.05297     6e-05       3.022     3.022     3.022     19.511    -76239517076.60855 108.55   0.01523    
 1500        -9.43918    0.01003     -9.42915    77.6     0.06528     7e-05       3.022     3.022     3.022     19.511    -76189425539.53627 104.13   0.01691    

Time averages:
             Epot        Ekin        Etot        Temp     MSD         Self_diff   Pressure    Spec_heat   DebyeT   Lindemann  
             eV/atom     eV/atom     eV/atom     K        Å^2         mm^2/s      Pa          J/(K*Kg)    K        1          
             -9.44099    0.01184     -9.42915    91.57    0.02535     4e-05       -76118822943.7813 265.03259   305.29   0.00942    