Material ID: 0192
Unit cell composition: Mg375
Material:  Mg
Site positions of initial unit cell:
 Mg          Mg          Mg         
 0.00000     4.95089     17.32955   
 0.00000     1.03261     3.61442    
 0.00000     0.61347     2.14732    
Properties:
 Time        Epot        Ekin        Etot        Temp     MSD         Self_diff   LC_a      LC_b      LC_c      Volume      Pressure    DebyeT   Lindemann  
 fs          eV/atom     eV/atom     eV/atom     K        Å^2         mm^2/s      Å         Å         Å         Å^3/atom    Pa          K        1          
 500         -0.42493    0.02461     -0.40032    190.36   0.0         0.0         7.864     7.864     7.864     22.75     4488760205.54657 inf      0.0        
 600         -0.41494    0.01462     -0.40032    113.1    0.15093     0.00042     7.864     7.864     7.864     22.75     3319659386.14696 116.02   4e-05      
 700         -0.418      0.01768     -0.40032    136.77   0.32265     0.00077     7.864     7.864     7.864     22.75     3002818588.34836 87.26    6e-05      
 800         -0.42164    0.02131     -0.40032    164.88   0.48931     0.00102     7.864     7.864     7.864     22.75     2765581072.67046 77.8     7e-05      
 900         -0.42559    0.02527     -0.40032    195.5    0.69928     0.00129     7.864     7.864     7.864     22.75     2472891077.78316 70.86    8e-05      
 1000        -0.42932    0.029       -0.40032    224.33   0.93813     0.00156     7.864     7.864     7.864     22.75     2205687605.58532 65.54    0.0001     
 1100        -0.43148    0.03116     -0.40032    241.04   1.20823     0.00183     7.864     7.864     7.864     22.75     1965863529.6757 59.86    0.00011    
 1200        -0.43388    0.03356     -0.40032    259.63   1.51533     0.0021      7.864     7.864     7.864     22.75     1872066881.46881 55.48    0.00012    
 1300        -0.43647    0.03614     -0.40032    279.63   1.83955     0.00236     7.864     7.864     7.864     22.75     1686790402.22052 52.25    0.00014    
 1400        -0.43793    0.0376      -0.40032    290.91   2.20251     0.00262     7.864     7.864     7.864     22.75     1488006639.46674 48.71    0.00015    
 1500        -0.43998    0.03965     -0.40032    306.76   2.58855     0.00288     7.864     7.864     7.864     22.75     1428169547.20816 46.14    0.00016    

Time averages:
             Epot        Ekin        Etot        Temp     MSD         Self_diff   Pressure    Spec_heat   DebyeT   Lindemann  
             eV/atom     eV/atom     eV/atom     K        Å^2         mm^2/s      Pa          J/(K*Kg)    K        1          
             -0.42892    0.0286      -0.40032    221.26   1.19545     0.00183     2220753473.05742 613.73116   67.99    0.0001     