Material ID: 0154
Unit cell composition: Co500
Material:  Co
Site positions of initial unit cell:
 Co          Co          Co          Co         
 0.00000     -0.00000    0.00000     1.24710    
 0.00000     1.44003     0.00000     0.72001    
 0.00000     2.02148     4.04297     6.06445    
Properties:
 Time        Epot        Ekin        Etot        Temp     MSD         Self_diff   LC_a      LC_b      LC_c      Volume      Pressure    DebyeT   Lindemann  
 fs          eV/atom     eV/atom     eV/atom     K        Å^2         mm^2/s      Å         Å         Å         Å^3/atom    Pa          K        1          
 500         -9.6861     0.02468     -9.66142    190.93   0.0         0.0         2.594     2.594     8.409     12.251    100157980006.61832 inf      0.0        
 600         -9.77415    0.11255     -9.6616     870.74   0.01037     3e-05       2.594     2.594     8.409     12.251    110265057845.11147 788.52   0.01111    
 700         -9.78042    0.11889     -9.66153    919.79   0.01004     2e-05       2.594     2.594     8.409     12.251    110783490717.2811 823.86   0.01093    
 800         -9.70026    0.03883     -9.66143    300.42   0.02563     5e-05       2.594     2.594     8.409     12.251    102478847025.7344 294.7    0.01745    
 900         -9.72449    0.063       -9.66149    487.42   0.02875     5e-05       2.594     2.594     8.409     12.251    105809556558.1539 354.38   0.01849    
 1000        -9.75229    0.09081     -9.66148    702.53   0.02359     4e-05       2.594     2.594     8.409     12.251    108310267106.55954 469.74   0.01675    
 1100        -9.72227    0.06083     -9.66144    470.62   0.01527     2e-05       2.594     2.594     8.409     12.251    105551281175.11127 477.89   0.01347    
 1200        -9.71616    0.05473     -9.66144    423.39   0.01582     2e-05       2.594     2.594     8.409     12.251    104989590208.50882 445.25   0.01371    
 1300        -9.74103    0.07956     -9.66148    615.48   0.02196     3e-05       2.594     2.594     8.409     12.251    107374453424.20908 455.61   0.01616    
 1400        -9.74322    0.08175     -9.66147    632.42   0.03126     4e-05       2.594     2.594     8.409     12.251    107828191846.86359 387.14   0.01928    
 1500        -9.727      0.06554     -9.66146    507.05   0.03924     4e-05       2.594     2.594     8.409     12.251    106325012433.04962 309.4    0.0216     

Time averages:
             Epot        Ekin        Etot        Temp     MSD         Self_diff   Pressure    Spec_heat   DebyeT   Lindemann  
             eV/atom     eV/atom     eV/atom     K        Å^2         mm^2/s      Pa          J/(K*Kg)    K        1          
             -9.73813    0.07665     -9.66148    592.99   0.02219     3e-05       106971574834.05827 286.86877   480.65   0.01589    