Material ID: 0058
Unit cell composition: Ag125Ho125
Material:  AgHo
Site positions:
Ag                      Ho
1.814083                      0.0                      
1.814083                      0.0                      
1.814083                      0.0                      
Properties:
 Time        Epot        Ekin        Etot        Temp     MSD         Self_diff   LC_a      LC_b      LC_c      Volume      Pressure   
 fs          eV/atom     eV/atom     eV/atom     K        Å^2         mm^2/s      Å         Å         Å         Å^3/atom    eV/Å^3     
 1500        -7.73458    0.02649     -7.70809    204.92   0.0         0.0         3.664     3.664     3.664     24.603    -0.24066   
 1800        -7.73179    0.02365     -7.70814    182.96   0.00173     0.0         3.664     3.664     3.664     24.603    -0.24109   
 2100        -7.72835    0.02028     -7.70807    156.91   0.00413     0.0         3.664     3.664     3.664     24.603    -0.24177   
 2400        -7.72496    0.01692     -7.70804    130.91   0.00719     0.0         3.664     3.664     3.664     24.603    -0.2424    
 2700        -7.73043    0.02229     -7.70813    172.47   0.00949     1e-05       3.664     3.664     3.664     24.603    -0.24136   
 3000        -7.72428    0.01628     -7.708      125.93   0.01334     1e-05       3.664     3.664     3.664     24.603    -0.24252   
 3300        -7.73363    0.02548     -7.70815    197.12   0.01916     1e-05       3.664     3.664     3.664     24.603    -0.2407    
 3600        -7.72621    0.01816     -7.70805    140.51   0.02738     1e-05       3.664     3.664     3.664     24.603    -0.24213   
 3900        -7.72592    0.01789     -7.70804    138.37   0.0347      1e-05       3.664     3.664     3.664     24.603    -0.24222   
 4200        -7.73007    0.02194     -7.70812    169.77   0.04152     2e-05       3.664     3.664     3.664     24.603    -0.24138   
 4500        -7.72335    0.01537     -7.70798    118.88   0.0496      2e-05       3.664     3.664     3.664     24.603    -0.24278   

Time averages:
             Epot        Ekin        Etot        Temp     MSD         Self_diff   Pressure    Spec_heat  
             eV/atom     eV/atom     eV/atom     K        Å^2         mm^2/s      eV/Å^3      J/(K*Kg)   
             -7.7279     0.01983     -7.70807    153.38   0.02082     1e-05       -0.24184    -26.54797  