Material ID: 0213
Unit cell composition: Mg250
Material:  Mg
Site positions of initial unit cell:
 Mg          Mg         
 -0.00000    1.60152    
 1.84927     0.92463    
 1.28167     3.84502    
Properties:
 Time        Epot        Ekin        Etot        Temp     MSD         Self_diff   LC_a      LC_b      LC_c      Volume      Pressure    DebyeT   Lindemann  
 fs          eV/atom     eV/atom     eV/atom     K        Å^2         mm^2/s      Å         Å         Å         Å^3/atom    Pa          K        1          
 500         -0.38724    0.02605     -0.36119    201.53   0.0         0.0         3.267     3.267     5.229     24.169    4031716851.66198 inf      0.0        
 600         -0.38067    0.01948     -0.36119    150.7    0.18346     0.00051     3.267     3.267     5.229     24.169    2871661795.75616 121.47   0.02455    
 700         -0.38677    0.02557     -0.36119    197.84   0.4516      0.00108     3.267     3.267     5.229     24.169    2521684074.15055 88.71    0.03852    
 800         -0.38932    0.02813     -0.36119    217.62   0.72866     0.00152     3.267     3.267     5.229     24.169    2223797257.61399 73.24    0.04893    
 900         -0.39445    0.03326     -0.36119    257.27   1.0373      0.00192     3.267     3.267     5.229     24.169    1987791449.32601 66.75    0.05838    
 1000        -0.39899    0.0378      -0.36119    292.44   1.43521     0.00239     3.267     3.267     5.229     24.169    1611832060.42134 60.5     0.06867    
 1100        -0.4024     0.04121     -0.36119    318.82   1.778       0.00269     3.267     3.267     5.229     24.169    1387698845.23932 56.75    0.07644    
 1200        -0.40533    0.04414     -0.36119    341.46   1.98921     0.00276     3.267     3.267     5.229     24.169    1456190033.63154 55.53    0.08085    
 1300        -0.40581    0.04462     -0.36119    345.21   2.28692     0.00293     3.267     3.267     5.229     24.169    1320774773.0316 52.07    0.08669    
 1400        -0.41066    0.04946     -0.36119    382.67   2.67884     0.00319     3.267     3.267     5.229     24.169    1392314502.75821 50.65    0.09382    
 1500        -0.4119     0.0507      -0.36119    392.25   3.10497     0.00345     3.267     3.267     5.229     24.169    1172339242.33266 47.64    0.10101    

Time averages:
             Epot        Ekin        Etot        Temp     MSD         Self_diff   Pressure    Spec_heat   DebyeT   Lindemann  
             eV/atom     eV/atom     eV/atom     K        Å^2         mm^2/s      Pa          J/(K*Kg)    K        1          
             -0.39863    0.03744     -0.36119    289.63   1.56742     0.00244     1794608403.42614 567.01206   67.33    0.06779    