Material ID: 0140
Unit cell composition: Co125
Material:  Co
Site positions of initial unit cell:
 Co         
 0.00000    
 0.00000    
 0.00000    
Properties:
 Time        Epot        Ekin        Etot        Temp     MSD         Self_diff   LC_a      LC_b      LC_c      Volume      Pressure    DebyeT   Lindemann  
 fs          eV/atom     eV/atom     eV/atom     K        Å^2         mm^2/s      Å         Å         Å         Å^3/atom    Pa          K        1          
 500         -10.35375   0.02721     -10.32654   210.51   0.0         0.0         2.39      2.39      2.39      9.655     -134990974408.14178 inf      0.0        
 600         -10.33822   0.01178     -10.32644   91.13    0.00072     0.0         2.39      2.39      2.39      9.655     -136277636541.00136 971.51   0.00224    
 700         -10.34112   0.01466     -10.32646   113.41   0.00202     0.0         2.39      2.39      2.39      9.655     -136046909414.48405 644.2    0.00376    
 800         -10.33776   0.01133     -10.32643   87.65    0.00431     1e-05       2.39      2.39      2.39      9.655     -136333876490.54558 388.25   0.00549    
 900         -10.33991   0.01344     -10.32646   103.99   0.00745     1e-05       2.39      2.39      2.39      9.655     -136136819173.1134 321.6    0.00722    
 1000        -10.34565   0.01915     -10.3265    148.15   0.01133     2e-05       2.39      2.39      2.39      9.655     -135660751281.00204 311.21   0.00891    
 1100        -10.33918   0.01273     -10.32645   98.47    0.01631     2e-05       2.39      2.39      2.39      9.655     -136200844409.07214 211.48   0.01069    
 1200        -10.34048   0.01402     -10.32646   108.48   0.02205     3e-05       2.39      2.39      2.39      9.655     -136092658779.95422 190.92   0.01242    
 1300        -10.34009   0.01365     -10.32644   105.59   0.02872     4e-05       2.39      2.39      2.39      9.655     -136142503588.34892 165.04   0.01418    
 1400        -10.3417    0.01523     -10.32648   117.79   0.03635     4e-05       2.39      2.39      2.39      9.655     -135984055820.63509 154.94   0.01595    
 1500        -10.34016   0.01369     -10.32647   105.91   0.04486     5e-05       2.39      2.39      2.39      9.655     -136117431023.65501 132.25   0.01772    

Time averages:
             Epot        Ekin        Etot        Temp     MSD         Self_diff   Pressure    Spec_heat   DebyeT   Lindemann  
             eV/atom     eV/atom     eV/atom     K        Å^2         mm^2/s      Pa          J/(K*Kg)    K        1          
             -10.34043   0.01397     -10.32646   108.06   0.01741     2e-05       -136099348652.18118 214.75473   349.14   0.00986    