Material ID: 0205
Unit cell composition: Mg125
Material:  Mg
Site positions of initial unit cell:
 Mg         
 0.00000    
 0.00000    
 0.00000    
Properties:
 Time        Epot        Ekin        Etot        Temp     MSD         Self_diff   LC_a      LC_b      LC_c      Volume      Pressure    DebyeT   Lindemann  
 fs          eV/atom     eV/atom     eV/atom     K        Å^2         mm^2/s      Å         Å         Å         Å^3/atom    Pa          K        1          
 500         -0.49341    0.02724     -0.46618    210.71   0.0         0.0         2.976     2.976     2.976     20.285    4936106874.13599 inf      0.0        
 600         -0.48301    0.01684     -0.46618    130.26   0.10081     0.00028     2.976     2.976     2.976     20.285    4040847883.17628 152.35   0.02134    
 700         -0.48167    0.0155      -0.46618    119.88   0.22335     0.00053     2.976     2.976     2.976     20.285    3804410867.76683 98.19    0.03176    
 800         -0.48405    0.01787     -0.46618    138.25   0.28854     0.0006      2.976     2.976     2.976     20.285    3960429443.21518 92.77    0.0361     
 900         -0.48201    0.01583     -0.46618    122.48   0.34339     0.00064     2.976     2.976     2.976     20.285    3867705370.11832 80.04    0.03938    
 1000        -0.48546    0.01929     -0.46618    149.22   0.37015     0.00062     2.976     2.976     2.976     20.285    4149453427.15639 85.1     0.04089    
 1100        -0.48349    0.01732     -0.46618    133.96   0.44095     0.00067     2.976     2.976     2.976     20.285    3963822084.35567 73.87    0.04463    
 1200        -0.48264    0.01646     -0.46618    127.37   0.52753     0.00073     2.976     2.976     2.976     20.285    3819433341.25577 65.85    0.04882    
 1300        -0.48241    0.01624     -0.46618    125.6    0.61249     0.00079     2.976     2.976     2.976     20.285    3854505575.84853 60.69    0.0526     
 1400        -0.4833     0.01712     -0.46618    132.45   0.6788      0.00081     2.976     2.976     2.976     20.285    3946239156.51593 59.2     0.05537    
 1500        -0.48223    0.01605     -0.46618    124.18   0.73975     0.00082     2.976     2.976     2.976     20.285    3895194134.63093 54.91    0.05781    

Time averages:
             Epot        Ekin        Etot        Temp     MSD         Self_diff   Pressure    Spec_heat   DebyeT   Lindemann  
             eV/atom     eV/atom     eV/atom     K        Å^2         mm^2/s      Pa          J/(K*Kg)    K        1          
             -0.48303    0.01685     -0.46618    130.37   0.43258     0.00069     3930204128.40398 514.49903   82.3     0.04287    