Material ID: 0276
Unit cell composition: Mg125
Material:  Mg
Site positions of initial unit cell:
 Mg         
 0.00000    
 0.00000    
 0.00000    
Properties:
 Time        Epot        Ekin        Etot        Temp     MSD         Self_diff   LC_a      LC_b      LC_c      Volume      Pressure    DebyeT   Lindemann  
 fs          eV/atom     eV/atom     eV/atom     K        Å^2         mm^2/s      Å         Å         Å         Å^3/atom    Pa          K        1          
 500         -0.46104    0.02514     -0.4359     194.49   0.0         0.0         3.122     3.122     3.122     21.522    4887035064.46886 inf      0.0        
 600         -0.44785    0.01195     -0.4359     92.42    0.11733     0.00033     3.122     3.122     3.122     21.522    3631959018.93681 118.95   0.02194    
 700         -0.45023    0.01433     -0.4359     110.83   0.19261     0.00046     3.122     3.122     3.122     21.522    3655940886.29278 101.67   0.02811    
 800         -0.45276    0.01686     -0.4359     130.44   0.2528      0.00053     3.122     3.122     3.122     21.522    3591360810.88665 96.27    0.03221    
 900         -0.45077    0.01486     -0.4359     114.99   0.32407     0.0006      3.122     3.122     3.122     21.522    3292902957.98835 79.84    0.03647    
 1000        -0.45162    0.01572     -0.4359     121.63   0.35587     0.00059     3.122     3.122     3.122     21.522    3286633515.67399 78.35    0.03821    
 1100        -0.45361    0.01771     -0.4359     136.98   0.37669     0.00057     3.122     3.122     3.122     21.522    3323518561.27368 80.82    0.03931    
 1200        -0.45371    0.01781     -0.4359     137.8    0.43902     0.00061     3.122     3.122     3.122     21.522    3059192304.51461 75.09    0.04244    
 1300        -0.45536    0.01946     -0.4359     150.55   0.52279     0.00067     3.122     3.122     3.122     21.522    2873853727.82809 71.92    0.04632    
 1400        -0.45679    0.02089     -0.4359     161.59   0.60024     0.00071     3.122     3.122     3.122     21.522    2650221063.52266 69.54    0.04963    
 1500        -0.45654    0.02063     -0.4359     159.63   0.66765     0.00074     3.122     3.122     3.122     21.522    2458410011.5284 65.53    0.05234    

Time averages:
             Epot        Ekin        Etot        Temp     MSD         Self_diff   Pressure    Spec_heat   DebyeT   Lindemann  
             eV/atom     eV/atom     eV/atom     K        Å^2         mm^2/s      Pa          J/(K*Kg)    K        1          
             -0.45292    0.01702     -0.4359     131.69   0.38491     0.00061     3182399285.8446 522.07334   83.8     0.0387     