Material ID: 0138
Unit cell composition: Ti375
Material:  Ti
Site positions of initial unit cell:
 Ti          Ti          Ti         
 0.00000     -0.00000    2.28843    
 0.00000     2.64245     1.32122    
 0.00000     1.41434     1.41434    
Properties:
 Time        Epot        Ekin        Etot        Temp     MSD         Self_diff   LC_a      LC_b      LC_c      Volume      Pressure    DebyeT   Lindemann  
 fs          eV/atom     eV/atom     eV/atom     K        Å^2         mm^2/s      Å         Å         Å         Å^3/atom    Pa          K        1          
 500         -6.00029    0.02777     -5.97251    214.88   0.0         0.0         4.668     4.668     2.885     18.152    -279020464698.8182 inf      0.0        
 600         -6.75899    0.78448     -5.97452    6069.0   0.19284     0.00054     4.668     4.668     2.885     18.152    -249979346932.5338 535.77   4e-05      
 700         -6.72118    0.74559     -5.97559    5768.17  0.49366     0.00118     4.668     4.668     2.885     18.152    -252674011084.3341 326.45   7e-05      
 800         -6.81112    0.83553     -5.97559    6463.96  0.84294     0.00176     4.668     4.668     2.885     18.152    -249282609607.9327 264.46   9e-05      
 900         -6.84721    0.87095     -5.97625    6737.99  0.90243     0.00167     4.668     4.668     2.885     18.152    -248398372658.7595 260.96   0.0001     
 1000        -6.84997    0.87414     -5.97584    6762.62  1.0401      0.00173     4.668     4.668     2.885     18.152    -247800607248.40182 243.52   0.0001     
 1100        -6.82908    0.85339     -5.97569    6602.14  1.17285     0.00178     4.668     4.668     2.885     18.152    -248664665924.50208 226.59   0.00011    
 1200        -6.89887    0.92372     -5.97515    7146.22  1.19915     0.00167     4.668     4.668     2.885     18.152    -246169306039.50787 233.14   0.00011    
 1300        -6.95924    0.98254     -5.9767     7601.28  1.5401      0.00197     4.668     4.668     2.885     18.152    -243834915001.63556 212.17   0.00012    
 1400        -6.8309     0.85522     -5.97568    6616.25  1.74308     0.00208     4.668     4.668     2.885     18.152    -249250230247.594 186.06   0.00013    
 1500        -6.88576    0.91013     -5.97563    7041.1   1.60021     0.00178     4.668     4.668     2.885     18.152    -247020718541.8599 200.33   0.00013    
 1600        -6.903      0.92707     -5.97593    7172.13  1.50351     0.00157     4.668     4.668     2.885     18.152    -246029605892.62985 208.59   0.00012    

Time averages:
             Epot        Ekin        Etot        Temp     MSD         Self_diff   Pressure    Spec_heat   DebyeT   Lindemann  
             eV/atom     eV/atom     eV/atom     K        Å^2         mm^2/s      Pa          J/(K*Kg)    K        1          
             -6.85363    0.87783     -5.9758     6791.19  1.2038      0.00178     -247912504224.71573 263.07401   236.23   0.00011    