Material ID: 0221
Unit cell composition: Pd125
Material:  Pd
Site positions of initial unit cell:
 Pd         
 0.00000    
 0.00000    
 0.00000    
Properties:
 Time        Epot        Ekin        Etot        Temp     MSD         Self_diff   LC_a      LC_b      LC_c      Volume      Pressure    DebyeT   Lindemann  
 fs          eV/atom     eV/atom     eV/atom     K        Å^2         mm^2/s      Å         Å         Å         Å^3/atom    Pa          K        1          
 500         -11.33559   0.02556     -11.31003   197.76   0.0         0.0         2.742     2.742     2.742     14.579    38344331231.78292 inf      0.0        
 600         -11.32551   0.01549     -11.31002   119.87   0.00056     0.0         2.742     2.742     2.742     14.579    37617982628.59999 935.7    0.00173    
 700         -11.32089   0.01088     -11.31001   84.18    0.001       0.0         2.742     2.742     2.742     14.579    37295473588.10468 588.85   0.0023     
 800         -11.32489   0.01487     -11.31002   115.05   0.00136     0.0         2.742     2.742     2.742     14.579    37558304810.6729 588.7    0.00269    
 900         -11.32381   0.01379     -11.31002   106.69   0.00207     0.0         2.742     2.742     2.742     14.579    37467816486.52912 460.23   0.00332    
 1000        -11.32271   0.0127      -11.31001   98.22    0.00296     0.0         2.742     2.742     2.742     14.579    37374073832.46248 368.89   0.00397    
 1100        -11.32589   0.01587     -11.31002   122.8    0.00389     1e-05       2.742     2.742     2.742     14.579    37593521424.68341 360.1    0.00455    
 1200        -11.32684   0.01682     -11.31002   130.12   0.00499     1e-05       2.742     2.742     2.742     14.579    37665497878.09886 327.03   0.00515    
 1300        -11.32231   0.01229     -11.31001   95.1     0.00656     1e-05       2.742     2.742     2.742     14.579    37353084990.37858 243.79   0.00591    
 1400        -11.31986   0.00985     -11.31001   76.17    0.00818     1e-05       2.742     2.742     2.742     14.579    37195990857.78986 195.45   0.0066     
 1500        -11.32465   0.01463     -11.31002   113.18   0.00959     1e-05       2.742     2.742     2.742     14.579    37529944655.28928 220.05   0.00714    

Time averages:
             Epot        Ekin        Etot        Temp     MSD         Self_diff   Pressure    Spec_heat   DebyeT   Lindemann  
             eV/atom     eV/atom     eV/atom     K        Å^2         mm^2/s      Pa          J/(K*Kg)    K        1          
             -11.32374   0.01372     -11.31002   106.14   0.00412     1e-05       37465169115.26093 119.12142   428.88   0.00434    