Material ID: 0008
Unit cell composition: Ag125
Material:  Ag
Site positions of initial unit cell:
 Ag         
 0.00000    
 0.00000    
 0.00000    
Properties:
 Time        Epot        Ekin        Etot        Temp     MSD         Self_diff   LC_a      LC_b      LC_c      Volume      Pressure    DebyeT   Lindemann  
 fs          eV/atom     eV/atom     eV/atom     K        Å^2         mm^2/s      Å         Å         Å         Å^3/atom    Pa          K        1          
 500         -13.73302   0.02595     -13.70706   200.78   0.0         0.0         2.824     2.824     2.824     15.93     4894804142.81115 inf      0.0        
 600         -13.72042   0.01338     -13.70704   103.54   0.00056     0.0         2.824     2.824     2.824     15.93     4225512771.06398 864.48   0.00168    
 700         -13.71799   0.01095     -13.70703   84.73    0.00101     0.0         2.824     2.824     2.824     15.93     4095941635.7169 583.46   0.00225    
 800         -13.71789   0.01085     -13.70704   83.94    0.00175     0.0         2.824     2.824     2.824     15.93     4095792074.08215 440.8    0.00296    
 900         -13.7184    0.01136     -13.70704   87.88    0.00267     0.0         2.824     2.824     2.824     15.93     4116878603.49268 364.92   0.00366    
 1000        -13.718     0.01097     -13.70703   84.87    0.00391     1e-05       2.824     2.824     2.824     15.93     4099133867.3997 296.32   0.00443    
 1100        -13.71962   0.01259     -13.70704   97.37    0.00522     1e-05       2.824     2.824     2.824     15.93     4180690604.96159 274.78   0.00512    
 1200        -13.71802   0.01098     -13.70704   84.95    0.007       1e-05       2.824     2.824     2.824     15.93     4103490709.06069 221.58   0.00593    
 1300        -13.71762   0.01059     -13.70703   81.92    0.00879     1e-05       2.824     2.824     2.824     15.93     4069715915.19844 194.17   0.00664    
 1400        -13.72458   0.01753     -13.70705   135.62   0.01081     1e-05       2.824     2.824     2.824     15.93     4444805485.21782 225.38   0.00736    
 1500        -13.72398   0.01693     -13.70705   130.97   0.01328     1e-05       2.824     2.824     2.824     15.93     4415381261.2463 199.77   0.00816    

Time averages:
             Epot        Ekin        Etot        Temp     MSD         Self_diff   Pressure    Spec_heat   DebyeT   Lindemann  
             eV/atom     eV/atom     eV/atom     K        Å^2         mm^2/s      Pa          J/(K*Kg)    K        1          
             -13.71965   0.01261     -13.70704   97.58    0.0055      1e-05       4184734292.74402 118.61706   366.57   0.00482    