Material ID: 0068
Unit cell composition: Fe125
Material:  Fe
Site positions of initial unit cell:
 Fe         
 0.00000    
 0.00000    
 0.00000    
Properties:
 Time        Epot        Ekin        Etot        Temp     MSD         Self_diff   LC_a      LC_b      LC_c      Volume      Pressure    DebyeT   Lindemann  
 fs          eV/atom     eV/atom     eV/atom     K        Å^2         mm^2/s      Å         Å         Å         Å^3/atom    Pa          K        1          
 500         -9.68239    0.02769     -9.65469    214.24   0.0         0.0         2.629     2.629     2.629     12.855    57027912040.5056 inf      0.0        
 600         -9.66854    0.01388     -9.65467    107.35   0.00232     1e-05       2.629     2.629     2.629     12.855    56064441808.99998 601.43   0.00366    
 700         -9.66709    0.01242     -9.65466    96.12    0.00692     2e-05       2.629     2.629     2.629     12.855    55969017031.01521 329.55   0.00633    
 800         -9.66996    0.0153      -9.65467    118.35   0.01418     3e-05       2.629     2.629     2.629     12.855    56170231386.29359 255.4    0.00906    
 900         -9.66667    0.01201     -9.65466    92.9     0.02464     5e-05       2.629     2.629     2.629     12.855    55928286070.24918 171.68   0.01194    
 1000        -9.66609    0.01143     -9.65466    88.44    0.03781     6e-05       2.629     2.629     2.629     12.855    55880463602.80452 135.22   0.01479    
 1100        -9.66855    0.01389     -9.65466    107.44   0.054       8e-05       2.629     2.629     2.629     12.855    56054492279.24766 124.71   0.01768    
 1200        -9.66781    0.01315     -9.65466    101.7    0.07333     0.0001      2.629     2.629     2.629     12.855    56010860419.96442 104.13   0.0206     
 1300        -9.66692    0.01226     -9.65466    94.84    0.09556     0.00012     2.629     2.629     2.629     12.855    55933467575.50787 88.08    0.02351    
 1400        -9.66536    0.01071     -9.65466    82.84    0.12089     0.00014     2.629     2.629     2.629     12.855    55841922502.48016 73.19    0.02645    
 1500        -9.66979    0.01512     -9.65467    117.0    0.14873     0.00017     2.629     2.629     2.629     12.855    56142032556.19754 78.42    0.02933    

Time averages:
             Epot        Ekin        Etot        Temp     MSD         Self_diff   Pressure    Spec_heat   DebyeT   Lindemann  
             eV/atom     eV/atom     eV/atom     K        Å^2         mm^2/s      Pa          J/(K*Kg)    K        1          
             -9.66768    0.01302     -9.65466    100.7    0.05784     9e-05       55999521523.27602 225.18237   196.18   0.01633    