Material ID: 0194
Unit cell composition: Mg375
Material:  Mg
Site positions of initial unit cell:
 Mg          Mg          Mg         
 0.00000     4.95089     17.32955   
 0.00000     1.03261     3.61442    
 0.00000     0.61347     2.14732    
Properties:
 Time        Epot        Ekin        Etot        Temp     MSD         Self_diff   LC_a      LC_b      LC_c      Volume      Pressure    DebyeT   Lindemann  
 fs          eV/atom     eV/atom     eV/atom     K        Å^2         mm^2/s      Å         Å         Å         Å^3/atom    Pa          K        1          
 500         -0.34652    0.02511     -0.32141    194.22   0.0         0.0         8.178     8.178     8.178     25.59     2453173254.2915 inf      0.0        
 600         -0.35292    0.03151     -0.32141    243.74   0.23589     0.00066     8.178     8.178     8.178     25.59     2722246313.15877 136.24   5e-05      
 700         -0.35566    0.03424     -0.32141    264.9    0.57843     0.00138     8.178     8.178     8.178     25.59     2159050192.87285 90.7     8e-05      
 800         -0.35859    0.03717     -0.32141    287.59   0.88362     0.00184     8.178     8.178     8.178     25.59     1863471204.36117 76.46    9e-05      
 900         -0.36405    0.04263     -0.32142    329.81   1.27689     0.00236     8.178     8.178     8.178     25.59     1709875791.63975 68.11    0.00011    
 1000        -0.37073    0.04932     -0.32142    381.54   1.74701     0.00291     8.178     8.178     8.178     25.59     1519919867.19654 62.63    0.00013    
 1100        -0.37455    0.05314     -0.32142    411.07   2.33423     0.00354     8.178     8.178     8.178     25.59     1206435162.49341 56.24    0.00015    
 1200        -0.3784     0.05698     -0.32142    440.83   2.93993     0.00408     8.178     8.178     8.178     25.59     1127440198.66513 51.9     0.00017    
 1300        -0.38062    0.0592      -0.32142    458.02   3.46857     0.00445     8.178     8.178     8.178     25.59     1095539940.95717 48.7     0.00019    
 1400        -0.38274    0.06133     -0.32142    474.44   3.9825      0.00474     8.178     8.178     8.178     25.59     1137330352.15112 46.26    0.0002     
 1500        -0.38507    0.06365     -0.32142    492.42   4.69823     0.00522     8.178     8.178     8.178     25.59     929054086.85806 43.39    0.00022    

Time averages:
             Epot        Ekin        Etot        Temp     MSD         Self_diff   Pressure    Spec_heat   DebyeT   Lindemann  
             eV/atom     eV/atom     eV/atom     K        Å^2         mm^2/s      Pa          J/(K*Kg)    K        1          
             -0.37033    0.04892     -0.32142    378.44   2.21453     0.00339     1547036311.0354 573.30937   68.06    0.00014    