Material ID: 0128
Unit cell composition: Ti125
Material:  Ti
Site positions of initial unit cell:
 Ti         
 0.00000    
 0.00000    
 0.00000    
Properties:
 Time        Epot        Ekin        Etot        Temp     MSD         Self_diff   LC_a      LC_b      LC_c      Volume      Pressure    DebyeT   Lindemann  
 fs          eV/atom     eV/atom     eV/atom     K        Å^2         mm^2/s      Å         Å         Å         Å^3/atom    Pa          K        1          
 500         -8.6674     0.02802     -8.63938    216.76   0.0         0.0         2.964     2.964     2.964     18.406    -158881132163.9219 inf      0.0        
 600         -8.65525    0.01595     -8.6393     123.42   0.00103     0.0         2.964     2.964     2.964     18.406    -159391615465.1754 1044.3   0.00217    
 700         -8.65506    0.01574     -8.63931    121.79   0.00346     1e-05       2.964     2.964     2.964     18.406    -159396958451.53165 566.77   0.00397    
 800         -8.65614    0.01681     -8.63933    130.03   0.00742     2e-05       2.964     2.964     2.964     18.406    -159348974480.81348 399.77   0.00581    
 900         -8.65007    0.01079     -8.63928    83.45    0.01303     2e-05       2.964     2.964     2.964     18.406    -159602442680.3873 241.65   0.0077     
 1000        -8.65255    0.01323     -8.63931    102.38   0.02002     3e-05       2.964     2.964     2.964     18.406    -159496247123.47568 215.97   0.00955    
 1100        -8.6533     0.01399     -8.63931    108.24   0.02854     4e-05       2.964     2.964     2.964     18.406    -159469010912.71518 185.98   0.0114     
 1200        -8.65035    0.01107     -8.63929    85.61    0.03865     5e-05       2.964     2.964     2.964     18.406    -159591498694.6517 142.13   0.01327    
 1300        -8.65246    0.01316     -8.6393     101.79   0.05022     6e-05       2.964     2.964     2.964     18.406    -159504980523.84222 135.96   0.01512    
 1400        -8.65327    0.01397     -8.6393     108.06   0.06339     8e-05       2.964     2.964     2.964     18.406    -159470647224.48727 124.7    0.01699    
 1500        -8.6582     0.01888     -8.63932    146.09   0.07802     9e-05       2.964     2.964     2.964     18.406    -159267731631.97644 130.69   0.01885    

Time averages:
             Epot        Ekin        Etot        Temp     MSD         Self_diff   Pressure    Spec_heat   DebyeT   Lindemann  
             eV/atom     eV/atom     eV/atom     K        Å^2         mm^2/s      Pa          J/(K*Kg)    K        1          
             -8.65367    0.01436     -8.63931    111.09   0.03038     4e-05       -159454010718.90567 265.48717   318.79   0.01048    