Material ID: 0064
Unit cell composition: Fe125
Material:  Fe
Site positions of initial unit cell:
 Fe         
 1.18783    
 1.18783    
 1.18783    
Properties:
 Time        Epot        Ekin        Etot        Temp     MSD         Self_diff   LC_a      LC_b      LC_c      Volume      Pressure    DebyeT   Lindemann  
 fs          eV/atom     eV/atom     eV/atom     K        Å^2         mm^2/s      Å         Å         Å         Å^3/atom    eV/Å^3      K        1          
 1000        -6.40848    0.02274     -6.38574    175.96   0.0         0.0         2.471     2.471     2.471     15.082    -0.20999    inf      0.0        
 1200        -7.22922    0.84168     -6.38754    6511.52  1.19415     0.00166     2.471     2.471     2.471     15.082    0.0653      206.47   0.08846    
 1400        -7.37886    0.99006     -6.38881    7659.43  2.46853     0.00294     2.471     2.471     2.471     15.082    0.12651     155.75   0.12718    
 1600        -7.31652    0.92701     -6.38951    7171.69  3.2779      0.00341     2.471     2.471     2.471     15.082    0.09023     130.78   0.14656    
 1800        -7.30843    0.92074     -6.38769    7123.16  3.9758      0.00368     2.471     2.471     2.471     15.082    0.08335     118.35   0.16141    
 2000        -7.32753    0.93893     -6.38861    7263.88  4.84535     0.00404     2.471     2.471     2.471     15.082    0.10703     108.26   0.17819    
 2200        -7.33822    0.94933     -6.38889    7344.36  5.14059     0.00389     2.471     2.471     2.471     15.082    0.09728     105.68   0.18353    
 2400        -7.34356    0.95515     -6.3884     7389.41  5.40979     0.00376     2.471     2.471     2.471     15.082    0.10506     103.34   0.18828    
 2600        -7.2839     0.89593     -6.38797    6931.22  6.61241     0.00424     2.471     2.471     2.471     15.082    0.08058     90.52    0.20816    
 2800        -7.32653    0.93621     -6.39032    7242.85  7.54548     0.00449     2.471     2.471     2.471     15.082    0.09248     86.63    0.22236    
 3000        -7.30688    0.91847     -6.38842    7105.58  8.06923     0.00448     2.471     2.471     2.471     15.082    0.09241     82.97    0.22995    
 3200        -7.29122    0.9021      -6.38912    6978.98  8.26884     0.00431     2.471     2.471     2.471     15.082    0.08036     81.23    0.23277    
 3400        -7.36502    0.97592     -6.3891     7550.09  8.55988     0.0042      2.471     2.471     2.471     15.082    0.10684     83.04    0.23683    
 3600        -7.29384    0.90611     -6.38773    7010.01  8.71215     0.00403     2.471     2.471     2.471     15.082    0.08577     79.31    0.23893    
 3800        -7.29612    0.90704     -6.38908    7017.21  8.9673      0.00393     2.471     2.471     2.471     15.082    0.08363     78.22    0.24241    

Time averages:
             Epot        Ekin        Etot        Temp     MSD         Self_diff   Pressure    Spec_heat   DebyeT   Lindemann  
             eV/atom     eV/atom     eV/atom     K        Å^2         mm^2/s      eV/Å^3      J/(K*Kg)    K        1          
             -7.31728    0.92852     -6.38876    7183.36  7.2131      0.00415     0.09314     238.00779   89.92    0.21614    