Material ID: 0226
Unit cell composition: Pd500
Material:  Pd
Site positions of initial unit cell:
 Pd          Pd          Pd          Pd         
 0.00000     -0.00000    0.00000     1.39885    
 0.00000     1.61525     0.00000     0.80762    
 0.00000     2.28701     4.57402     6.86103    
Properties:
 Time        Epot        Ekin        Etot        Temp     MSD         Self_diff   LC_a      LC_b      LC_c      Volume      Pressure    DebyeT   Lindemann  
 fs          eV/atom     eV/atom     eV/atom     K        Å^2         mm^2/s      Å         Å         Å         Å^3/atom    Pa          K        1          
 500         -11.21177   0.02575     -11.18602   199.19   0.0         0.0         2.742     2.742     8.965     14.591    30674906484.47214 inf      0.0        
 600         -11.29986   0.11366     -11.18619   879.34   0.00331     1e-05       2.742     2.742     8.965     14.591    36235240701.17734 1043.66  0.00594    
 700         -11.223     0.03691     -11.18609   285.59   0.01521     4e-05       2.742     2.742     8.965     14.591    30905941564.00913 277.51   0.01272    
 800         -11.28238   0.09614     -11.18624   743.78   0.01351     3e-05       2.742     2.742     8.965     14.591    35140969440.14546 475.26   0.01199    
 900         -11.30009   0.11387     -11.18622   880.96   0.01194     2e-05       2.742     2.742     8.965     14.591    36346904426.97856 550.1    0.01127    
 1000        -11.22607   0.03995     -11.18612   309.09   0.01738     3e-05       2.742     2.742     8.965     14.591    31184153851.14398 270.15   0.0136     
 1100        -11.28516   0.09899     -11.18617   765.83   0.02724     4e-05       2.742     2.742     8.965     14.591    35344012632.38375 339.59   0.01703    
 1200        -11.23447   0.04839     -11.18608   374.36   0.03967     6e-05       2.742     2.742     8.965     14.591    32072525898.58716 196.77   0.02055    
 1300        -11.26646   0.08032     -11.18614   621.41   0.04737     6e-05       2.742     2.742     8.965     14.591    34093715541.10857 231.97   0.02245    
 1400        -11.27052   0.08435     -11.18617   652.59   0.0525      6e-05       2.742     2.742     8.965     14.591    34317246819.7935 225.81   0.02364    
 1500        -11.23731   0.05116     -11.18614   395.82   0.06366     7e-05       2.742     2.742     8.965     14.591    32065179291.93667 159.71   0.02603    

Time averages:
             Epot        Ekin        Etot        Temp     MSD         Self_diff   Pressure    Spec_heat   DebyeT   Lindemann  
             eV/atom     eV/atom     eV/atom     K        Å^2         mm^2/s      Pa          J/(K*Kg)    K        1          
             -11.26253   0.07637     -11.18616   590.88   0.02918     5e-05       33770589016.72641 185.83895   377.05   0.01652    