Material ID: 0174
Unit cell composition: Ni250
Material:  Ni
Site positions of initial unit cell:
 Ni          Ni         
 0.00000     0.00000    
 0.00000     0.00000    
 6.32249     8.58985    
Properties:
 Time        Epot        Ekin        Etot        Temp     MSD         Self_diff   LC_a      LC_b      LC_c      Volume      Pressure    DebyeT   Lindemann  
 fs          eV/atom     eV/atom     eV/atom     K        Å^2         mm^2/s      Å         Å         Å         Å^3/atom    Pa          K        1          
 500         -9.65671    0.02437     -9.63234    188.56   0.0         0.0         2.477     2.477     15.509    41.214    1624072275.71156 inf      0.0        
 600         -9.76032    0.12799     -9.63232    990.21   0.07505     0.00021     2.477     2.477     15.509    41.214    7695932827.55111 313.28   0.00689    
 700         -10.43007   0.79658     -9.63349    6162.61  0.49906     0.00119     2.477     2.477     15.509    41.214    7006097343.24124 303.07   0.01777    
 800         -10.45241   0.81872     -9.6337     6333.9   0.60692     0.00126     2.477     2.477     15.509    41.214    3736314225.75864 278.62   0.0196     
 900         -10.44899   0.81508     -9.63392    6305.73  0.62655     0.00116     2.477     2.477     15.509    41.214    2061416259.88592 273.61   0.01991    
 1000        -10.44125   0.8076      -9.63366    6247.87  0.60809     0.00101     2.477     2.477     15.509    41.214    4016356718.69768 276.45   0.01962    
 1100        -10.46836   0.83468     -9.63368    6457.35  0.65882     0.001       2.477     2.477     15.509    41.214    6772255604.67387 270.01   0.02042    
 1200        -10.40538   0.77158     -9.63381    5969.19  0.64359     0.00089     2.477     2.477     15.509    41.214    4637731644.10928 262.66   0.02018    
 1300        -10.44915   0.81528     -9.63387    6307.31  0.65325     0.00084     2.477     2.477     15.509    41.214    4507551476.39785 267.99   0.02033    
 1400        -10.39639   0.76269     -9.63369    5900.44  0.7129      0.00085     2.477     2.477     15.509    41.214    5848361486.78442 248.12   0.02124    
 1500        -10.49671   0.86293     -9.63378    6675.94  0.69051     0.00077     2.477     2.477     15.509    41.214    3385241458.03585 268.17   0.02091    
 1600        -10.45253   0.81868     -9.63385    6333.59  0.74034     0.00077     2.477     2.477     15.509    41.214    6434467967.55668 252.26   0.02165    
 1700        -10.48259   0.84872     -9.63388    6565.96  0.69594     0.00068     2.477     2.477     15.509    41.214    4141397990.12672 264.91   0.02099    
 1800        -10.54179   0.90782     -9.63397    7023.2   0.77735     0.00072     2.477     2.477     15.509    41.214    4399160626.85994 259.24   0.02218    

Time averages:
             Epot        Ekin        Etot        Temp     MSD         Self_diff   Pressure    Spec_heat   DebyeT   Lindemann  
             eV/atom     eV/atom     eV/atom     K        Å^2         mm^2/s      Pa          J/(K*Kg)    K        1          
             -10.45831   0.82451     -9.63381    6378.66  0.68073     0.00084     4620394123.31282 213.16708   264.34   0.02074    