Material ID: 0057
Unit cell composition: Fe3500
Material:  Fe
Site positions of initial unit cell:
 Fe          Fe          Fe          Fe          Fe          Fe          Fe          Fe          Fe          Fe          Fe          Fe          Fe          Fe          Fe          Fe          Fe          Fe          Fe          Fe          Fe          Fe          Fe          Fe          Fe          Fe          Fe          Fe         
 7.79841     0.81949     3.48946     5.12844     8.45336     0.16454     4.14441     4.47349     3.16068     5.45723     1.14827     7.46963     2.33318     6.28472     6.64213     1.97577     4.03816     4.57974     0.27079     8.34711     6.16514     2.45276     1.85619     6.76171     2.45276     6.16514     6.76171     1.85619    
 0.81949     7.79841     3.48946     5.12844     3.16068     5.45723     1.14827     7.46963     8.45336     0.16454     4.14441     4.47349     4.03816     4.57974     0.27079     8.34711     2.33318     6.28472     6.64213     1.97577     2.45276     6.16514     1.85619     6.76171     6.16514     2.45276     6.76171     1.85619    
 2.28724     2.28724     0.00000     0.00000     2.28724     2.28724     0.00000     0.00000     2.28724     2.28724     0.00000     0.00000     2.28724     2.28724     0.00000     0.00000     2.28724     2.28724     0.00000     0.00000     1.12356     1.12356     3.41080     3.41080     3.45091     3.45091     1.16367     1.16367    
Properties:
 Time        Epot        Ekin        Etot        Temp     MSD         Self_diff   LC_a      LC_b      LC_c      Volume      Pressure    DebyeT   Lindemann  
 fs          eV/atom     eV/atom     eV/atom     K        Å^2         mm^2/s      Å         Å         Å         Å^3/atom    Pa          K        1          
 500         -8.24925    0.02595     -8.2233     200.74   0.0         0.0         8.618     8.618     4.574     12.133    -101820176191.3509 inf      0.0        
 600         -8.27911    0.05553     -8.22358    429.63   0.02737     8e-05       8.618     8.618     4.574     12.133    -102245058752.6213 350.29   2e-05      
 700         -8.30466    0.08107     -8.22359    627.21   0.05865     0.00014     8.618     8.618     4.574     12.133    -103562891006.22037 289.14   2e-05      
 800         -8.32972    0.10604     -8.22368    820.35   0.13218     0.00028     8.618     8.618     4.574     12.133    -100132033924.06435 220.27   4e-05      
 900         -8.3641     0.14044     -8.22366    1086.47  0.35414     0.00066     8.618     8.618     4.574     12.133    -95537129519.10896 154.87   6e-05      
 1000        -8.40426    0.18059     -8.22367    1397.12  0.60322     0.00101     8.618     8.618     4.574     12.133    -90819577997.54153 134.56   8e-05      
 1100        -8.44814    0.22441     -8.22373    1736.15  0.88911     0.00135     8.618     8.618     4.574     12.133    -86490296055.31105 123.55   9e-05      
 1200        -8.48987    0.26605     -8.22382    2058.27  1.11634     0.00155     8.618     8.618     4.574     12.133    -83136335915.29861 120.06   0.00011    
 1300        -8.51099    0.28715     -8.22384    2221.49  1.29668     0.00166     8.618     8.618     4.574     12.133    -81125645328.16872 115.73   0.00011    
 1400        -8.5287     0.30479     -8.22392    2357.93  1.44151     0.00172     8.618     8.618     4.574     12.133    -79643867596.3022 113.08   0.00012    
 1500        -8.53532    0.31138     -8.22394    2408.93  1.55202     0.00172     8.618     8.618     4.574     12.133    -79156397891.83508 110.15   0.00012    

Time averages:
             Epot        Ekin        Etot        Temp     MSD         Self_diff   Pressure    Spec_heat   DebyeT   Lindemann  
             eV/atom     eV/atom     eV/atom     K        Å^2         mm^2/s      Pa          J/(K*Kg)    K        1          
             -8.41949    0.19575     -8.22374    1514.36  0.74712     0.00112     -90184923398.64722 -72.76542   173.17   8e-05      