Material ID: 0034
Unit cell composition: Fe500
Material:  Fe
Site positions of initial unit cell:
 Fe          Fe          Fe          Fe         
 0.90677     0.90583     2.12575     2.12870    
 3.97558     1.98695     3.97464     1.98790    
 2.04528     3.43914     4.23913     1.24550    
Properties:
 Time        Epot        Ekin        Etot        Temp     MSD         Self_diff   LC_a      LC_b      LC_c      Volume      Pressure    DebyeT   Lindemann  
 fs          eV/atom     eV/atom     eV/atom     K        Å^2         mm^2/s      Å         Å         Å         Å^3/atom    Pa          K        1          
 500         -9.52188    0.02488     -9.497      192.45   0.0         0.0         2.54      4.136     4.563     11.982    -23992597786.34211 inf      0.0        
 600         -9.6757     0.17763     -9.49808    1374.18  0.00623     2e-05       2.54      4.136     4.563     11.982    -12486181869.18928 1313.13  0.00651    
 700         -9.76895    0.27023     -9.49871    2090.61  0.00767     2e-05       2.54      4.136     4.563     11.982    -5336240797.03337 1459.37  0.00722    
 800         -9.62668    0.12882     -9.49786    996.59   0.00805     2e-05       2.54      4.136     4.563     11.982    -16271312108.4621 983.87   0.00739    
 900         -9.59816    0.10066     -9.4975     778.75   0.01523     3e-05       2.54      4.136     4.563     11.982    -18153576016.41345 632.35   0.01017    
 1000        -9.67294    0.17498     -9.49796    1353.73  0.01093     2e-05       2.54      4.136     4.563     11.982    -12094088791.55195 984.12   0.00862    
 1100        -9.68378    0.18577     -9.49801    1437.16  0.01113     2e-05       2.54      4.136     4.563     11.982    -11447694744.32209 1004.57  0.0087     
 1200        -9.65374    0.15593     -9.49781    1206.31  0.01523     2e-05       2.54      4.136     4.563     11.982    -13460084009.88252 786.8    0.01017    
 1300        -9.65714    0.15933     -9.49782    1232.6   0.01543     2e-05       2.54      4.136     4.563     11.982    -13171561152.47543 790.3    0.01024    
 1400        -9.65187    0.15404     -9.49783    1191.68  0.01436     2e-05       2.54      4.136     4.563     11.982    -13626148592.09338 805.48   0.00988    
 1500        -9.66531    0.16743     -9.49788    1295.28  0.01635     2e-05       2.54      4.136     4.563     11.982    -12586184209.13924 786.98   0.01054    
 1600        -9.66213    0.16427     -9.49786    1270.84  0.01885     2e-05       2.54      4.136     4.563     11.982    -12855366887.57702 725.93   0.01132    

Time averages:
             Epot        Ekin        Etot        Temp     MSD         Self_diff   Pressure    Spec_heat   DebyeT   Lindemann  
             eV/atom     eV/atom     eV/atom     K        Å^2         mm^2/s      Pa          J/(K*Kg)    K        1          
             -9.66407    0.16615     -9.49792    1285.36  0.01332     2e-05       -12900225730.89506 268.08151   895.98   0.00942    