Material ID: 0161
Unit cell composition: Ni250
Material:  Ni
Site positions of initial unit cell:
 Ni          Ni         
 -0.00000    1.23714    
 1.42853     0.71426    
 1.01755     3.05264    
Properties:
 Time        Epot        Ekin        Etot        Temp     MSD         Self_diff   LC_a      LC_b      LC_c      Volume      Pressure    DebyeT   Lindemann  
 fs          eV/atom     eV/atom     eV/atom     K        Å^2         mm^2/s      Å         Å         Å         Å^3/atom    Pa          K        1          
 500         -17.18268   0.02241     -17.16027   173.39   0.0         0.0         2.425     2.425     3.989     10.155    42122664099.9912 inf      0.0        
 600         -17.19597   0.03548     -17.1605    274.46   0.00296     1e-05       2.425     2.425     3.989     10.155    43447380606.4416 830.16   0.00414    
 700         -17.22712   0.06629     -17.16083   512.86   0.00332     1e-05       2.425     2.425     3.989     10.155    46312439274.46532 1072.68  0.00438    
 800         -17.2103    0.04967     -17.16063   384.24   0.00708     1e-05       2.425     2.425     3.989     10.155    44747883700.32814 635.52   0.0064     
 900         -17.18209   0.02179     -17.16029   168.61   0.01252     2e-05       2.425     2.425     3.989     10.155    42149025543.22194 316.48   0.00851    
 1000        -17.19315   0.03276     -17.16039   253.43   0.01752     3e-05       2.425     2.425     3.989     10.155    43175233241.52422 327.99   0.01007    
 1100        -17.21299   0.05237     -17.16062   405.15   0.02537     4e-05       2.425     2.425     3.989     10.155    45068693153.02496 344.62   0.01211    
 1200        -17.21304   0.05244     -17.1606    405.72   0.03408     5e-05       2.425     2.425     3.989     10.155    45084554182.49362 297.57   0.01404    
 1300        -17.20601   0.04553     -17.16048   352.25   0.04372     6e-05       2.425     2.425     3.989     10.155    44441583550.51768 244.8    0.0159     
 1400        -17.20716   0.04668     -17.16049   361.11   0.05544     7e-05       2.425     2.425     3.989     10.155    44588704506.49608 220.12   0.0179     
 1500        -17.20185   0.04137     -17.16047   320.09   0.06834     8e-05       2.425     2.425     3.989     10.155    44160505084.27485 186.65   0.01988    

Time averages:
             Epot        Ekin        Etot        Temp     MSD         Self_diff   Pressure    Spec_heat   DebyeT   Lindemann  
             eV/atom     eV/atom     eV/atom     K        Å^2         mm^2/s      Pa          J/(K*Kg)    K        1          
             -17.20497   0.04444     -17.16053   343.79   0.02704     4e-05       44317600284.27885 234.26909   447.66   0.01133    