Material ID: 0120
Unit cell composition: Ag125Ce125
Material:  AgCe
Site positions:
Ag                      Ce
0.0                      1.866555                      
0.0                      1.866555                      
0.0                      1.866555                      
Properties:
 Time        Epot        Ekin        Etot        Temp     MSD         Self_diff   LC_a      LC_b      LC_c      Volume      Pressure   
 fs          eV/atom     eV/atom     eV/atom     K        Å^2         mm^2/s      Å         Å         Å         Å^3/atom    eV/Å^3     
 1500        -12.39006   0.02467     -12.36538   190.89   0.0         0.0         3.658     3.658     3.658     24.483    -2.34695   
 1800        -12.38228   0.01717     -12.3651    132.86   0.00281     0.0         3.658     3.658     3.658     24.483    -2.34838   
 2100        -12.39924   0.03313     -12.36611   256.27   0.01067     1e-05       3.658     3.658     3.658     24.483    -2.34512   
 2400        -12.41984   0.05241     -12.36743   405.44   0.02396     2e-05       3.658     3.658     3.658     24.483    -2.34113   
 2700        -12.45504   0.08571     -12.36933   663.11   0.0426      3e-05       3.658     3.658     3.658     24.483    -2.33432   
 3000        -12.49005   0.1188      -12.37125   919.07   0.06704     4e-05       3.658     3.658     3.658     24.483    -2.32746   
 3300        -12.47986   0.10886     -12.37099   842.19   0.09762     5e-05       3.658     3.658     3.658     24.483    -2.32927   
 3600        -12.46408   0.0949      -12.36918   734.17   0.13265     6e-05       3.658     3.658     3.658     24.483    -2.33238   
 3900        -12.46784   0.09912     -12.36872   766.79   0.17203     7e-05       3.658     3.658     3.658     24.483    -2.33178   
 4200        -12.47566   0.10512     -12.37055   813.23   0.21649     9e-05       3.658     3.658     3.658     24.483    -2.33026   
 4500        -12.50859   0.13571     -12.37287   1049.94  0.26548     0.0001      3.658     3.658     3.658     24.483    -2.32397   
 4800        -12.52933   0.15539     -12.37394   1202.18  0.31964     0.00011     3.658     3.658     3.658     24.483    -2.32      
 5100        -12.51285   0.13985     -12.373     1081.89  0.37944     0.00012     3.658     3.658     3.658     24.483    -2.32314   
 5400        -12.49155   0.12069     -12.37087   933.67   0.44434     0.00014     3.658     3.658     3.658     24.483    -2.32724   
 5700        -12.46283   0.09396     -12.36888   726.89   0.51511     0.00015     3.658     3.658     3.658     24.483    -2.3327    
 6000        -12.4461    0.07708     -12.36902   596.3    0.59206     0.00016     3.658     3.658     3.658     24.483    -2.33577   
 6300        -12.49402   0.12257     -12.37145   948.24   0.67378     0.00018     3.658     3.658     3.658     24.483    -2.32659   

Time averages:
             Epot        Ekin        Etot        Temp     MSD         Self_diff   Pressure    Spec_heat  
             eV/atom     eV/atom     eV/atom     K        Å^2         mm^2/s      eV/Å^3      J/(K*Kg)   
             -12.48529   0.11444     -12.37085   885.33   0.3711      0.00012     -2.32838    -17.13067  