Material ID: 0184
Unit cell composition: Ni125
Material:  Ni
Site positions of initial unit cell:
 Ni         
 0.00000    
 0.00000    
 0.00000    
Properties:
 Time        Epot        Ekin        Etot        Temp     MSD         Self_diff   LC_a      LC_b      LC_c      Volume      Pressure    DebyeT   Lindemann  
 fs          eV/atom     eV/atom     eV/atom     K        Å^2         mm^2/s      Å         Å         Å         Å^3/atom    Pa          K        1          
 500         -15.3841    0.0255      -15.3586    197.28   0.0         0.0         2.578     2.578     2.578     12.117    203822068992.55475 inf      0.0        
 600         -15.37198   0.0134      -15.35858   103.65   0.00144     0.0         2.578     2.578     2.578     12.117    202728289797.60492 732.16   0.00294    
 700         -15.37375   0.01516     -15.35859   117.3    0.00357     1e-05       2.578     2.578     2.578     12.117    202888624384.0747 494.48   0.00463    
 800         -15.37      0.01142     -15.35858   88.36    0.00744     2e-05       2.578     2.578     2.578     12.117    202573762049.1681 297.25   0.00669    
 900         -15.37155   0.01296     -15.35858   100.3    0.01236     2e-05       2.578     2.578     2.578     12.117    202697755121.5523 245.72   0.00862    
 1000        -15.37261   0.01403     -15.35858   108.54   0.01881     3e-05       2.578     2.578     2.578     12.117    202786418808.1401 207.2    0.01064    
 1100        -15.36995   0.01137     -15.35858   87.95    0.0269      4e-05       2.578     2.578     2.578     12.117    202571852076.76913 155.95   0.01272    
 1200        -15.37211   0.01353     -15.35858   104.63   0.03608     5e-05       2.578     2.578     2.578     12.117    202750385944.18073 146.87   0.01474    
 1300        -15.37469   0.0161      -15.35859   124.59   0.04662     6e-05       2.578     2.578     2.578     12.117    203001901021.9199 141.0    0.01675    
 1400        -15.37548   0.0169      -15.35859   130.71   0.05874     7e-05       2.578     2.578     2.578     12.117    203039720878.46005 128.65   0.0188     
 1500        -15.3724    0.01382     -15.35858   106.91   0.0725      8e-05       2.578     2.578     2.578     12.117    202762296331.70505 104.73   0.02089    

Time averages:
             Epot        Ekin        Etot        Temp     MSD         Self_diff   Pressure    Spec_heat   DebyeT   Lindemann  
             eV/atom     eV/atom     eV/atom     K        Å^2         mm^2/s      Pa          J/(K*Kg)    K        1          
             -15.37245   0.01387     -15.35858   107.29   0.02845     4e-05       202780100641.35748 214.66586   265.4    0.01174    