Material ID: 0172
Unit cell composition: Ni250
Material:  Ni
Site positions of initial unit cell:
 Ni          Ni         
 0.00000     0.00000    
 0.00000     0.00000    
 6.32249     8.58985    
Properties:
 Time        Epot        Ekin        Etot        Temp     MSD         Self_diff   LC_a      LC_b      LC_c      Volume      Pressure    DebyeT   Lindemann  
 fs          eV/atom     eV/atom     eV/atom     K        Å^2         mm^2/s      Å         Å         Å         Å^3/atom    Pa          K        1          
 500         -9.69544    0.02689     -9.66855    208.05   0.0         0.0         2.382     2.382     14.912    36.639    -31307067164.69046 inf      0.0        
 600         -10.20155   0.53209     -9.66946    4116.47  0.50318     0.0014      2.382     2.382     14.912    36.639    16238194958.33995 246.68   0.01856    
 700         -10.28816   0.61862     -9.66954    4785.9   0.5479      0.0013      2.382     2.382     14.912    36.639    9775375343.76585 254.9    0.01937    
 800         -10.32633   0.65654     -9.66979    5079.21  0.72666     0.00151     2.382     2.382     14.912    36.639    12620525924.52683 228.02   0.0223     
 900         -10.26952   0.60011     -9.66941    4642.67  0.81299     0.00151     2.382     2.382     14.912    36.639    14721915490.84688 206.1    0.02359    
 1000        -10.3147    0.64504     -9.66966    4990.26  0.82955     0.00138     2.382     2.382     14.912    36.639    12923710795.55473 211.53   0.02383    
 1100        -10.32378   0.65406     -9.66972    5060.0   0.94567     0.00143     2.382     2.382     14.912    36.639    13861560607.59573 199.5    0.02544    
 1200        -10.28404   0.61442     -9.66962    4753.35  1.13307     0.00157     2.382     2.382     14.912    36.639    14795676267.6603 176.65   0.02785    
 1300        -10.34095   0.67143     -9.66952    5194.43  1.09483     0.0014      2.382     2.382     14.912    36.639    12613382619.37058 187.86   0.02738    
 1400        -10.31511   0.64552     -9.66959    4993.98  1.19722     0.00143     2.382     2.382     14.912    36.639    12994989704.80426 176.15   0.02863    
 1500        -10.33418   0.6645      -9.66968    5140.8   1.20483     0.00134     2.382     2.382     14.912    36.639    12273358155.6562 178.15   0.02872    
 1600        -10.30622   0.63674     -9.66948    4926.02  1.31579     0.00137     2.382     2.382     14.912    36.639    12555140197.11016 166.88   0.03001    
 1700        -10.33097   0.66143     -9.66954    5117.04  1.39868     0.00137     2.382     2.382     14.912    36.639    13088070177.6351 164.96   0.03094    

Time averages:
             Epot        Ekin        Etot        Temp     MSD         Self_diff   Pressure    Spec_heat   DebyeT   Lindemann  
             eV/atom     eV/atom     eV/atom     K        Å^2         mm^2/s      Pa          J/(K*Kg)    K        1          
             -10.31458   0.64498     -9.6696     4989.78  1.06593     0.00142     13244832994.07608 212.80136   189.58   0.02687    