Material ID: 0251
Unit cell composition: Ni125
Material:  Ni
Site positions of initial unit cell:
 Ni         
 0.00000    
 0.00000    
 0.00000    
Properties:
 Time        Epot        Ekin        Etot        Temp     MSD         Self_diff   LC_a      LC_b      LC_c      Volume      Pressure    DebyeT   Lindemann  
 fs          eV/atom     eV/atom     eV/atom     K        Å^2         mm^2/s      Å         Å         Å         Å^3/atom    Pa          K        1          
 500         -16.52082   0.02859     -16.49224   221.15   0.0         0.0         2.368     2.368     2.368     10.223    10718433729.6103 inf      0.0        
 600         -16.548     0.05582     -16.49218   431.88   0.05889     0.00016     2.368     2.368     2.368     10.223    7352437285.01118 233.55   0.0205     
 700         -16.5643    0.0721      -16.4922    557.8    0.05192     0.00012     2.368     2.368     2.368     10.223    9809548989.15087 282.68   0.01924    
 800         -16.5706    0.07838     -16.49222   606.39   0.06805     0.00014     2.368     2.368     2.368     10.223    10543484142.94481 257.46   0.02203    
 900         -16.59374   0.10151     -16.49223   785.32   0.12415     0.00023     2.368     2.368     2.368     10.223    11359398165.39839 216.91   0.02976    
 1000        -16.6154    0.12314     -16.49225   952.69   0.15607     0.00026     2.368     2.368     2.368     10.223    11913355598.17892 213.08   0.03337    
 1100        -16.61462   0.1223      -16.49232   946.17   0.1877      0.00028     2.368     2.368     2.368     10.223    11418520407.83733 193.64   0.03659    
 1200        -16.61535   0.12301     -16.49234   951.66   0.21747     0.0003      2.368     2.368     2.368     10.223    11139747202.67498 180.42   0.03939    
 1300        -16.6125    0.12017     -16.49232   929.69   0.19669     0.00025     2.368     2.368     2.368     10.223    11353162182.76877 187.5    0.03746    
 1400        -16.61473   0.1224      -16.49232   946.96   0.2051      0.00024     2.368     2.368     2.368     10.223    11211190532.78676 185.32   0.03825    
 1500        -16.612     0.11968     -16.49232   925.89   0.23297     0.00026     2.368     2.368     2.368     10.223    10637709357.21422 171.93   0.04077    

Time averages:
             Epot        Ekin        Etot        Temp     MSD         Self_diff   Pressure    Spec_heat   DebyeT   Lindemann  
             eV/atom     eV/atom     eV/atom     K        Å^2         mm^2/s      Pa          J/(K*Kg)    K        1          
             -16.59612   0.10385     -16.49227   803.45   0.1499      0.00023     10673855386.39662 220.54498   212.25   0.03174    