Material ID: 0088
Unit cell composition: Ag375In125
Material:  Ag3In
Site positions of initial unitcell:
 Ag          Ag          Ag          In         
 0.00000     0.00000     2.12356     2.12356    
 0.00000     2.12356     2.12356     0.00000    
 0.00000     2.12356     0.00000     2.12356    
Properties:
 Time        Epot        Ekin        Etot        Temp     MSD         Self_diff   LC_a      LC_b      LC_c      Volume      Pressure   
 fs          eV/atom     eV/atom     eV/atom     K        Å^2         mm^2/s      Å         Å         Å         Å^3/atom    eV/Å^3     
 1500        -10.09362   0.02632     -10.0673    203.59   0.0         0.0         4.29      4.29      4.29      19.733    0.55782    
 1800        -10.08546   0.01817     -10.06729   140.55   0.00379     0.0         4.29      4.29      4.29      19.733    0.55492    
 2100        -10.08319   0.01591     -10.06728   123.05   0.00663     1e-05       4.29      4.29      4.29      19.733    0.55411    
 2400        -10.08151   0.01425     -10.06726   110.24   0.00988     1e-05       4.29      4.29      4.29      19.733    0.55339    
 2700        -10.08306   0.01578     -10.06728   122.11   0.01593     1e-05       4.29      4.29      4.29      19.733    0.55422    
 3000        -10.08373   0.01645     -10.06728   127.24   0.02272     1e-05       4.29      4.29      4.29      19.733    0.55439    
 3300        -10.08266   0.01539     -10.06727   119.03   0.03042     2e-05       4.29      4.29      4.29      19.733    0.55396    
 3600        -10.08156   0.01429     -10.06727   110.53   0.04108     2e-05       4.29      4.29      4.29      19.733    0.55357    
 3900        -10.08441   0.01713     -10.06728   132.53   0.05181     2e-05       4.29      4.29      4.29      19.733    0.55466    
 4200        -10.08311   0.01584     -10.06728   122.52   0.06496     3e-05       4.29      4.29      4.29      19.733    0.5542     
 4500        -10.08082   0.01355     -10.06727   104.84   0.07976     3e-05       4.29      4.29      4.29      19.733    0.55332    

Time averages:
             Epot        Ekin        Etot        Temp     MSD         Self_diff   Pressure    Spec_heat  
             eV/atom     eV/atom     eV/atom     K        Å^2         mm^2/s      eV/Å^3      J/(K*Kg)   
             -10.08295   0.01568     -10.06728   121.26   0.0327      2e-05       0.55407     -82.23545  