Material ID: 0100
Unit cell composition: Cu125
Material:  Cu
Site positions of initial unit cell:
 Cu         
 0.00000    
 0.00000    
 0.00000    
Properties:
 Time        Epot        Ekin        Etot        Temp     MSD         Self_diff   LC_a      LC_b      LC_c      Volume      Pressure    DebyeT   Lindemann  
 fs          eV/atom     eV/atom     eV/atom     K        Å^2         mm^2/s      Å         Å         Å         Å^3/atom    Pa          K        1          
 500         -14.03656   0.02666     -14.0099    206.23   0.0         0.0         2.388     2.388     2.388     10.487    -508630613937.097 inf      0.0        
 600         -14.14746   0.13764     -14.00982   1064.82  0.04038     0.00011     2.388     2.388     2.388     10.487    -505098825062.18365 425.66   0.01683    
 700         -14.16564   0.15581     -14.00982   1205.41  0.10137     0.00024     2.388     2.388     2.388     10.487    -504980860187.571 285.82   0.02666    
 800         -14.20449   0.19454     -14.00995   1505.06  0.13609     0.00028     2.388     2.388     2.388     10.487    -503187177042.77936 275.65   0.03089    
 900         -14.22122   0.21107     -14.01016   1632.87  0.15832     0.00029     2.388     2.388     2.388     10.487    -502027584663.2367 266.19   0.03332    
 1000        -14.19257   0.18248     -14.01009   1411.69  0.17653     0.00029     2.388     2.388     2.388     10.487    -504605035446.59607 234.4    0.03518    
 1100        -14.20144   0.19121     -14.01023   1479.3   0.18133     0.00027     2.388     2.388     2.388     10.487    -503573321641.6161 236.75   0.03566    
 1200        -14.19821   0.18799     -14.01022   1454.36  0.19661     0.00027     2.388     2.388     2.388     10.487    -504393163498.04755 225.44   0.03713    
 1300        -14.21927   0.209       -14.01027   1616.9   0.19579     0.00025     2.388     2.388     2.388     10.487    -502572999005.3614 238.2    0.03705    
 1400        -14.22073   0.21017     -14.01056   1625.97  0.18745     0.00022     2.388     2.388     2.388     10.487    -502240335470.0423 244.12   0.03626    
 1500        -14.20378   0.1934      -14.01039   1496.2   0.22967     0.00026     2.388     2.388     2.388     10.487    -504185059842.51306 211.56   0.04013    

Time averages:
             Epot        Ekin        Etot        Temp     MSD         Self_diff   Pressure    Spec_heat   DebyeT   Lindemann  
             eV/atom     eV/atom     eV/atom     K        Å^2         mm^2/s      Pa          J/(K*Kg)    K        1          
             -14.19748   0.18733     -14.01015   1449.26  0.16035     0.00026     -503686436185.9946 198.19974   264.38   0.03291    