Material ID: 0096
Unit cell composition: Ag125La125
Material:  AgLa
Site positions of initial unitcell:
 Ag          La         
 0.00000     1.92142    
 0.00000     1.92142    
 0.00000     1.92142    
Properties:
 Time        Epot        Ekin        Etot        Temp     MSD         Self_diff   LC_a      LC_b      LC_c      Volume      Pressure   
 fs          eV/atom     eV/atom     eV/atom     K        Å^2         mm^2/s      Å         Å         Å         Å^3/atom    eV/Å^3     
 1500        -15.6389    0.02692     -15.61198   208.3    0.0         0.0         3.804     3.804     3.804     27.532    -0.93212   
 1800        -15.63104   0.01917     -15.61187   148.29   0.00079     0.0         3.804     3.804     3.804     27.532    -0.9335    
 2100        -15.64327   0.03097     -15.6123    239.62   0.00202     0.0         3.804     3.804     3.804     27.532    -0.93132   
 2400        -15.65159   0.03907     -15.61252   302.28   0.00418     0.0         3.804     3.804     3.804     27.532    -0.92987   
 2700        -15.65061   0.03807     -15.61254   294.55   0.0073      0.0         3.804     3.804     3.804     27.532    -0.93003   
 3000        -15.63771   0.02561     -15.6121    198.1    0.01136     1e-05       3.804     3.804     3.804     27.532    -0.93232   
 3300        -15.62587   0.01418     -15.61169   109.71   0.01605     1e-05       3.804     3.804     3.804     27.532    -0.93442   
 3600        -15.62657   0.01491     -15.61166   115.35   0.02127     1e-05       3.804     3.804     3.804     27.532    -0.9343    
 3900        -15.63708   0.02504     -15.61204   193.72   0.02695     1e-05       3.804     3.804     3.804     27.532    -0.93243   
 4200        -15.64638   0.03397     -15.61241   262.78   0.0334      1e-05       3.804     3.804     3.804     27.532    -0.93077   
 4500        -15.65283   0.04018     -15.61265   310.83   0.0405      2e-05       3.804     3.804     3.804     27.532    -0.92961   

Time averages:
             Epot        Ekin        Etot        Temp     MSD         Self_diff   Pressure    Spec_heat  
             eV/atom     eV/atom     eV/atom     K        Å^2         mm^2/s      eV/Å^3      J/(K*Kg)   
             -15.6403    0.02812     -15.61218   217.52   0.01638     1e-05       -0.93186    -5.81821   