Material ID: 0091
Unit cell composition: Fe250
Material:  Fe
Site positions of initial unit cell:
 Fe          Fe         
 1.19209     0.00000    
 1.21211     0.00000    
 1.85485     0.00000    
Properties:
 Time        Epot        Ekin        Etot        Temp     MSD         Self_diff   LC_a      LC_b      LC_c      Volume      Pressure    DebyeT   Lindemann  
 fs          eV/atom     eV/atom     eV/atom     K        Å^2         mm^2/s      Å         Å         Å         Å^3/atom    Pa          K        1          
 500         -2.24143    0.02444     -2.217      189.05   0.0         0.0         2.277     2.277     3.487     9.043     -1094122504018.5035 inf      0.0        
 600         -3.55729    1.30195     -2.25534    10072.36 0.01208     3e-05       2.277     2.277     3.487     9.043     -985377314920.9226 2553.61  0.00926    
 700         -3.078      0.84219     -2.23581    6515.49  0.01767     4e-05       2.277     2.277     3.487     9.043     -1025061551068.5498 1697.87  0.0112     
 800         -3.21882    0.97823     -2.24059    7567.9   0.01752     4e-05       2.277     2.277     3.487     9.043     -1012370230485.6111 1837.79  0.01115    
 900         -3.06953    0.83259     -2.23693    6441.24  0.02316     4e-05       2.277     2.277     3.487     9.043     -1024488877354.7373 1474.6   0.01282    
 1000        -3.03252    0.79512     -2.2374     6151.3   0.0296      5e-05       2.277     2.277     3.487     9.043     -1027404033845.5367 1274.53  0.0145     
 1100        -2.90973    0.67445     -2.23528    5217.78  0.02916     4e-05       2.277     2.277     3.487     9.043     -1037451002411.6361 1182.71  0.01439    
 1200        -2.95709    0.72119     -2.23591    5579.36  0.0413      6e-05       2.277     2.277     3.487     9.043     -1033618419025.7842 1027.66  0.01712    
 1300        -2.98498    0.74873     -2.23625    5792.46  0.04366     6e-05       2.277     2.277     3.487     9.043     -1031324063078.3845 1018.44  0.01761    
 1400        -3.01232    0.77596     -2.23636    6003.06  0.05376     6e-05       2.277     2.277     3.487     9.043     -1029288386677.117 934.34   0.01954    
 1500        -3.03321    0.79657     -2.23664    6162.54  0.06094     7e-05       2.277     2.277     3.487     9.043     -1027629230783.1765 889.15   0.0208     
 1600        -3.02527    0.78777     -2.2375     6094.46  0.07275     8e-05       2.277     2.277     3.487     9.043     -1028092371015.6019 809.27   0.02273    
 1700        -2.99325    0.7564      -2.23684    5851.78  0.08481     8e-05       2.277     2.277     3.487     9.043     -1030713751284.5673 734.44   0.02454    
 1800        -2.98678    0.75102     -2.23576    5810.14  0.09368     9e-05       2.277     2.277     3.487     9.043     -1031306463379.9518 696.33   0.02579    
 1900        -2.92795    0.69291     -2.23504    5360.56  0.11101     0.0001      2.277     2.277     3.487     9.043     -1036130648937.3235 614.42   0.02808    
 2000        -2.9752     0.73883     -2.23636    5715.88  0.12244     0.0001      2.277     2.277     3.487     9.043     -1032227273083.3795 604.11   0.02949    
 2100        -2.98461    0.74862     -2.23599    5791.57  0.13901     0.00011     2.277     2.277     3.487     9.043     -1031483456301.5974 570.71   0.03142    
 2200        -2.96142    0.72627     -2.23515    5618.68  0.153       0.00012     2.277     2.277     3.487     9.043     -1033439666939.3914 535.81   0.03296    

Time averages:
             Epot        Ekin        Etot        Temp     MSD         Self_diff   Pressure    Spec_heat   DebyeT   Lindemann  
             eV/atom     eV/atom     eV/atom     K        Å^2         mm^2/s      Pa          J/(K*Kg)    K        1          
             -2.9885     0.75231     -2.23619    5820.11  0.09351     9e-05       -1031163531148.0491 223.7596    740.7    0.0253     