Material ID: 0090
Unit cell composition: Ag125Ca375
Material:  AgCa3
Site positions:
Ag                      Ca
0.0                      2.541192                      2.541192                      0.0                      
2.541192                      0.0                      2.541192                      0.0                      
2.541192                      2.541192                      0.0                      0.0                      
Properties:
 Time        Epot        Ekin        Etot        Temp     MSD         Self_diff   LC_a      LC_b      LC_c      Volume      Pressure   
 fs          eV/atom     eV/atom     eV/atom     K        Å^2         mm^2/s      Å         Å         Å         Å^3/atom    eV/Å^3     
 1500        -1.98461    0.02463     -1.95998    190.52   0.0         0.0         4.981     4.981     4.981     30.89     0.07368    
 1800        -1.97564    0.01567     -1.95998    121.22   0.03679     3e-05       4.981     4.981     4.981     30.89     0.06984    
 2100        -1.97449    0.01452     -1.95997    112.3    0.03491     3e-05       4.981     4.981     4.981     30.89     0.06994    
 2400        -1.9747     0.01472     -1.95997    113.91   0.0396      3e-05       4.981     4.981     4.981     30.89     0.06981    
 2700        -1.97514    0.01517     -1.95997    117.33   0.03448     2e-05       4.981     4.981     4.981     30.89     0.07023    
 3000        -1.97425    0.01427     -1.95997    110.43   0.04349     2e-05       4.981     4.981     4.981     30.89     0.06982    
 3300        -1.9745     0.01453     -1.95997    112.43   0.05132     3e-05       4.981     4.981     4.981     30.89     0.06996    
 3600        -1.97476    0.01479     -1.95997    114.38   0.05633     3e-05       4.981     4.981     4.981     30.89     0.06998    
 3900        -1.97506    0.01508     -1.95997    116.69   0.06747     3e-05       4.981     4.981     4.981     30.89     0.06967    
 4200        -1.97486    0.01489     -1.95997    115.22   0.09382     4e-05       4.981     4.981     4.981     30.89     0.06842    
 4500        -1.98404    0.02407     -1.95997    186.23   0.23701     9e-05       4.981     4.981     4.981     30.89     0.0626     

Time averages:
             Epot        Ekin        Etot        Temp     MSD         Self_diff   Pressure    Spec_heat  
             eV/atom     eV/atom     eV/atom     K        Å^2         mm^2/s      eV/Å^3      J/(K*Kg)   
             -1.97574    0.01577     -1.95997    122.01   0.06952     4e-05       0.06903     -23.15464  