Material ID: 0004
Unit cell composition: Ac125Ag125
Material:  AcAg
Site positions of initial unit cell:
 Ac          Ag         
 0.00000     1.98708    
 0.00000     1.98708    
 0.00000     1.98708    
Properties:
 Time        Epot        Ekin        Etot        Temp     MSD         Self_diff   LC_a      LC_b      LC_c      Volume      Pressure   
 fs          eV/atom     eV/atom     eV/atom     K        Å^2         mm^2/s      Å         Å         Å         Å^3/atom    eV/Å^3     
 1000        -15.59008   0.02573     -15.56436   199.02   0.0         0.0         4.133     4.133     4.133     35.303    0.09491    
 1200        -15.63515   0.07056     -15.56459   545.89   0.0015      0.0         4.133     4.133     4.133     35.303    0.10201    
 1400        -15.71883   0.15391     -15.56492   1190.7   0.0048      1e-05       4.133     4.133     4.133     35.303    0.11526    
 1600        -15.71287   0.14796     -15.5649    1144.68  0.01375     1e-05       4.133     4.133     4.133     35.303    0.11438    
 1800        -15.63871   0.07411     -15.56459   573.36   0.02409     2e-05       4.133     4.133     4.133     35.303    0.10264    
 2000        -15.58533   0.02097     -15.56436   162.25   0.03146     3e-05       4.133     4.133     4.133     35.303    0.0943     
 2200        -15.63004   0.06549     -15.56456   506.63   0.03205     2e-05       4.133     4.133     4.133     35.303    0.1014     
 2400        -15.69705   0.13223     -15.56482   1022.99  0.02951     2e-05       4.133     4.133     4.133     35.303    0.112      
 2600        -15.70725   0.14243     -15.56483   1101.86  0.02877     2e-05       4.133     4.133     4.133     35.303    0.11359    
 2800        -15.67035   0.1057      -15.56465   817.71   0.03218     2e-05       4.133     4.133     4.133     35.303    0.10772    
 3000        -15.64472   0.08018     -15.56454   620.26   0.03946     2e-05       4.133     4.133     4.133     35.303    0.10373    
 3200        -15.64999   0.08541     -15.56458   660.76   0.04982     3e-05       4.133     4.133     4.133     35.303    0.10467    
 3400        -15.65392   0.08929     -15.56463   690.76   0.0623      3e-05       4.133     4.133     4.133     35.303    0.10547    
 3600        -15.64756   0.08294     -15.56462   641.67   0.07494     3e-05       4.133     4.133     4.133     35.303    0.1046     
 3800        -15.64204   0.07744     -15.5646    599.09   0.08605     4e-05       4.133     4.133     4.133     35.303    0.10374    
 4000        -15.64797   0.08335     -15.56461   644.85   0.09459     4e-05       4.133     4.133     4.133     35.303    0.10456    
 4200        -15.65921   0.09455     -15.56466   731.45   0.1017      4e-05       4.133     4.133     4.133     35.303    0.1063     
 4400        -15.65866   0.094       -15.56466   727.23   0.10942     4e-05       4.133     4.133     4.133     35.303    0.10619    
 4600        -15.64693   0.0823      -15.56462   636.72   0.11906     4e-05       4.133     4.133     4.133     35.303    0.10439    

Time averages:
             Epot        Ekin        Etot        Temp     MSD         Self_diff   Pressure    Spec_heat  
             eV/atom     eV/atom     eV/atom     K        Å^2         mm^2/s      eV/Å^3      J/(K*Kg)   
             -15.65214   0.08752     -15.56462   677.05   0.07695     3e-05       0.10514     -179.22047 