Material ID: 0235
Unit cell composition: Ni250
Material:  Ni
Site positions of initial unit cell:
 Ni          Ni         
 -0.00000    1.23714    
 1.42853     0.71426    
 1.01755     3.05264    
Properties:
 Time        Epot        Ekin        Etot        Temp     MSD         Self_diff   LC_a      LC_b      LC_c      Volume      Pressure    DebyeT   Lindemann  
 fs          eV/atom     eV/atom     eV/atom     K        Å^2         mm^2/s      Å         Å         Å         Å^3/atom    Pa          K        1          
 500         -16.79362   0.02606     -16.76756   201.58   0.0         0.0         2.375     2.375     3.907     9.546     -136165380178.42072 inf      0.0        
 600         -17.05297   0.281       -16.77196   2173.95  0.00121     0.0         2.375     2.375     3.907     9.546     -112687103748.30849 3658.25  0.0027     
 700         -17.05389   0.28217     -16.77172   2182.96  0.00675     2e-05       2.375     2.375     3.907     9.546     -112729487442.92567 1550.83  0.00638    
 800         -16.83742   0.0693      -16.76812   536.14   0.01333     3e-05       2.375     2.375     3.907     9.546     -132147852043.87344 546.93   0.00896    
 900         -17.01199   0.24102     -16.77097   1864.58  0.01439     3e-05       2.375     2.375     3.907     9.546     -115797905251.36642 981.6    0.00931    
 1000        -16.98742   0.21762     -16.7698    1683.57  0.01596     3e-05       2.375     2.375     3.907     9.546     -118050406404.28587 885.78   0.00981    
 1100        -16.96683   0.19669     -16.77014   1521.65  0.02197     3e-05       2.375     2.375     3.907     9.546     -119671177101.3535 717.84   0.0115     
 1200        -16.97544   0.20521     -16.77023   1587.59  0.02803     4e-05       2.375     2.375     3.907     9.546     -118993600841.39815 649.11   0.013      
 1300        -16.9975    0.22709     -16.77041   1756.81  0.03367     4e-05       2.375     2.375     3.907     9.546     -117247483431.52705 623.0    0.01424    
 1400        -16.95402   0.18422     -16.7698    1425.22  0.04305     5e-05       2.375     2.375     3.907     9.546     -120869922088.01268 496.25   0.01611    
 1500        -16.97579   0.20574     -16.77005   1591.65  0.05173     6e-05       2.375     2.375     3.907     9.546     -118942981669.35715 478.39   0.01766    
 1600        -16.98258   0.21251     -16.77007   1644.04  0.06007     6e-05       2.375     2.375     3.907     9.546     -118383393680.63213 451.18   0.01903    
 1700        -16.96309   0.19318     -16.76992   1494.5   0.07047     7e-05       2.375     2.375     3.907     9.546     -120000279849.63898 397.16   0.02061    
 1800        -16.97427   0.20428     -16.76999   1580.37  0.08171     8e-05       2.375     2.375     3.907     9.546     -119211845565.50706 379.3    0.02219    
 1900        -16.971     0.20106     -16.76994   1555.44  0.09477     8e-05       2.375     2.375     3.907     9.546     -119492436103.76373 349.41   0.0239     

Time averages:
             Epot        Ekin        Etot        Temp     MSD         Self_diff   Pressure    Spec_heat   DebyeT   Lindemann  
             eV/atom     eV/atom     eV/atom     K        Å^2         mm^2/s      Pa          J/(K*Kg)    K        1          
             -16.97479   0.20476     -16.77004   1584.08  0.05014     6e-05       -119086352673.54764 213.41175   542.74   0.01681    