Material ID: 0163
Unit cell composition: Ni250
Material:  Ni
Site positions of initial unit cell:
 Ni          Ni         
 -0.00000    1.23714    
 1.42853     0.71426    
 1.01755     3.05264    
Properties:
 Time        Epot        Ekin        Etot        Temp     MSD         Self_diff   LC_a      LC_b      LC_c      Volume      Pressure    DebyeT   Lindemann  
 fs          eV/atom     eV/atom     eV/atom     K        Å^2         mm^2/s      Å         Å         Å         Å^3/atom    Pa          K        1          
 500         -16.16913   0.02473     -16.1444    191.32   0.0         0.0         2.524     2.524     4.152     11.45     180366636253.45572 inf      0.0        
 600         -16.17878   0.03431     -16.14447   265.4    0.00124     0.0         2.524     2.524     4.152     11.45     181502893591.0335 1263.44  0.00257    
 700         -16.16359   0.0192      -16.14439   148.56   0.00302     1e-05       2.524     2.524     4.152     11.45     179962449648.31046 604.5    0.00402    
 800         -16.1741    0.02965     -16.14444   229.42   0.0037      1e-05       2.524     2.524     4.152     11.45     181008470450.32776 678.7    0.00445    
 900         -16.17085   0.02643     -16.14442   204.5    0.00434     1e-05       2.524     2.524     4.152     11.45     180707867673.53552 591.87   0.00481    
 1000        -16.16307   0.01867     -16.1444    144.44   0.00673     1e-05       2.524     2.524     4.152     11.45     180033257498.95285 399.41   0.006      
 1100        -16.16957   0.02514     -16.14443   194.48   0.00977     1e-05       2.524     2.524     4.152     11.45     180774040230.4146 384.75   0.00722    
 1200        -16.1699    0.02549     -16.14441   197.17   0.01222     2e-05       2.524     2.524     4.152     11.45     180711378138.17023 346.37   0.00808    
 1300        -16.18059   0.03616     -16.14443   279.72   0.01417     2e-05       2.524     2.524     4.152     11.45     181664414046.3777 383.25   0.0087     
 1400        -16.17391   0.02949     -16.14442   228.16   0.01784     2e-05       2.524     2.524     4.152     11.45     181101941786.53897 308.42   0.00976    
 1500        -16.16743   0.02302     -16.14441   178.08   0.02166     2e-05       2.524     2.524     4.152     11.45     180574929275.16284 247.32   0.01075    

Time averages:
             Epot        Ekin        Etot        Temp     MSD         Self_diff   Pressure    Spec_heat   DebyeT   Lindemann  
             eV/atom     eV/atom     eV/atom     K        Å^2         mm^2/s      Pa          J/(K*Kg)    K        1          
             -16.17118   0.02676     -16.14442   206.99   0.00947     1e-05       180804164233.88245 225.15253   520.8    0.00664    