Material ID: 0165
Unit cell composition: Ni250
Material:  Ni
Site positions of initial unit cell:
 Ni          Ni         
 -0.00000    1.20834    
 1.39527     0.69764    
 5.74724     7.76811    
Properties:
 Time        Epot        Ekin        Etot        Temp     MSD         Self_diff   LC_a      LC_b      LC_c      Volume      Pressure    DebyeT   Lindemann  
 fs          eV/atom     eV/atom     eV/atom     K        Å^2         mm^2/s      Å         Å         Å         Å^3/atom    Pa          K        1          
 500         -10.60147   0.02634     -10.57513   203.77   0.0         0.0         2.32      2.32      12.975    30.24     -78195272348.26082 inf      0.0        
 600         -10.59399   0.01892     -10.57507   146.35   0.00583     2e-05       2.32      2.32      12.975    30.24     -71139371684.55302 432.06   0.00228    
 700         -10.76239   0.18728     -10.5751    1448.89  0.0724      0.00017     2.32      2.32      12.975    30.24     -60366979136.0537 385.82   0.00804    
 800         -10.8373    0.26196     -10.57534   2026.58  0.33168     0.00069     2.32      2.32      12.975    30.24     -30351507365.30627 213.19   0.01721    
 900         -10.93804   0.36259     -10.57545   2805.12  0.44983     0.00083     2.32      2.32      12.975    30.24     -14336526385.46947 215.37   0.02005    
 1000        -10.95964   0.38407     -10.57557   2971.28  0.54961     0.00092     2.32      2.32      12.975    30.24     -10485766194.49941 200.53   0.02216    
 1100        -10.95825   0.38285     -10.5754    2961.83  0.74334     0.00113     2.32      2.32      12.975    30.24     1168358607.94751 172.16   0.02577    
 1200        -10.94687   0.37142     -10.57545   2873.46  0.79724     0.00111     2.32      2.32      12.975    30.24     3189129766.20722 163.74   0.02669    
 1300        -10.93566   0.36019     -10.57547   2786.57  0.83504     0.00107     2.32      2.32      12.975    30.24     2124845395.92225 157.55   0.02731    
 1400        -10.9526    0.37718     -10.57542   2917.99  0.90723     0.00108     2.32      2.32      12.975    30.24     3972015892.57108 154.67   0.02847    
 1500        -10.9771    0.40154     -10.57556   3106.43  0.98492     0.00109     2.32      2.32      12.975    30.24     5644084824.84596 153.17   0.02966    

Time averages:
             Epot        Ekin        Etot        Temp     MSD         Self_diff   Pressure    Spec_heat   DebyeT   Lindemann  
             eV/atom     eV/atom     eV/atom     K        Å^2         mm^2/s      Pa          J/(K*Kg)    K        1          
             -10.88618   0.3108      -10.57538   2404.45  0.56771     0.0009      -17058171627.83879 261.07871   224.83   0.02076    