Material ID: 0077
Unit cell composition: Ag125Li125
Material:  AgLi
Site positions of initial unitcell:
 Ag          Li         
 1.59601     0.00000    
 1.59601     0.00000    
 1.59601     0.00000    
Properties:
 Time        Epot        Ekin        Etot        Temp     MSD         Self_diff   LC_a      LC_b      LC_c      Volume      Pressure   
 fs          eV/atom     eV/atom     eV/atom     K        Å^2         mm^2/s      Å         Å         Å         Å^3/atom    eV/Å^3     
 1500        -9.92586    0.0258      -9.90005    199.63   0.0         0.0         3.192     3.192     3.192     16.262    0.57012    
 1800        -9.91407    0.01463     -9.89943    113.2    0.03599     3e-05       3.192     3.192     3.192     16.262    0.56135    
 2100        -9.91682    0.01735     -9.89948    134.2    0.09342     7e-05       3.192     3.192     3.192     16.262    0.55856    
 2400        -9.91583    0.0164      -9.89943    126.86   0.09825     7e-05       3.192     3.192     3.192     16.262    0.55804    
 2700        -9.91625    0.01679     -9.89945    129.92   0.09519     6e-05       3.192     3.192     3.192     16.262    0.55946    
 3000        -9.91605    0.01665     -9.8994     128.84   0.13025     7e-05       3.192     3.192     3.192     16.262    0.55733    
 3300        -9.91685    0.01743     -9.89942    134.84   0.14708     7e-05       3.192     3.192     3.192     16.262    0.55755    
 3600        -9.91566    0.01628     -9.89938    125.94   0.1609      7e-05       3.192     3.192     3.192     16.262    0.55672    
 3900        -9.91746    0.01804     -9.89943    139.53   0.19334     8e-05       3.192     3.192     3.192     16.262    0.55683    
 4200        -9.91692    0.01748     -9.89944    135.25   0.22013     9e-05       3.192     3.192     3.192     16.262    0.55619    
 4500        -9.91722    0.01778     -9.89945    137.54   0.2246      8e-05       3.192     3.192     3.192     16.262    0.55739    

Time averages:
             Epot        Ekin        Etot        Temp     MSD         Self_diff   Pressure    Spec_heat  
             eV/atom     eV/atom     eV/atom     K        Å^2         mm^2/s      eV/Å^3      J/(K*Kg)   
             -9.91631    0.01688     -9.89943    130.61   0.13991     7e-05       0.55794     443.80616  