Material ID: 0188
Unit cell composition: Mg500
Material:  Mg
Site positions of initial unit cell:
 Mg          Mg          Mg          Mg         
 0.00000     -0.00000    0.00000     1.60186    
 0.00000     1.84967     0.00000     0.92483    
 0.00000     2.58032     5.16064     7.74097    
Properties:
 Time        Epot        Ekin        Etot        Temp     MSD         Self_diff   LC_a      LC_b      LC_c      Volume      Pressure    DebyeT   Lindemann  
 fs          eV/atom     eV/atom     eV/atom     K        Å^2         mm^2/s      Å         Å         Å         Å^3/atom    Pa          K        1          
 500         -0.38337    0.026       -0.35737    201.17   0.0         0.0         3.268     3.268     10.528    24.34     3978137075.47936 inf      0.0        
 600         -0.37807    0.0207      -0.35737    160.11   0.18515     0.00051     3.268     3.268     10.528    24.34     2838563267.26078 124.63   0.03724    
 700         -0.38472    0.02734     -0.35737    211.54   0.47158     0.00112     3.268     3.268     10.528    24.34     2411113626.29379 89.76    0.05944    
 800         -0.39051    0.03314     -0.35737    256.35   0.81978     0.00171     3.268     3.268     10.528    24.34     2124762945.94412 74.95    0.07837    
 900         -0.39603    0.03865     -0.35737    299.03   1.22802     0.00227     3.268     3.268     10.528    24.34     1773290795.02769 66.14    0.09592    
 1000        -0.40051    0.04313     -0.35737    333.69   1.66964     0.00278     3.268     3.268     10.528    24.34     1526400017.24158 59.92    0.11184    
 1100        -0.40423    0.04685     -0.35737    362.47   2.14266     0.00325     3.268     3.268     10.528    24.34     1411145170.27709 55.12    0.1267     
 1200        -0.40653    0.04915     -0.35737    380.27   2.65159     0.00368     3.268     3.268     10.528    24.34     1220143801.3142 50.75    0.14094    
 1300        -0.40989    0.05251     -0.35738    406.24   3.15329     0.00404     3.268     3.268     10.528    24.34     1130694192.72862 48.11    0.1537     
 1400        -0.41038    0.053       -0.35738    410.04   3.69578     0.0044      3.268     3.268     10.528    24.34     1097848242.91797 44.64    0.1664     
 1500        -0.41383    0.05645     -0.35738    436.76   4.2053      0.00467     3.268     3.268     10.528    24.34     1122623196.82537 43.19    0.1775     

Time averages:
             Epot        Ekin        Etot        Temp     MSD         Self_diff   Pressure    Spec_heat   DebyeT   Lindemann  
             eV/atom     eV/atom     eV/atom     K        Å^2         mm^2/s      Pa          J/(K*Kg)    K        1          
             -0.39947    0.04209     -0.35737    325.65   2.02228     0.0031      1665658525.58312 634.95996   65.72    0.11481    