Material ID: 0039
Unit cell composition: Ag125Hg375
Material:  AgHg3
Site positions of initial unitcell:
 Ag          Hg          Hg          Hg         
 0.00000     0.00000     2.25245     2.25245    
 0.00000     2.25245     0.00000     2.25245    
 0.00000     2.25245     2.25245     0.00000    
Properties:
 Time        Epot        Ekin        Etot        Temp     MSD         Self_diff   LC_a      LC_b      LC_c      Volume      Pressure   
 fs          eV/atom     eV/atom     eV/atom     K        Å^2         mm^2/s      Å         Å         Å         Å^3/atom    eV/Å^3     
 1500        -0.84404    0.02665     -0.8174     206.15   0.0         0.0         4.595     4.595     4.595     24.255    0.05994    
 1800        -0.94869    0.13125     -0.81744    1015.43  0.41495     0.00038     4.595     4.595     4.595     24.255    0.0344     
 2100        -1.03952    0.22204     -0.81748    1717.79  1.74002     0.00138     4.595     4.595     4.595     24.255    0.02058    
 2400        -1.12811    0.31057     -0.81754    2402.65  3.95314     0.00275     4.595     4.595     4.595     24.255    0.01566    
 2700        -1.19906    0.38141     -0.81765    2950.72  6.91802     0.00427     4.595     4.595     4.595     24.255    0.01401    
 3000        -1.30075    0.48299     -0.81776    3736.61  10.68851    0.00594     4.595     4.595     4.595     24.255    0.00681    
 3300        -1.38288    0.5652      -0.81768    4372.58  15.36391    0.00776     4.595     4.595     4.595     24.255    0.00408    
 3600        -1.40899    0.59129     -0.8177     4574.41  20.43414    0.00946     4.595     4.595     4.595     24.255    0.00175    
 3900        -1.48956    0.67193     -0.81763    5198.25  26.23621    0.01121     4.595     4.595     4.595     24.255    0.0041     
 4200        -1.52957    0.71157     -0.818      5504.98  33.02634    0.01311     4.595     4.595     4.595     24.255    -0.00215   
 4500        -1.58253    0.76447     -0.81806    5914.21  39.63165    0.01468     4.595     4.595     4.595     24.255    -0.00622   

Time averages:
             Epot        Ekin        Etot        Temp     MSD         Self_diff   Pressure    Spec_heat  
             eV/atom     eV/atom     eV/atom     K        Å^2         mm^2/s      eV/Å^3      J/(K*Kg)   
             -1.30097    0.48327     -0.81769    3738.76  15.84069    0.00784     0.0093      -1.19982   