Material ID: 0198
Unit cell composition: Mg125
Material:  Mg
Site positions of initial unit cell:
 Mg         
 0.00000    
 0.00000    
 0.00000    
Properties:
 Time        Epot        Ekin        Etot        Temp     MSD         Self_diff   LC_a      LC_b      LC_c      Volume      Pressure    DebyeT   Lindemann  
 fs          eV/atom     eV/atom     eV/atom     K        Å^2         mm^2/s      Å         Å         Å         Å^3/atom    Pa          K        1          
 500         -0.38472    0.02569     -0.35903    198.74   0.0         0.0         3.25      3.25      3.25      24.266    4021553646.10702 inf      0.0        
 600         -0.37961    0.02058     -0.35903    159.25   0.18192     0.00051     3.25      3.25      3.25      24.266    2929450933.30972 125.4    0.02625    
 700         -0.38373    0.0247      -0.35903    191.08   0.46575     0.00111     3.25      3.25      3.25      24.266    2377918033.00838 85.84    0.042      
 800         -0.387      0.02797     -0.35903    216.39   0.79196     0.00165     3.25      3.25      3.25      24.266    2103387093.74057 70.06    0.05477    
 900         -0.39181    0.03278     -0.35903    253.61   1.18573     0.0022      3.25      3.25      3.25      24.266    1990015052.1114 61.98    0.06702    
 1000        -0.3948     0.03577     -0.35903    276.75   1.58531     0.00264     3.25      3.25      3.25      24.266    1676181412.5536 56.0     0.07749    
 1100        -0.4016     0.04257     -0.35903    329.34   1.98292     0.003       3.25      3.25      3.25      24.266    1576719865.88849 54.62    0.08667    
 1200        -0.40292    0.04389     -0.35903    339.53   2.38485     0.00331     3.25      3.25      3.25      24.266    1329246204.98879 50.57    0.09504    
 1300        -0.4067     0.04767     -0.35903    368.78   2.64484     0.00339     3.25      3.25      3.25      24.266    1291461719.88976 50.05    0.10009    
 1400        -0.40825    0.04922     -0.35903    380.78   2.91131     0.00347     3.25      3.25      3.25      24.266    1436566717.42629 48.47    0.10501    
 1500        -0.41167    0.05264     -0.35903    407.26   3.25862     0.00362     3.25      3.25      3.25      24.266    1447376666.61616 47.38    0.1111     

Time averages:
             Epot        Ekin        Etot        Temp     MSD         Self_diff   Pressure    Spec_heat   DebyeT   Lindemann  
             eV/atom     eV/atom     eV/atom     K        Å^2         mm^2/s      Pa          J/(K*Kg)    K        1          
             -0.39681    0.03778     -0.35903    292.28   1.73932     0.00271     1815832369.95332 540.97326   65.04    0.07654    