Material ID: 0162
Unit cell composition: Ni250
Material:  Ni
Site positions of initial unit cell:
 Ni          Ni         
 -0.00000    1.23714    
 1.42853     0.71426    
 1.01755     3.05264    
Properties:
 Time        Epot        Ekin        Etot        Temp     MSD         Self_diff   LC_a      LC_b      LC_c      Volume      Pressure    DebyeT   Lindemann  
 fs          eV/atom     eV/atom     eV/atom     K        Å^2         mm^2/s      Å         Å         Å         Å^3/atom    Pa          K        1          
 500         -16.86453   0.02657     -16.83796   205.59   0.0         0.0         2.474     2.474     4.07      10.79     135418657164.73874 inf      0.0        
 600         -16.85155   0.01365     -16.8379    105.6    0.00073     0.0         2.474     2.474     4.07      10.79     134308573593.07697 1038.46  0.00201    
 700         -16.84984   0.01194     -16.8379    92.38    0.00169     0.0         2.474     2.474     4.07      10.79     134174668348.7785 637.54   0.00306    
 800         -16.84963   0.01173     -16.8379    90.73    0.00328     1e-05       2.474     2.474     4.07      10.79     134144458403.55093 453.69   0.00427    
 900         -16.85113   0.01323     -16.8379    102.33   0.00537     1e-05       2.474     2.474     4.07      10.79     134275181339.05087 376.55   0.00546    
 1000        -16.85026   0.01236     -16.8379    95.63    0.00819     1e-05       2.474     2.474     4.07      10.79     134194633869.25957 294.79   0.00674    
 1100        -16.85217   0.01426     -16.83791   110.33   0.0116      2e-05       2.474     2.474     4.07      10.79     134363462918.0647 266.04   0.00802    
 1200        -16.85141   0.01351     -16.8379    104.5    0.01567     2e-05       2.474     2.474     4.07      10.79     134293026134.88223 222.7    0.00933    
 1300        -16.85058   0.01268     -16.8379    98.07    0.02036     3e-05       2.474     2.474     4.07      10.79     134242007073.55849 189.26   0.01063    
 1400        -16.8508    0.01289     -16.8379    99.76    0.02562     3e-05       2.474     2.474     4.07      10.79     134240670073.572 170.17   0.01193    
 1500        -16.85153   0.01362     -16.83791   105.39   0.03148     3e-05       2.474     2.474     4.07      10.79     134298500719.39674 157.8    0.01322    

Time averages:
             Epot        Ekin        Etot        Temp     MSD         Self_diff   Pressure    Spec_heat   DebyeT   Lindemann  
             eV/atom     eV/atom     eV/atom     K        Å^2         mm^2/s      Pa          J/(K*Kg)    K        1          
             -16.85089   0.01299     -16.8379    100.47   0.0124      2e-05       134253518247.31909 213.49678   380.7    0.00747    