Material ID: 0083
Unit cell composition: Cu125
Material:  Cu
Site positions of initial unit cell:
 Cu         
 0.00000    
 0.00000    
 0.00000    
Properties:
 Time        Epot        Ekin        Etot        Temp     MSD         Self_diff   LC_a      LC_b      LC_c      Volume      Pressure    DebyeT   Lindemann  
 fs          eV/atom     eV/atom     eV/atom     K        Å^2         mm^2/s      Å         Å         Å         Å^3/atom    eV/Å^3      K        1          
 1000        -16.25472   0.02457     -16.23015   190.1    0.0         0.0         2.541     2.541     2.541     12.602    0.2637      inf      0.0        
 1200        -16.31938   0.08934     -16.23004   691.15   0.05286     7e-05       2.541     2.541     2.541     12.602    0.27717     299.71   0.01809    
 1400        -16.34392   0.11349     -16.23044   877.98   0.0858      0.0001      2.541     2.541     2.541     12.602    0.28468     265.14   0.02305    
 1600        -16.36244   0.13208     -16.23036   1021.78  0.1232      0.00013     2.541     2.541     2.541     12.602    0.28452     238.71   0.02762    
 1800        -16.34915   0.1188      -16.23036   919.07   0.14636     0.00014     2.541     2.541     2.541     12.602    0.27906     207.7    0.03011    
 2000        -16.34432   0.11378     -16.23054   880.25   0.17771     0.00015     2.541     2.541     2.541     12.602    0.27912     184.48   0.03317    
 2200        -16.35698   0.12643     -16.23055   978.13   0.2069      0.00016     2.541     2.541     2.541     12.602    0.28445     180.22   0.0358     
 2400        -16.35422   0.12382     -16.2304    957.94   0.25962     0.00018     2.541     2.541     2.541     12.602    0.28051     159.22   0.0401     
 2600        -16.3524    0.12182     -16.23058   942.47   0.32625     0.00021     2.541     2.541     2.541     12.602    0.28077     140.88   0.04495    
 2800        -16.3518    0.1213      -16.2305    938.42   0.3725      0.00022     2.541     2.541     2.541     12.602    0.27962     131.56   0.04803    
 3000        -16.34561   0.11523     -16.23039   891.44   0.41971     0.00023     2.541     2.541     2.541     12.602    0.27951     120.8    0.05098    
 3200        -16.35477   0.12424     -16.23053   961.19   0.51754     0.00027     2.541     2.541     2.541     12.602    0.28113     112.96   0.05661    

Time averages:
             Epot        Ekin        Etot        Temp     MSD         Self_diff   Pressure    Spec_heat   DebyeT   Lindemann  
             eV/atom     eV/atom     eV/atom     K        Å^2         mm^2/s      eV/Å^3      J/(K*Kg)    K        1          
             -16.35156   0.1211      -16.23047   936.87   0.26356     0.00019     0.28134     239.55823   174.17   0.03904    