Material ID: 0191
Unit cell composition: Mg375
Material:  Mg
Site positions of initial unit cell:
 Mg          Mg          Mg         
 0.00000     4.95089     17.32955   
 0.00000     1.03261     3.61442    
 0.00000     0.61347     2.14732    
Properties:
 Time        Epot        Ekin        Etot        Temp     MSD         Self_diff   LC_a      LC_b      LC_c      Volume      Pressure    DebyeT   Lindemann  
 fs          eV/atom     eV/atom     eV/atom     K        Å^2         mm^2/s      Å         Å         Å         Å^3/atom    Pa          K        1          
 500         -0.46295    0.02634     -0.43661    203.78   0.0         0.0         7.707     7.707     7.707     21.412    4501784592.863 inf      0.0        
 600         -0.4514     0.01479     -0.43661    114.44   0.12764     0.00035     7.707     7.707     7.707     21.412    3724545209.78478 126.9    4e-05      
 700         -0.4527     0.01609     -0.43661    124.48   0.23118     0.00055     7.707     7.707     7.707     21.412    3627345154.23235 98.35    5e-05      
 800         -0.45527    0.01866     -0.43661    144.38   0.27633     0.00058     7.707     7.707     7.707     21.412    3526948106.92597 96.88    5e-05      
 900         -0.45646    0.01984     -0.43661    153.52   0.35866     0.00066     7.707     7.707     7.707     21.412    3317782303.5781 87.69    6e-05      
 1000        -0.45834    0.02173     -0.43661    168.12   0.46675     0.00078     7.707     7.707     7.707     21.412    3152300135.9729 80.44    7e-05      
 1100        -0.46043    0.02382     -0.43661    184.26   0.60533     0.00092     7.707     7.707     7.707     21.412    2865170361.38198 73.94    8e-05      
 1200        -0.46148    0.02487     -0.43661    192.37   0.78661     0.00109     7.707     7.707     7.707     21.412    2597075290.49467 66.28    9e-05      
 1300        -0.46621    0.02959     -0.43661    228.94   1.01407     0.0013      7.707     7.707     7.707     21.412    2452481370.69628 63.68    0.0001     
 1400        -0.46737    0.03076     -0.43661    237.97   1.3293      0.00158     7.707     7.707     7.707     21.412    2204236189.73992 56.71    0.00012    
 1500        -0.46929    0.03268     -0.43661    252.83   1.72169     0.00191     7.707     7.707     7.707     21.412    2000919834.12427 51.36    0.00013    

Time averages:
             Epot        Ekin        Etot        Temp     MSD         Self_diff   Pressure    Spec_heat   DebyeT   Lindemann  
             eV/atom     eV/atom     eV/atom     K        Å^2         mm^2/s      Pa          J/(K*Kg)    K        1          
             -0.4599     0.02328     -0.43661    180.13   0.69176     0.00104     2946880395.69312 588.27338   80.22    8e-05      