Material ID: 0156
Unit cell composition: Co500
Material:  Co
Site positions of initial unit cell:
 Co          Co          Co          Co         
 1.24425     0.00089     1.24397     0.00060    
 5.11995     7.07152     1.05506     3.00645    
 0.71800     1.43624     0.71800     1.43624    
Properties:
 Time        Epot        Ekin        Etot        Temp     MSD         Self_diff   LC_a      LC_b      LC_c      Volume      Pressure    DebyeT   Lindemann  
 fs          eV/atom     eV/atom     eV/atom     K        Å^2         mm^2/s      Å         Å         Å         Å^3/atom    Pa          K        1          
 500         -10.50956   0.02418     -10.48538   187.09   0.0         0.0         2.437     7.964     2.437     10.244    -33446710208.35396 inf      0.0        
 600         -10.52093   0.03554     -10.48538   274.97   0.0013      0.0         2.437     7.964     2.437     10.244    -32271711349.00071 1250.28  0.00419    
 700         -10.54659   0.06117     -10.48542   473.2    0.00235     1e-05       2.437     7.964     2.437     10.244    -29790133536.06241 1220.81  0.00563    
 800         -10.55328   0.06783     -10.48545   524.72   0.00362     1e-05       2.437     7.964     2.437     10.244    -29027397267.41823 1036.94  0.00698    
 900         -10.55418   0.06865     -10.48552   531.14   0.00689     1e-05       2.437     7.964     2.437     10.244    -29136697180.9035 755.93   0.00963    
 1000        -10.52688   0.04139     -10.48549   320.21   0.01049     2e-05       2.437     7.964     2.437     10.244    -31668527971.62998 475.52   0.01189    
 1100        -10.51375   0.02834     -10.48541   219.23   0.01216     2e-05       2.437     7.964     2.437     10.244    -32816972630.4715 365.51   0.0128     
 1200        -10.54313   0.05764     -10.48549   445.93   0.01307     2e-05       2.437     7.964     2.437     10.244    -30133914701.13556 502.66   0.01327    
 1300        -10.56836   0.08277     -10.48559   640.34   0.01395     2e-05       2.437     7.964     2.437     10.244    -27745402132.87098 583.08   0.01371    
 1400        -10.57341   0.08776     -10.48566   678.91   0.01498     2e-05       2.437     7.964     2.437     10.244    -27122557199.93936 579.42   0.0142     
 1500        -10.56867   0.08301     -10.48566   642.21   0.01746     2e-05       2.437     7.964     2.437     10.244    -27464587318.14826 522.05   0.01533    

Time averages:
             Epot        Ekin        Etot        Temp     MSD         Self_diff   Pressure    Spec_heat   DebyeT   Lindemann  
             eV/atom     eV/atom     eV/atom     K        Å^2         mm^2/s      Pa          J/(K*Kg)    K        1          
             -10.54692   0.06141     -10.48551   475.09   0.00963     2e-05       -29717790128.75805 291.88497   729.22   0.01076    