Material ID: 0248
Unit cell composition: Ni250
Material:  Ni
Site positions of initial unit cell:
 Ni          Ni         
 0.00000     0.00000    
 0.00000     0.00000    
 6.32249     8.58985    
Properties:
 Time        Epot        Ekin        Etot        Temp     MSD         Self_diff   LC_a      LC_b      LC_c      Volume      Pressure    DebyeT   Lindemann  
 fs          eV/atom     eV/atom     eV/atom     K        Å^2         mm^2/s      Å         Å         Å         Å^3/atom    Pa          K        1          
 500         -9.79039    0.02704     -9.76335    209.22   0.0         0.0         2.43      2.43      15.211    38.882    -10875374063.74633 inf      0.0        
 600         -10.11236   0.34864     -9.76373    2697.16  0.21754     0.0006      2.43      2.43      15.211    38.882    10050161526.66466 303.68   0.01196    
 700         -10.47386   0.70938     -9.76448    5488.0   0.46621     0.00111     2.43      2.43      15.211    38.882    3318903329.94999 295.91   0.01751    
 800         -10.51103   0.74622     -9.76481    5773.05  0.63991     0.00133     2.43      2.43      15.211    38.882    1764458466.06584 259.05   0.02052    
 900         -10.48737   0.72267     -9.7647     5590.84  0.67912     0.00126     2.43      2.43      15.211    38.882    2451201708.41729 247.46   0.02114    
 1000        -10.53678   0.77235     -9.76443    5975.19  0.7313      0.00122     2.43      2.43      15.211    38.882    4583963587.44916 246.53   0.02194    
 1100        -10.46357   0.6991      -9.76447    5408.49  0.79772     0.00121     2.43      2.43      15.211    38.882    2217366249.95689 224.57   0.02291    
 1200        -10.5035    0.73897     -9.76454    5716.9   0.83079     0.00115     2.43      2.43      15.211    38.882    3776351184.65036 226.24   0.02338    
 1300        -10.49874   0.73411     -9.76464    5679.3   0.79984     0.00103     2.43      2.43      15.211    38.882    2253981066.77731 229.82   0.02294    
 1400        -10.52951   0.76463     -9.76488    5915.43  0.89599     0.00107     2.43      2.43      15.211    38.882    2899665929.50585 221.6    0.02428    
 1500        -10.53843   0.77357     -9.76487    5984.57  0.92403     0.00103     2.43      2.43      15.211    38.882    3690256666.97799 219.49   0.02466    
 1600        -10.5172    0.75269     -9.76451    5823.09  0.9993      0.00104     2.43      2.43      15.211    38.882    1796633307.20471 208.19   0.02564    
 1700        -10.51053   0.74573     -9.7648     5769.25  0.99417     0.00097     2.43      2.43      15.211    38.882    1856952680.76123 207.76   0.02558    

Time averages:
             Epot        Ekin        Etot        Temp     MSD         Self_diff   Pressure    Spec_heat   DebyeT   Lindemann  
             eV/atom     eV/atom     eV/atom     K        Å^2         mm^2/s      Pa          J/(K*Kg)    K        1          
             -10.50967   0.745       -9.76467    5763.61  0.82922     0.00111     2729083084.77666 212.73261   229.07   0.0233     