Material ID: 0170
Unit cell composition: Ni250
Material:  Ni
Site positions of initial unit cell:
 Ni          Ni         
 0.00000     0.00000    
 0.00000     0.00000    
 6.32249     8.58985    
Properties:
 Time        Epot        Ekin        Etot        Temp     MSD         Self_diff   LC_a      LC_b      LC_c      Volume      Pressure    DebyeT   Lindemann  
 fs          eV/atom     eV/atom     eV/atom     K        Å^2         mm^2/s      Å         Å         Å         Å^3/atom    Pa          K        1          
 500         -8.32667    0.02492     -8.30175    192.77   0.0         0.0         2.287     2.287     14.316    32.416    -112617485131.3604 inf      0.0        
 600         -9.30725    1.00405     -8.3032     7767.65  1.26182     0.00351     2.287     2.287     14.316    32.416    13845238205.85568 213.98   0.03061    
 700         -9.52369    1.22034     -8.30334    9440.99  1.41732     0.00337     2.287     2.287     14.316    32.416    10968399476.46571 222.59   0.03245    
 800         -9.54851    1.24533     -8.30319    9634.28  1.91456     0.00399     2.287     2.287     14.316    32.416    13759866385.24772 193.47   0.03771    
 900         -9.48876    1.18567     -8.30309    9172.76  2.31068     0.00428     2.287     2.287     14.316    32.416    9273119330.86164 171.84   0.04143    
 1000        -9.59299    1.28939     -8.3036     9975.18  2.72961     0.00455     2.287     2.287     14.316    32.416    16351391236.44102 164.87   0.04503    
 1100        -9.59085    1.28766     -8.30319    9961.81  3.10345     0.0047      2.287     2.287     14.316    32.416    11744960869.27371 154.52   0.04801    
 1200        -9.54777    1.24451     -8.30326    9627.94  3.73798     0.00519     2.287     2.287     14.316    32.416    14572192061.25212 138.42   0.05269    
 1300        -9.48736    1.18434     -8.30302    9162.44  4.23004     0.00542     2.287     2.287     14.316    32.416    16689441525.63538 126.93   0.05605    
 1400        -9.51528    1.21179     -8.30349    9374.84  4.55674     0.00542     2.287     2.287     14.316    32.416    14541450056.87276 123.71   0.05818    
 1500        -9.4723     1.16927     -8.30303    9045.86  4.9577      0.00551     2.287     2.287     14.316    32.416    14411846784.52356 116.5    0.06068    
 1600        -9.45925    1.15642     -8.30282    8946.48  5.56888     0.0058      2.287     2.287     14.316    32.416    16022809853.55754 109.31   0.06432    
 1700        -9.38038    1.07749     -8.30289    8335.81  6.09797     0.00598     2.287     2.287     14.316    32.416    11079895401.60655 100.84   0.0673     

Time averages:
             Epot        Ekin        Etot        Temp     MSD         Self_diff   Pressure    Spec_heat   DebyeT   Lindemann  
             eV/atom     eV/atom     eV/atom     K        Å^2         mm^2/s      Pa          J/(K*Kg)    K        1          
             -9.50835    1.20519     -8.30316    9323.74  3.92076     0.00521     13844697350.5272 213.23035   140.04   0.05314    