Material ID: 0173
Unit cell composition: Ni250
Material:  Ni
Site positions of initial unit cell:
 Ni          Ni         
 0.00000     0.00000    
 0.00000     0.00000    
 6.32249     8.58985    
Properties:
 Time        Epot        Ekin        Etot        Temp     MSD         Self_diff   LC_a      LC_b      LC_c      Volume      Pressure    DebyeT   Lindemann  
 fs          eV/atom     eV/atom     eV/atom     K        Å^2         mm^2/s      Å         Å         Å         Å^3/atom    Pa          K        1          
 500         -9.79039    0.02436     -9.76603    188.48   0.0         0.0         2.43      2.43      15.211    38.882    -10875374063.74633 inf      0.0        
 600         -10.10875   0.34233     -9.76642    2648.4   0.20931     0.00058     2.43      2.43      15.211    38.882    10082048154.22484 306.78   0.01174    
 700         -10.37787   0.61077     -9.7671     4725.13  0.43158     0.00103     2.43      2.43      15.211    38.882    5337760479.61436 285.37   0.01685    
 800         -10.48551   0.71828     -9.76723    5556.86  0.61696     0.00129     2.43      2.43      15.211    38.882    3790337979.57622 258.84   0.02015    
 900         -10.52312   0.75577     -9.76735    5846.91  0.69998     0.0013      2.43      2.43      15.211    38.882    4646992655.56912 249.26   0.02146    
 1000        -10.48402   0.71683     -9.76719    5545.68  0.7743      0.00129     2.43      2.43      15.211    38.882    4012126566.75066 230.81   0.02257    
 1100        -10.49423   0.72684     -9.7674     5623.07  0.7583      0.00115     2.43      2.43      15.211    38.882    4683156039.86702 234.86   0.02234    
 1200        -10.5133    0.74585     -9.76745    5770.18  0.79666     0.00111     2.43      2.43      15.211    38.882    4902655865.90643 232.11   0.0229     
 1300        -10.51781   0.75059     -9.76723    5806.81  0.82801     0.00106     2.43      2.43      15.211    38.882    4744186027.83475 228.4    0.02334    
 1400        -10.53377   0.7662      -9.76757    5927.59  0.83868     0.001       2.43      2.43      15.211    38.882    3728523106.23689 229.29   0.02349    
 1500        -10.50646   0.73934     -9.76712    5719.77  0.89346     0.00099     2.43      2.43      15.211    38.882    4299312923.45675 218.22   0.02425    
 1600        -10.50374   0.73641     -9.76734    5697.1   0.91428     0.00095     2.43      2.43      15.211    38.882    2826356849.26591 215.29   0.02453    
 1700        -10.53805   0.77068     -9.76737    5962.25  0.93257     0.00091     2.43      2.43      15.211    38.882    3987333249.84672 218.07   0.02477    

Time averages:
             Epot        Ekin        Etot        Temp     MSD         Self_diff   Pressure    Spec_heat   DebyeT   Lindemann  
             eV/atom     eV/atom     eV/atom     K        Å^2         mm^2/s      Pa          J/(K*Kg)    K        1          
             -10.51      0.74268     -9.76733    5745.62  0.80532     0.00108     4162098126.43105 212.65052   231.52   0.02298    