Material ID: 0241
Unit cell composition: Ni250
Material:  Ni
Site positions of initial unit cell:
 Ni          Ni         
 -0.00000    1.20834    
 1.39527     0.69764    
 5.74724     7.76811    
Properties:
 Time        Epot        Ekin        Etot        Temp     MSD         Self_diff   LC_a      LC_b      LC_c      Volume      Pressure    DebyeT   Lindemann  
 fs          eV/atom     eV/atom     eV/atom     K        Å^2         mm^2/s      Å         Å         Å         Å^3/atom    Pa          K        1          
 500         -11.24248   0.02723     -11.21526   210.63   0.0         0.0         2.368     2.368     13.245    32.17     -33545617490.57143 inf      0.0        
 600         -11.22736   0.01221     -11.21515   94.44    0.00301     1e-05       2.368     2.368     13.245    32.17     -32674358924.07386 483.12   0.00161    
 700         -11.22863   0.01345     -11.21518   104.05   0.00996     2e-05       2.368     2.368     13.245    32.17     -32471507422.73412 278.72   0.00292    
 800         -11.22753   0.01236     -11.21517   95.59    0.02104     4e-05       2.368     2.368     13.245    32.17     -33409954684.50246 183.82   0.00425    
 900         -11.22915   0.01399     -11.21516   108.2    0.03586     7e-05       2.368     2.368     13.245    32.17     -32925530423.39477 149.82   0.00554    
 1000        -11.23117   0.01599     -11.21519   123.68   0.05547     9e-05       2.368     2.368     13.245    32.17     -32885133428.9604 128.79   0.0069     
 1100        -11.22791   0.01275     -11.21517   98.62    0.08003     0.00012     2.368     2.368     13.245    32.17     -33297971447.47012 95.74    0.00828    
 1200        -11.22959   0.01441     -11.21518   111.52   0.10916     0.00015     2.368     2.368     13.245    32.17     -32611399834.55195 87.17    0.00967    
 1300        -11.23127   0.01608     -11.21519   124.36   0.14214     0.00018     2.368     2.368     13.245    32.17     -33048451572.04258 80.67    0.01104    
 1400        -11.22781   0.01266     -11.21515   97.96    0.17916     0.00021     2.368     2.368     13.245    32.17     -33288329542.6916 63.77    0.01239    
 1500        -11.23221   0.01702     -11.21519   131.68   0.22071     0.00025     2.368     2.368     13.245    32.17     -32646122011.14142 66.62    0.01376    

Time averages:
             Epot        Ekin        Etot        Temp     MSD         Self_diff   Pressure    Spec_heat   DebyeT   Lindemann  
             eV/atom     eV/atom     eV/atom     K        Å^2         mm^2/s      Pa          J/(K*Kg)    K        1          
             -11.22926   0.01409     -11.21517   109.01   0.08565     0.00013     -32925875929.15633 216.41962   161.82   0.00764    