Material ID: 0148
Unit cell composition: Co250
Material:  Co
Site positions of initial unit cell:
 Co          Co         
 -0.00000    1.25039    
 1.44383     0.72191    
 1.00833     3.02500    
Properties:
 Time        Epot        Ekin        Etot        Temp     MSD         Self_diff   LC_a      LC_b      LC_c      Volume      Pressure    DebyeT   Lindemann  
 fs          eV/atom     eV/atom     eV/atom     K        Å^2         mm^2/s      Å         Å         Å         Å^3/atom    Pa          K        1          
 500         -10.20888   0.02484     -10.18403   192.21   0.0         0.0         2.551     2.551     4.114     11.591    90616979340.99504 inf      0.0        
 600         -10.20247   0.01843     -10.18403   142.61   0.00097     0.0         2.551     2.551     4.114     11.591    90123754870.03394 1042.51  0.00228    
 700         -10.20901   0.02494     -10.18407   192.96   0.00132     0.0         2.551     2.551     4.114     11.591    90724846532.76717 1042.24  0.00265    
 800         -10.21612   0.03203     -10.1841    247.78   0.00164     0.0         2.551     2.551     4.114     11.591    91339626549.60097 1059.18  0.00296    
 900         -10.20888   0.02481     -10.18407   191.93   0.00263     0.0         2.551     2.551     4.114     11.591    90715817032.99452 734.72   0.00375    
 1000        -10.20312   0.01909     -10.18403   147.71   0.00273     0.0         2.551     2.551     4.114     11.591    90196108069.91602 633.28   0.00382    
 1100        -10.20153   0.01751     -10.18403   135.46   0.0034      1e-05       2.551     2.551     4.114     11.591    90069572457.9773 542.98   0.00426    
 1200        -10.20785   0.02379     -10.18406   184.07   0.00351     0.0         2.551     2.551     4.114     11.591    90640301690.84927 623.14   0.00433    
 1300        -10.21349   0.02941     -10.18408   227.51   0.0031      0.0         2.551     2.551     4.114     11.591    91121412604.0358 737.78   0.00407    
 1400        -10.21285   0.02878     -10.18407   222.67   0.00331     0.0         2.551     2.551     4.114     11.591    91057103407.00871 705.79   0.00421    
 1500        -10.20335   0.01931     -10.18404   149.4    0.0036      0.0         2.551     2.551     4.114     11.591    90241154904.71243 554.38   0.00439    

Time averages:
             Epot        Ekin        Etot        Temp     MSD         Self_diff   Pressure    Spec_heat   DebyeT   Lindemann  
             eV/atom     eV/atom     eV/atom     K        Å^2         mm^2/s      Pa          J/(K*Kg)    K        1          
             -10.20787   0.02381     -10.18406   184.21   0.00262     0.0         90622969811.9896 224.11334   767.6    0.00367    