Material ID: 0012
Unit cell composition: Ag500
Material:  Ag
Site positions of initial unit cell:
 Ag          Ag          Ag          Ag         
 0.00000     0.00000     -0.00000    1.47560    
 0.00000     0.00000     1.70388     0.85194    
 0.00000     4.79288     2.39644     7.18932    
Properties:
 Time        Epot        Ekin        Etot        Temp     MSD         Self_diff   LC_a      LC_b      LC_c      Volume      Pressure    DebyeT   Lindemann  
 fs          eV/atom     eV/atom     eV/atom     K        Å^2         mm^2/s      Å         Å         Å         Å^3/atom    Pa          K        1          
 500         -13.00179   0.02466     -12.97712   190.81   0.0         0.0         2.951     2.951     9.586     18.076    87101480458.2628 inf      0.0        
 600         -12.98699   0.00988     -12.97711   76.4     0.0013      0.0         2.951     2.951     9.586     18.076    86377530339.19487 488.27   0.00345    
 700         -12.98989   0.01278     -12.97712   98.86    0.0016      0.0         2.951     2.951     9.586     18.076    86548516550.9478 500.18   0.00383    
 800         -12.98773   0.01062     -12.97711   82.13    0.0017      0.0         2.951     2.951     9.586     18.076    86424219922.46597 442.63   0.00395    
 900         -12.99037   0.01325     -12.97711   102.52   0.00132     0.0         2.951     2.951     9.586     18.076    86559254532.7458 560.2    0.00348    
 1000        -12.98971   0.01259     -12.97711   97.42    0.0013      0.0         2.951     2.951     9.586     18.076    86533633272.26633 550.29   0.00346    
 1100        -12.98953   0.01242     -12.97711   96.07    0.00187     0.0         2.951     2.951     9.586     18.076    86516312208.58093 456.59   0.00414    
 1200        -12.98949   0.01237     -12.97711   95.71    0.00238     0.0         2.951     2.951     9.586     18.076    86523562692.84764 403.22   0.00468    
 1300        -12.98948   0.01237     -12.97711   95.68    0.00246     0.0         2.951     2.951     9.586     18.076    86516395898.21799 396.46   0.00476    
 1400        -12.98916   0.01205     -12.97711   93.19    0.00253     0.0         2.951     2.951     9.586     18.076    86501237853.15378 386.18   0.00482    
 1500        -12.98987   0.01275     -12.97711   98.65    0.00262     0.0         2.951     2.951     9.586     18.076    86538063136.43958 390.21   0.00491    

Time averages:
             Epot        Ekin        Etot        Temp     MSD         Self_diff   Pressure    Spec_heat   DebyeT   Lindemann  
             eV/atom     eV/atom     eV/atom     K        Å^2         mm^2/s      Pa          J/(K*Kg)    K        1          
             -12.98922   0.01211     -12.97711   93.66    0.00191     0.0         86503872640.68607 117.73018   457.42   0.00415    