Material ID: 0203
Unit cell composition: Mg125
Material:  Mg
Site positions of initial unit cell:
 Mg         
 0.00000    
 0.00000    
 0.00000    
Properties:
 Time        Epot        Ekin        Etot        Temp     MSD         Self_diff   LC_a      LC_b      LC_c      Volume      Pressure    DebyeT   Lindemann  
 fs          eV/atom     eV/atom     eV/atom     K        Å^2         mm^2/s      Å         Å         Å         Å^3/atom    Pa          K        1          
 500         -0.388      0.02783     -0.36017    215.28   0.0         0.0         3.153     3.153     3.153     24.048    3989845265.88977 inf      0.0        
 600         -0.3819     0.02174     -0.36017    168.15   0.18834     0.00052     3.153     3.153     3.153     24.048    2787225280.76804 126.64   0.02753    
 700         -0.3872     0.02703     -0.36017    209.12   0.45505     0.00108     3.153     3.153     3.153     24.048    2393665159.34799 90.86    0.04279    
 800         -0.38939    0.02922     -0.36017    226.09   0.71033     0.00148     3.153     3.153     3.153     24.048    1985974915.24085 75.61    0.05346    
 900         -0.39565    0.03548     -0.36017    274.47   0.94116     0.00174     3.153     3.153     3.153     24.048    1883866439.89028 72.38    0.06154    
 1000        -0.4008     0.04063     -0.36017    314.35   1.19157     0.00199     3.153     3.153     3.153     24.048    1762834484.38009 68.84    0.06924    
 1100        -0.39714    0.03697     -0.36017    286.04   1.53023     0.00232     3.153     3.153     3.153     24.048    1477136591.27468 57.95    0.07847    
 1200        -0.39999    0.03982     -0.36017    308.07   1.70729     0.00237     3.153     3.153     3.153     24.048    1687779578.11803 56.93    0.08288    
 1300        -0.40117    0.041       -0.36017    317.22   1.9417      0.00249     3.153     3.153     3.153     24.048    1474920240.45859 54.17    0.08839    
 1400        -0.40402    0.04385     -0.36017    339.22   2.24701     0.00268     3.153     3.153     3.153     24.048    1367961608.18653 52.07    0.09509    
 1500        -0.40578    0.04561     -0.36017    352.83   2.49315     0.00277     3.153     3.153     3.153     24.048    1448412972.35003 50.42    0.10016    

Time averages:
             Epot        Ekin        Etot        Temp     MSD         Self_diff   Pressure    Spec_heat   DebyeT   Lindemann  
             eV/atom     eV/atom     eV/atom     K        Å^2         mm^2/s      Pa          J/(K*Kg)    K        1          
             -0.3963     0.03613     -0.36017    279.56   1.34058     0.0021      1826977727.00151 527.84318   70.59    0.06996    