Material ID: 0006
Unit cell composition: Ag375Li125
Material:  Ag3Li
Site positions:
Ag                      Li
0.0                      0.0                      2.0507685                      2.0507685                      
0.0                      2.0507685                      0.0                      2.0507685                      
0.0                      2.0507685                      2.0507685                      0.0                      
Properties:
 Time        Epot        Ekin        Etot        Temp     MSD         Self_diff   LC_a      LC_b      LC_c      Volume      Pressure   
 fs          eV/atom     eV/atom     eV/atom     K        Å^2         mm^2/s      Å         Å         Å         Å^3/atom    eV/Å^3     
 1500        -11.55842   0.0259      -11.53252   200.38   0.0         0.0         4.061     4.061     4.061     16.737    0.4639     
 1800        -11.55013   0.01772     -11.5324    137.12   0.00354     0.0         4.061     4.061     4.061     16.737    0.46143    
 2100        -11.55566   0.02309     -11.53257   178.64   0.00592     0.0         4.061     4.061     4.061     16.737    0.46364    
 2400        -11.55615   0.02363     -11.53252   182.8    0.01145     1e-05       4.061     4.061     4.061     16.737    0.46358    
 2700        -11.55129   0.01886     -11.53243   145.93   0.01929     1e-05       4.061     4.061     4.061     16.737    0.46194    
 3000        -11.55004   0.01769     -11.53235   136.84   0.02801     2e-05       4.061     4.061     4.061     16.737    0.46138    
 3300        -11.55037   0.018       -11.53237   139.26   0.04038     2e-05       4.061     4.061     4.061     16.737    0.46159    
 3600        -11.55268   0.02025     -11.53243   156.65   0.05309     2e-05       4.061     4.061     4.061     16.737    0.46239    
 3900        -11.55184   0.01943     -11.5324    150.35   0.06923     3e-05       4.061     4.061     4.061     16.737    0.46208    
 4200        -11.55286   0.02044     -11.53243   158.1    0.08663     3e-05       4.061     4.061     4.061     16.737    0.46243    
 4500        -11.55275   0.02033     -11.53242   157.26   0.1066      4e-05       4.061     4.061     4.061     16.737    0.46245    

Time averages:
             Epot        Ekin        Etot        Temp     MSD         Self_diff   Pressure    Spec_heat  
             eV/atom     eV/atom     eV/atom     K        Å^2         mm^2/s      eV/Å^3      J/(K*Kg)   
             -11.55238   0.01994     -11.53243   154.29   0.04241     2e-05       0.46229     -66.08587  