Material ID: 0185
Unit cell composition: Mg500
Material:  Mg
Site positions of initial unit cell:
 Mg          Mg          Mg          Mg         
 0.00000     -0.00000    0.00000     1.60186    
 0.00000     1.84967     0.00000     0.92483    
 0.00000     2.58032     5.16064     7.74097    
Properties:
 Time        Epot        Ekin        Etot        Temp     MSD         Self_diff   LC_a      LC_b      LC_c      Volume      Pressure    DebyeT   Lindemann  
 fs          eV/atom     eV/atom     eV/atom     K        Å^2         mm^2/s      Å         Å         Å         Å^3/atom    Pa          K        1          
 500         -0.49414    0.02498     -0.46915    193.29   0.0         0.0         3.076     3.076     9.908     20.292    4772313464.26014 inf      0.0        
 600         -0.48319    0.01404     -0.46915    108.58   0.12324     0.00034     3.076     3.076     9.908     20.292    3958387919.56866 125.8    0.03228    
 700         -0.4849     0.01575     -0.46915    121.84   0.19264     0.00046     3.076     3.076     9.908     20.292    3888028442.63404 106.59   0.04036    
 800         -0.48609    0.01694     -0.46915    131.02   0.19438     0.0004      3.076     3.076     9.908     20.292    3995815473.50964 110.03   0.04055    
 900         -0.48612    0.01697     -0.46915    131.27   0.19434     0.00036     3.076     3.076     9.908     20.292    4023877786.40748 110.15   0.04054    
 1000        -0.48641    0.01726     -0.46915    133.53   0.21469     0.00036     3.076     3.076     9.908     20.292    3990412829.23389 105.7    0.04261    
 1100        -0.48727    0.01812     -0.46915    140.16   0.23935     0.00036     3.076     3.076     9.908     20.292    3995583788.84809 102.56   0.04499    
 1200        -0.488      0.01885     -0.46915    145.8    0.28477     0.0004      3.076     3.076     9.908     20.292    3984382326.48672 95.9     0.04908    
 1300        -0.48726    0.01811     -0.46915    140.11   0.36149     0.00046     3.076     3.076     9.908     20.292    3858105035.06911 83.44    0.05529    
 1400        -0.48811    0.01896     -0.46915    146.66   0.4531      0.00054     3.076     3.076     9.908     20.292    3773491594.82567 76.25    0.0619     
 1500        -0.48957    0.02042     -0.46915    157.98   0.56387     0.00063     3.076     3.076     9.908     20.292    3654712627.70497 70.94    0.06906    

Time averages:
             Epot        Ekin        Etot        Temp     MSD         Self_diff   Pressure    Spec_heat   DebyeT   Lindemann  
             eV/atom     eV/atom     eV/atom     K        Å^2         mm^2/s      Pa          J/(K*Kg)    K        1          
             -0.48669    0.01754     -0.46915    135.69   0.28219     0.00044     3912279782.42883 526.33268   98.74    0.04767    