Material ID: 0130
Unit cell composition: Ti125
Material:  Ti
Site positions of initial unit cell:
 Ti         
 0.00000    
 0.00000    
 0.00000    
Properties:
 Time        Epot        Ekin        Etot        Temp     MSD         Self_diff   LC_a      LC_b      LC_c      Volume      Pressure    DebyeT   Lindemann  
 fs          eV/atom     eV/atom     eV/atom     K        Å^2         mm^2/s      Å         Å         Å         Å^3/atom    Pa          K        1          
 500         1.39896     0.02638     1.42534     204.12   0.0         0.0         2.703     2.703     2.703     15.207    -882632943304.8136 inf      0.0        
 600         1.27275     0.15286     1.42561     1182.59  0.03647     0.0001      2.703     2.703     2.703     15.207    -878146103526.8779 543.87   0.01413    
 700         1.22755     0.198       1.42555     1531.77  0.12433     0.0003      2.703     2.703     2.703     15.207    -877445213181.2704 335.21   0.02609    
 800         1.17299     0.25205     1.42503     1949.94  0.20258     0.00042     2.703     2.703     2.703     15.207    -875776638031.7688 296.3    0.0333     
 900         1.22663     0.19855     1.42518     1536.06  0.22401     0.00041     2.703     2.703     2.703     15.207    -878422643230.109 250.08   0.03502    
 1000        1.20213     0.22262     1.42475     1722.29  0.23407     0.00039     2.703     2.703     2.703     15.207    -877288823799.2303 259.05   0.03579    
 1100        1.20629     0.2184      1.42469     1689.6   0.25848     0.00039     2.703     2.703     2.703     15.207    -877473905610.1952 244.17   0.03761    
 1200        1.1925      0.23207     1.42457     1795.36  0.26394     0.00037     2.703     2.703     2.703     15.207    -876547860965.8469 249.08   0.03801    
 1300        1.18949     0.23472     1.42421     1815.88  0.3105      0.0004      2.703     2.703     2.703     15.207    -876726249487.5392 230.95   0.04123    
 1400        1.19533     0.22922     1.42455     1773.36  0.31749     0.00038     2.703     2.703     2.703     15.207    -876972841424.1971 225.71   0.04169    
 1500        1.19901     0.22557     1.42458     1745.1   0.33173     0.00037     2.703     2.703     2.703     15.207    -877031587279.4672 219.05   0.04261    
 1600        1.19958     0.22484     1.42443     1739.46  0.39387     0.00041     2.703     2.703     2.703     15.207    -877360725726.073 200.7    0.04643    
 1700        1.19212     0.23241     1.42453     1797.99  0.40101     0.00039     2.703     2.703     2.703     15.207    -876850503580.8444 202.22   0.04685    

Time averages:
             Epot        Ekin        Etot        Temp     MSD         Self_diff   Pressure    Spec_heat   DebyeT   Lindemann  
             eV/atom     eV/atom     eV/atom     K        Å^2         mm^2/s      Pa          J/(K*Kg)    K        1          
             1.19761     0.22705     1.42465     1756.5   0.29377     0.00039     -877045177913.5271 261.10804   237.73   0.03985    