Material ID: 0142
Unit cell composition: Co125
Material:  Co
Site positions of initial unit cell:
 Co         
 0.00000    
 0.00000    
 0.00000    
Properties:
 Time        Epot        Ekin        Etot        Temp     MSD         Self_diff   LC_a      LC_b      LC_c      Volume      Pressure    DebyeT   Lindemann  
 fs          eV/atom     eV/atom     eV/atom     K        Å^2         mm^2/s      Å         Å         Å         Å^3/atom    Pa          K        1          
 500         -10.54738   0.02547     -10.52191   197.06   0.0         0.0         2.49      2.49      2.49      10.913    52516281925.08453 inf      0.0        
 600         -10.534     0.01213     -10.52187   93.86    0.00108     0.0         2.49      2.49      2.49      10.913    50854348880.61255 802.46   0.00264    
 700         -10.53178   0.00992     -10.52186   76.76    0.0029      1e-05       2.49      2.49      2.49      10.913    50658541297.38486 442.86   0.00433    
 800         -10.53354   0.01168     -10.52187   90.33    0.00557     1e-05       2.49      2.49      2.49      10.913    50830952000.46194 346.62   0.00599    
 900         -10.53186   0.01        -10.52186   77.33    0.00954     2e-05       2.49      2.49      2.49      10.913    50699827086.51641 244.99   0.00785    
 1000        -10.53767   0.01579     -10.52188   122.18   0.01439     2e-05       2.49      2.49      2.49      10.913    51174539617.56565 250.8    0.00964    
 1100        -10.53651   0.01464     -10.52188   113.24   0.02046     3e-05       2.49      2.49      2.49      10.913    51065984743.09344 202.49   0.01149    
 1200        -10.53408   0.01221     -10.52187   94.47    0.02779     4e-05       2.49      2.49      2.49      10.913    50860746238.66255 158.69   0.01339    
 1300        -10.53389   0.01203     -10.52187   93.03    0.03623     5e-05       2.49      2.49      2.49      10.913    50845379284.32102 137.92   0.01529    
 1400        -10.53652   0.01464     -10.52188   113.24   0.04566     5e-05       2.49      2.49      2.49      10.913    51077877395.76733 135.54   0.01717    
 1500        -10.5319    0.01003     -10.52186   77.62    0.0563      6e-05       2.49      2.49      2.49      10.913    50687720884.41403 101.06   0.01906    

Time averages:
             Epot        Ekin        Etot        Temp     MSD         Self_diff   Pressure    Spec_heat   DebyeT   Lindemann  
             eV/atom     eV/atom     eV/atom     K        Å^2         mm^2/s      Pa          J/(K*Kg)    K        1          
             -10.53417   0.01231     -10.52187   95.21    0.02199     3e-05       50875591742.87998 215.39139   282.34   0.01069    