Material ID: 0044
Unit cell composition: Fe500
Material:  Fe
Site positions of initial unit cell:
 Fe          Fe          Fe          Fe         
 0.90677     0.90583     2.12575     2.12870    
 3.97558     1.98695     3.97464     1.98790    
 2.04528     3.43914     4.23913     1.24550    
Properties:
 Time        Epot        Ekin        Etot        Temp     MSD         Self_diff   LC_a      LC_b      LC_c      Volume      Pressure    DebyeT   Lindemann  
 fs          eV/atom     eV/atom     eV/atom     K        Å^2         mm^2/s      Å         Å         Å         Å^3/atom    Pa          K        1          
 500         -7.71101    0.02618     -7.68484    202.52   0.0         0.0         2.393     3.897     4.3       10.025    -413580851425.00586 inf      0.0        
 600         -7.82593    0.13893     -7.687      1074.83  0.00095     0.0         2.393     3.897     4.3       10.025    -405006671405.34827 2978.83  0.00269    
 700         -7.77085    0.08468     -7.68617    655.12   0.00422     1e-05       2.393     3.897     4.3       10.025    -409415114731.35626 1101.39  0.00568    
 800         -7.74583    0.0605      -7.68533    468.04   0.0047      1e-05       2.393     3.897     4.3       10.025    -411325668306.8229 881.93   0.006      
 900         -7.8098     0.12283     -7.68697    950.24   0.00368     1e-05       2.393     3.897     4.3       10.025    -405972981563.3984 1419.98  0.00531    
 1000        -7.76094    0.07533     -7.68561    582.8    0.00448     1e-05       2.393     3.897     4.3       10.025    -409799556843.0978 1008.12  0.00586    
 1100        -7.79369    0.10747     -7.68622    831.39   0.00757     1e-05       2.393     3.897     4.3       10.025    -407452794131.1751 926.7    0.00761    
 1200        -7.82003    0.13338     -7.68665    1031.88  0.01077     1e-05       2.393     3.897     4.3       10.025    -405284855174.48346 865.54   0.00908    
 1300        -7.82289    0.13653     -7.68636    1056.25  0.01175     2e-05       2.393     3.897     4.3       10.025    -404842009997.7308 838.48   0.00948    
 1400        -7.80014    0.11383     -7.68631    880.64   0.01395     2e-05       2.393     3.897     4.3       10.025    -406388854307.4155 702.47   0.01033    
 1500        -7.83334    0.14681     -7.68654    1135.76  0.01744     2e-05       2.393     3.897     4.3       10.025    -404209131123.4071 713.56   0.01155    

Time averages:
             Epot        Ekin        Etot        Temp     MSD         Self_diff   Pressure    Spec_heat   DebyeT   Lindemann  
             eV/atom     eV/atom     eV/atom     K        Å^2         mm^2/s      Pa          J/(K*Kg)    K        1          
             -7.79834    0.11203     -7.68632    866.7    0.00795     1e-05       -406969763758.4236 268.23966   1143.7   0.00736    