Material ID: 0085
Unit cell composition: Ag375In125
Material:  Ag3In
Site positions:
Ag                      In
0.0                      0.0                      2.123555                      2.123555                      
0.0                      2.123555                      2.123555                      0.0                      
0.0                      2.123555                      0.0                      2.123555                      
Properties:
 Time        Epot        Ekin        Etot        Temp     MSD         Self_diff   LC_a      LC_b      LC_c      Volume      Pressure   
 fs          eV/atom     eV/atom     eV/atom     K        Å^2         mm^2/s      Å         Å         Å         Å^3/atom    eV/Å^3     
 1500        -10.96551   0.02461     -10.9409    190.42   0.0         0.0         4.162     4.162     4.162     18.026    0.47086    
 1800        -10.98791   0.04661     -10.9413    360.58   0.00329     0.0         4.162     4.162     4.162     18.026    0.47954    
 2100        -10.97789   0.03677     -10.94113   284.43   0.00763     1e-05       4.162     4.162     4.162     18.026    0.47588    
 2400        -10.97241   0.03138     -10.94103   242.78   0.01156     1e-05       4.162     4.162     4.162     18.026    0.47419    
 2700        -10.97915   0.03802     -10.94113   294.17   0.01494     1e-05       4.162     4.162     4.162     18.026    0.47667    
 3000        -10.97788   0.03681     -10.94107   284.78   0.02038     1e-05       4.162     4.162     4.162     18.026    0.47597    
 3300        -10.98028   0.03917     -10.9411    303.07   0.02939     1e-05       4.162     4.162     4.162     18.026    0.47691    
 3600        -10.97431   0.03324     -10.94106   257.18   0.0386      2e-05       4.162     4.162     4.162     18.026    0.47492    
 3900        -10.97584   0.03477     -10.94107   268.98   0.04829     2e-05       4.162     4.162     4.162     18.026    0.47541    
 4200        -10.97274   0.03169     -10.94105   245.14   0.06045     2e-05       4.162     4.162     4.162     18.026    0.47437    
 4500        -10.97458   0.03351     -10.94107   259.24   0.07336     3e-05       4.162     4.162     4.162     18.026    0.4749     

Time averages:
             Epot        Ekin        Etot        Temp     MSD         Self_diff   Pressure    Spec_heat  
             eV/atom     eV/atom     eV/atom     K        Å^2         mm^2/s      eV/Å^3      J/(K*Kg)   
             -10.9773    0.0362      -10.9411    280.04   0.03079     2e-05       0.47588     -31.16435  