Material ID: 0110
Unit cell composition: Zn375
Material:  Zn
Site positions of initial unit cell:
 Zn          Zn          Zn         
 0.00000     4.83683     16.95108   
 0.00000     0.86092     3.01716    
 0.00000     0.50755     1.77875    
Properties:
 Time        Epot        Ekin        Etot        Temp     MSD         Self_diff   LC_a      LC_b      LC_c      Volume      Pressure    DebyeT   Lindemann  
 fs          eV/atom     eV/atom     eV/atom     K        Å^2         mm^2/s      Å         Å         Å         Å^3/atom    Pa          K        1          
 500         -1.19873    0.02616     -1.17256    202.42   0.0         0.0         7.27      7.27      7.27      13.342    12677290761.52842 inf      0.0        
 600         -1.19498    0.02241     -1.17257    173.41   0.0349      0.0001      7.27      7.27      7.27      13.342    12286207015.35572 182.15   2e-05      
 700         -1.20343    0.03086     -1.17257    238.75   0.02589     6e-05       7.27      7.27      7.27      13.342    12681390257.9133 248.15   2e-05      
 800         -1.19774    0.02517     -1.17257    194.74   0.03906     8e-05       7.27      7.27      7.27      13.342    12297460121.55308 182.46   2e-05      
 900         -1.19818    0.02562     -1.17256    198.17   0.0492      9e-05       7.27      7.27      7.27      13.342    12406351906.60488 164.01   2e-05      
 1000        -1.20522    0.03265     -1.17257    252.59   0.0739      0.00012     7.27      7.27      7.27      13.342    11844505912.62728 151.08   3e-05      
 1100        -1.23102    0.05846     -1.17257    452.23   0.20114     0.0003      7.27      7.27      7.27      13.342    12372594940.27817 122.53   4e-05      
 1200        -1.24712    0.07455     -1.17257    576.76   0.52294     0.00073     7.27      7.27      7.27      13.342    7075813081.57197 85.82    7e-05      
 1300        -1.25095    0.07838     -1.17257    606.35   0.72754     0.00093     7.27      7.27      7.27      13.342    3343500346.01248 74.6     9e-05      
 1400        -1.26437    0.0918      -1.17257    710.21   0.58174     0.00069     7.27      7.27      7.27      13.342    10349755442.43881 90.29    8e-05      
 1500        -1.24693    0.07436     -1.17257    575.29   0.69444     0.00077     7.27      7.27      7.27      13.342    12158247577.24309 74.38    8e-05      

Time averages:
             Epot        Ekin        Etot        Temp     MSD         Self_diff   Pressure    Spec_heat   DebyeT   Lindemann  
             eV/atom     eV/atom     eV/atom     K        Å^2         mm^2/s      Pa          J/(K*Kg)    K        1          
             -1.22399    0.05143     -1.17257    397.85   0.29508     0.00042     10681582660.15988 371.82875   137.55   5e-05      