Material ID: 0211
Unit cell composition: Co125
Material:  Co
Site positions of initial unit cell:
 Co         
 0.00000    
 0.00000    
 0.00000    
Properties:
 Time        Epot        Ekin        Etot        Temp     MSD         Self_diff   LC_a      LC_b      LC_c      Volume      Pressure    DebyeT   Lindemann  
 fs          eV/atom     eV/atom     eV/atom     K        Å^2         mm^2/s      Å         Å         Å         Å^3/atom    Pa          K        1          
 500         -10.6291    0.02366     -10.60544   183.06   0.0         0.0         2.44      2.44      2.44      10.272    -18324062554.39325 inf      0.0        
 600         -10.6144    0.00904     -10.60537   69.9     0.00175     0.0         2.44      2.44      2.44      10.272    -19537997749.32908 544.19   0.00343    
 700         -10.61665   0.01127     -10.60538   87.22    0.0057      1e-05       2.44      2.44      2.44      10.272    -19347890139.76846 336.8    0.00619    
 800         -10.62199   0.01658     -10.60541   128.25   0.01237     3e-05       2.44      2.44      2.44      10.272    -18896019669.84373 277.12   0.00912    
 900         -10.61138   0.00603     -10.60535   46.64    0.02199     4e-05       2.44      2.44      2.44      10.272    -19786387099.28636 125.36   0.01215    
 1000        -10.61955   0.01416     -10.60539   109.52   0.03387     6e-05       2.44      2.44      2.44      10.272    -19106012889.40779 154.79   0.01508    
 1100        -10.62158   0.01617     -10.60541   125.12   0.0487      7e-05       2.44      2.44      2.44      10.272    -18936882465.8374 137.96   0.01809    
 1200        -10.61574   0.01038     -10.60537   80.27    0.06622     9e-05       2.44      2.44      2.44      10.272    -19429352301.22698 94.76    0.02109    
 1300        -10.61718   0.01179     -10.60539   91.21    0.0865      0.00011     2.44      2.44      2.44      10.272    -19290497881.48363 88.38    0.02411    
 1400        -10.61863   0.01324     -10.60539   102.42   0.10928     0.00013     2.44      2.44      2.44      10.272    -19178454923.74207 83.32    0.0271     
 1500        -10.61421   0.00885     -10.60536   68.45    0.1349      0.00015     2.44      2.44      2.44      10.272    -19549923422.8462 61.31    0.03011    

Time averages:
             Epot        Ekin        Etot        Temp     MSD         Self_diff   Pressure    Spec_heat   DebyeT   Lindemann  
             eV/atom     eV/atom     eV/atom     K        Å^2         mm^2/s      Pa          J/(K*Kg)    K        1          
             -10.61713   0.01175     -10.60538   90.9     0.05213     8e-05       -19305941854.27717 222.53348   190.4    0.01665    