Material ID: 0261
Unit cell composition: Mg500
Material:  Mg
Site positions of initial unit cell:
 Mg          Mg          Mg          Mg         
 0.00000     -0.00000    0.00000     1.60186    
 0.00000     1.84967     0.00000     0.92483    
 0.00000     2.58032     5.16064     7.74097    
Properties:
 Time        Epot        Ekin        Etot        Temp     MSD         Self_diff   LC_a      LC_b      LC_c      Volume      Pressure    DebyeT   Lindemann  
 fs          eV/atom     eV/atom     eV/atom     K        Å^2         mm^2/s      Å         Å         Å         Å^3/atom    Pa          K        1          
 500         -0.45871    0.02458     -0.43413    190.18   0.0         0.0         3.14      3.14      10.115    21.587    4808204853.51089 inf      0.0        
 600         -0.44678    0.01265     -0.43413    97.89    0.1203      0.00033     3.14      3.14      10.115    21.587    3706436155.62356 120.9    0.03125    
 700         -0.44904    0.01491     -0.43413    115.36   0.21508     0.00051     3.14      3.14      10.115    21.587    3637066429.7446 98.16    0.04178    
 800         -0.44998    0.01585     -0.43413    122.62   0.29468     0.00061     3.14      3.14      10.115    21.587    3488942675.44511 86.45    0.0489     
 900         -0.45077    0.01664     -0.43413    128.71   0.37444     0.00069     3.14      3.14      10.115    21.587    3283699809.56812 78.58    0.05513    
 1000        -0.45381    0.01968     -0.43413    152.29   0.45471     0.00076     3.14      3.14      10.115    21.587    3189934194.81773 77.56    0.06075    
 1100        -0.45492    0.02079     -0.43413    160.85   0.56517     0.00086     3.14      3.14      10.115    21.587    2881397300.76297 71.5     0.06773    
 1200        -0.45607    0.02194     -0.43413    169.73   0.68753     0.00095     3.14      3.14      10.115    21.587    2575449779.29542 66.59    0.0747     
 1300        -0.45818    0.02405     -0.43413    186.04   0.80834     0.00104     3.14      3.14      10.115    21.587    2441970979.59608 64.3     0.081      
 1400        -0.45842    0.0243      -0.43413    187.96   0.92044     0.0011      3.14      3.14      10.115    21.587    2390189055.59858 60.56    0.08643    
 1500        -0.45949    0.02537     -0.43413    196.24   1.06777     0.00119     3.14      3.14      10.115    21.587    2385268078.14222 57.46    0.09309    

Time averages:
             Epot        Ekin        Etot        Temp     MSD         Self_diff   Pressure    Spec_heat   DebyeT   Lindemann  
             eV/atom     eV/atom     eV/atom     K        Å^2         mm^2/s      Pa          J/(K*Kg)    K        1          
             -0.45375    0.01962     -0.43413    151.77   0.55085     0.00086     2998035445.85944 583.96587   78.21    0.06408    