Material ID: 0131
Unit cell composition: Ti125
Material:  Ti
Site positions of initial unit cell:
 Ti         
 0.00000    
 0.00000    
 0.00000    
Properties:
 Time        Epot        Ekin        Etot        Temp     MSD         Self_diff   LC_a      LC_b      LC_c      Volume      Pressure    DebyeT   Lindemann  
 fs          eV/atom     eV/atom     eV/atom     K        Å^2         mm^2/s      Å         Å         Å         Å^3/atom    Pa          K        1          
 500         -2.92448    0.02614     -2.89834    202.2    0.0         0.0         2.76      2.76      2.76      16.177    -567508324822.4391 inf      0.0        
 600         -3.02953    0.13136     -2.89817    1016.26  0.05845     0.00016     2.76      2.76      2.76      16.177    -564846989635.4692 398.23   0.01752    
 700         -3.03113    0.13287     -2.89826    1027.94  0.08458     0.0002      2.76      2.76      2.76      16.177    -564974599438.2046 332.94   0.02108    
 800         -3.00312    0.10487     -2.89825    811.29   0.09705     0.0002      2.76      2.76      2.76      16.177    -566311975864.4191 276.12   0.02258    
 900         -3.02536    0.1271      -2.89826    983.3    0.13082     0.00024     2.76      2.76      2.76      16.177    -565492048403.8535 261.83   0.02621    
 1000        -3.10248    0.20406     -2.89842    1578.67  0.23708     0.0004      2.76      2.76      2.76      16.177    -562929430041.2136 246.44   0.03529    
 1100        -3.05888    0.16044     -2.89843    1241.25  0.19752     0.0003      2.76      2.76      2.76      16.177    -564488494958.0679 239.41   0.03221    
 1200        -3.09036    0.19175     -2.89861    1483.45  0.24954     0.00035     2.76      2.76      2.76      16.177    -563373391082.7023 232.85   0.0362     
 1300        -3.07799    0.17933     -2.89865    1387.36  0.23074     0.0003      2.76      2.76      2.76      16.177    -563785689581.3352 234.18   0.03481    
 1400        -3.09404    0.19532     -2.89872    1511.1   0.27306     0.00033     2.76      2.76      2.76      16.177    -563269582287.632 224.66   0.03787    
 1500        -3.08689    0.18808     -2.8988     1455.06  0.27475     0.00031     2.76      2.76      2.76      16.177    -563584220459.3718 219.78   0.03799    

Time averages:
             Epot        Ekin        Etot        Temp     MSD         Self_diff   Pressure    Spec_heat   DebyeT   Lindemann  
             eV/atom     eV/atom     eV/atom     K        Å^2         mm^2/s      Pa          J/(K*Kg)    K        1          
             -3.05998    0.16152     -2.89846    1249.57  0.18336     0.00029     -564305642175.2269 268.09475   266.64   0.03018    