Material ID: 0160
Unit cell composition: Ni250
Material:  Ni
Site positions of initial unit cell:
 Ni          Ni         
 -0.00000    1.23714    
 1.42853     0.71426    
 1.01755     3.05264    
Properties:
 Time        Epot        Ekin        Etot        Temp     MSD         Self_diff   LC_a      LC_b      LC_c      Volume      Pressure    DebyeT   Lindemann  
 fs          eV/atom     eV/atom     eV/atom     K        Å^2         mm^2/s      Å         Å         Å         Å^3/atom    Pa          K        1          
 500         -16.79362   0.02563     -16.76799   198.3    0.0         0.0         2.375     2.375     3.907     9.546     -136165380178.42072 inf      0.0        
 600         -17.05442   0.28203     -16.77239   2181.92  0.00105     0.0         2.375     2.375     3.907     9.546     -112568699088.79585 3931.09  0.00252    
 700         -17.03768   0.26578     -16.7719    2056.16  0.0063      2e-05       2.375     2.375     3.907     9.546     -114055169861.68976 1558.05  0.00616    
 800         -16.88681   0.11759     -16.76923   909.69   0.01103     2e-05       2.375     2.375     3.907     9.546     -127391105438.7777 783.16   0.00815    
 900         -16.98968   0.21912     -16.77056   1695.18  0.00927     2e-05       2.375     2.375     3.907     9.546     -117759319961.60408 1166.02  0.00748    
 1000        -17.02557   0.25471     -16.77086   1970.52  0.00822     1e-05       2.375     2.375     3.907     9.546     -114760489362.40501 1335.41  0.00704    
 1100        -16.92375   0.15382     -16.76993   1189.98  0.01284     2e-05       2.375     2.375     3.907     9.546     -123660155391.59895 830.28   0.0088     
 1200        -16.98371   0.2129      -16.77081   1647.04  0.01427     2e-05       2.375     2.375     3.907     9.546     -118307610475.84236 926.57   0.00927    
 1300        -17.01618   0.24531     -16.77087   1897.81  0.01656     2e-05       2.375     2.375     3.907     9.546     -115499519041.05226 923.2    0.00999    
 1400        -16.95466   0.18436     -16.7703    1426.25  0.02142     3e-05       2.375     2.375     3.907     9.546     -120772984207.98642 703.73   0.01136    
 1500        -16.97332   0.20299     -16.77032   1570.43  0.02403     3e-05       2.375     2.375     3.907     9.546     -119229932394.08437 697.19   0.01203    
 1600        -16.97819   0.20782     -16.77037   1607.79  0.02687     3e-05       2.375     2.375     3.907     9.546     -118804435947.8258 667.12   0.01272    
 1700        -16.94818   0.17799     -16.7702    1376.98  0.03165     3e-05       2.375     2.375     3.907     9.546     -121287512225.7472 568.86   0.01381    
 1800        -16.99093   0.22021     -16.77071   1703.65  0.03559     3e-05       2.375     2.375     3.907     9.546     -117659769438.43658 596.69   0.01464    

Time averages:
             Epot        Ekin        Etot        Temp     MSD         Self_diff   Pressure    Spec_heat   DebyeT   Lindemann  
             eV/atom     eV/atom     eV/atom     K        Å^2         mm^2/s      Pa          J/(K*Kg)    K        1          
             -16.97842   0.20792     -16.77049   1608.56  0.02007     2e-05       -118774172844.6583 218.06498   841.51   0.01071    