Material ID: 0190
Unit cell composition: Mg375
Material:  Mg
Site positions of initial unit cell:
 Mg          Mg          Mg         
 0.00000     4.95089     17.32955   
 0.00000     1.03261     3.61442    
 0.00000     0.61347     2.14732    
Properties:
 Time        Epot        Ekin        Etot        Temp     MSD         Self_diff   LC_a      LC_b      LC_c      Volume      Pressure    DebyeT   Lindemann  
 fs          eV/atom     eV/atom     eV/atom     K        Å^2         mm^2/s      Å         Å         Å         Å^3/atom    Pa          K        1          
 500         -0.46886    0.02553     -0.44333    197.48   0.0         0.0         7.549     7.549     7.549     20.128    2258812945.56759 inf      0.0        
 600         -0.48296    0.03962     -0.44334    306.55   0.23056     0.00064     7.549     7.549     7.549     20.128    3726468182.12936 154.54   5e-05      
 700         -0.48283    0.03949     -0.44334    305.53   0.19716     0.00047     7.549     7.549     7.549     20.128    3617274622.19377 166.84   4e-05      
 800         -0.47988    0.03654     -0.44334    282.7    0.20988     0.00044     7.549     7.549     7.549     20.128    3319922827.68636 155.55   5e-05      
 900         -0.47839    0.03505     -0.44334    271.15   0.30648     0.00057     7.549     7.549     7.549     20.128    3316682475.76343 126.06   6e-05      
 1000        -0.47817    0.03484     -0.44334    269.51   0.27897     0.00046     7.549     7.549     7.549     20.128    3275419515.81847 131.73   5e-05      
 1100        -0.47802    0.03469     -0.44334    268.35   0.30871     0.00047     7.549     7.549     7.549     20.128    3222776529.72326 124.96   6e-05      
 1200        -0.47837    0.03504     -0.44334    271.04   0.31513     0.00044     7.549     7.549     7.549     20.128    3308870527.47206 124.3    6e-05      
 1300        -0.48023    0.0369      -0.44334    285.43   0.30149     0.00039     7.549     7.549     7.549     20.128    3404126353.39371 130.41   5e-05      
 1400        -0.47909    0.03575     -0.44334    276.57   0.29517     0.00035     7.549     7.549     7.549     20.128    3353293260.86054 129.73   5e-05      
 1500        -0.47803    0.0347      -0.44334    268.44   0.32153     0.00036     7.549     7.549     7.549     20.128    3344436750.43021 122.46   6e-05      

Time averages:
             Epot        Ekin        Etot        Temp     MSD         Self_diff   Pressure    Spec_heat   DebyeT   Lindemann  
             eV/atom     eV/atom     eV/atom     K        Å^2         mm^2/s      Pa          J/(K*Kg)    K        1          
             -0.4796     0.03626     -0.44334    280.53   0.27651     0.00044     3388927104.54712 515.67575   136.66   5e-05      