Material ID: 0143
Unit cell composition: Co125
Material:  Co
Site positions of initial unit cell:
 Co         
 0.00000    
 0.00000    
 0.00000    
Properties:
 Time        Epot        Ekin        Etot        Temp     MSD         Self_diff   LC_a      LC_b      LC_c      Volume      Pressure    DebyeT   Lindemann  
 fs          eV/atom     eV/atom     eV/atom     K        Å^2         mm^2/s      Å         Å         Å         Å^3/atom    Pa          K        1          
 500         -10.23952   0.0238      -10.21572   184.13   0.0         0.0         2.54      2.54      2.54      11.581    92151686259.67851 inf      0.0        
 600         -10.22759   0.0119      -10.21569   92.07    0.00153     0.0         2.54      2.54      2.54      11.581    91193165096.86713 667.21   0.00308    
 700         -10.22374   0.00805     -10.21569   62.29    0.00418     1e-05       2.54      2.54      2.54      11.581    90887329158.3617 332.28   0.00509    
 800         -10.22435   0.00867     -10.21569   67.06    0.00821     2e-05       2.54      2.54      2.54      11.581    90935472284.49419 245.96   0.00714    
 900         -10.22663   0.01093     -10.21569   84.6     0.01374     3e-05       2.54      2.54      2.54      11.581    91124305252.01955 213.59   0.00923    
 1000        -10.22974   0.01405     -10.2157    108.66   0.02073     3e-05       2.54      2.54      2.54      11.581    91368642190.09277 197.06   0.01134    
 1100        -10.23107   0.01537     -10.2157    118.89   0.02928     4e-05       2.54      2.54      2.54      11.581    91469706800.22858 173.45   0.01347    
 1200        -10.22684   0.01115     -10.21569   86.23    0.03971     6e-05       2.54      2.54      2.54      11.581    91119845474.32503 126.83   0.01569    
 1300        -10.22436   0.00867     -10.21569   67.09    0.05177     7e-05       2.54      2.54      2.54      11.581    90936674800.51463 97.98    0.01792    
 1400        -10.22983   0.01414     -10.2157    109.39   0.06494     8e-05       2.54      2.54      2.54      11.581    91357510819.72601 111.71   0.02007    
 1500        -10.22795   0.01225     -10.21569   94.81    0.08033     9e-05       2.54      2.54      2.54      11.581    91214938168.34248 93.5     0.02232    

Time averages:
             Epot        Ekin        Etot        Temp     MSD         Self_diff   Pressure    Spec_heat   DebyeT   Lindemann  
             eV/atom     eV/atom     eV/atom     K        Å^2         mm^2/s      Pa          J/(K*Kg)    K        1          
             -10.22721   0.01152     -10.21569   89.11    0.03144     5e-05       91160759004.49722 217.91921   225.96   0.01253    