Material ID: 0082
Unit cell composition: Cu250
Material:  Cu
Site positions of initial unit cell:
 Cu          Cu         
 -2.43060    3.15641    
 2.03828     0.31539    
 0.62975     1.88924    
Properties:
 Time        Epot        Ekin        Etot        Temp     MSD         Self_diff   LC_a      LC_b      LC_c      Volume      Pressure    DebyeT   Lindemann  
 fs          eV/atom     eV/atom     eV/atom     K        Å^2         mm^2/s      Å         Å         Å         Å^3/atom    Pa          K        1          
 500         -14.88122   0.02626     -14.85496   203.13   0.0         0.0         4.179     4.179     2.519     12.389    -96138002774.8149 inf      0.0        
 600         -15.20988   0.355       -14.85488   2746.44  0.06755     0.00019     4.179     4.179     2.519     12.389    -68739157064.0228 528.5    0.01618    
 700         -15.68225   0.82643     -14.85582   6393.56  0.50959     0.00121     4.179     4.179     2.519     12.389    -30255351942.09721 293.59   0.04444    
 800         -15.60785   0.75172     -14.85612   5815.61  0.79771     0.00166     4.179     4.179     2.519     12.389    -34859101619.63268 223.8    0.05561    
 900         -15.55109   0.69539     -14.8557    5379.81  0.7846      0.00145     4.179     4.179     2.519     12.389    -38791478427.71669 217.04   0.05515    
 1000        -15.68119   0.82528     -14.85591   6384.66  0.87011     0.00145     4.179     4.179     2.519     12.389    -30325566175.89513 224.53   0.05808    
 1100        -15.66357   0.80762     -14.85596   6248.02  1.01469     0.00154     4.179     4.179     2.519     12.389    -31613570944.74471 205.68   0.06272    
 1200        -15.61434   0.75835     -14.85599   5866.83  1.01886     0.00142     4.179     4.179     2.519     12.389    -34218514280.39641 198.9    0.06284    
 1300        -15.61628   0.76035     -14.85594   5882.3   1.00849     0.00129     4.179     4.179     2.519     12.389    -34861743451.9843 200.18   0.06252    
 1400        -15.63526   0.77897     -14.8563    6026.37  1.13424     0.00135     4.179     4.179     2.519     12.389    -32597661094.87412 191.06   0.06631    
 1500        -15.68197   0.82563     -14.85634   6387.38  1.25393     0.00139     4.179     4.179     2.519     12.389    -29686231947.40418 187.07   0.06972    

Time averages:
             Epot        Ekin        Etot        Temp     MSD         Self_diff   Pressure    Spec_heat   DebyeT   Lindemann  
             eV/atom     eV/atom     eV/atom     K        Å^2         mm^2/s      Pa          J/(K*Kg)    K        1          
             -15.59437   0.73847     -14.8559    5713.1   0.84598     0.00142     -36594837694.87682 205.25753   247.03   0.05536    