Material ID: 0171
Unit cell composition: Zn250
Material:  Zn
Site positions of initial unit cell:
 Zn          Zn         
 -0.00000    1.31337    
 1.51654     0.75827    
 1.30181     3.90543    
Properties:
 Time        Epot        Ekin        Etot        Temp     MSD         Self_diff   LC_a      LC_b      LC_c      Volume      Pressure    DebyeT   Lindemann  
 fs          eV/atom     eV/atom     eV/atom     K        Å^2         mm^2/s      Å         Å         Å         Å^3/atom    Pa          K        1          
 500         -0.95084    0.02508     -0.92575    194.06   0.0         0.0         2.627     2.627     5.207     15.557    14059491447.97449 inf      0.0        
 600         -0.94974    0.02399     -0.92575    185.57   0.05852     0.00016     2.627     2.627     5.207     15.557    12709957048.07606 145.52   0.01513    
 700         -0.96277    0.03702     -0.92576    286.36   0.19228     0.00046     2.627     2.627     5.207     15.557    10933595043.07392 99.73    0.02742    
 800         -0.97394    0.04819     -0.92576    372.78   0.31208     0.00065     2.627     2.627     5.207     15.557    10102496720.05957 89.31    0.03493    
 900         -0.99241    0.06666     -0.92576    515.67   0.46338     0.00086     2.627     2.627     5.207     15.557    9131417997.16536 86.2     0.04257    
 1000        -1.0078     0.08204     -0.92576    634.72   0.7036      0.00117     2.627     2.627     5.207     15.557    7283364653.04982 77.61    0.05245    
 1100        -1.02529    0.09953     -0.92576    769.97   0.96575     0.00146     2.627     2.627     5.207     15.557    6618319784.96184 72.96    0.06145    
 1200        -1.02786    0.1021      -0.92576    789.86   1.23879     0.00172     2.627     2.627     5.207     15.557    6198234555.5221 65.25    0.0696     
 1300        -1.04409    0.11832     -0.92576    915.39   1.65762     0.00213     2.627     2.627     5.207     15.557    5662009737.47277 60.73    0.08051    
 1400        -1.05466    0.1289      -0.92577    997.2    2.17515     0.00259     2.627     2.627     5.207     15.557    3207398802.24926 55.33    0.09223    
 1500        -1.07224    0.14648     -0.92577    1133.18  2.67558     0.00297     2.627     2.627     5.207     15.557    3538004811.39587 53.18    0.10229    

Time averages:
             Epot        Ekin        Etot        Temp     MSD         Self_diff   Pressure    Spec_heat   DebyeT   Lindemann  
             eV/atom     eV/atom     eV/atom     K        Å^2         mm^2/s      Pa          J/(K*Kg)    K        1          
             -1.01108    0.08532     -0.92576    660.07   1.04428     0.00156     7538479915.30266 263.31587   80.58    0.05786    