Material ID: 0139
Unit cell composition: Cu125
Material:  Cu
Site positions of initial unit cell:
 Cu         
 1.14480    
 8.27375    
 11.12788   
Properties:
 Time        Epot        Ekin        Etot        Temp     MSD         Self_diff   LC_a      LC_b      LC_c      Volume      Pressure    DebyeT   Lindemann  
 fs          eV/atom     eV/atom     eV/atom     K        Å^2         mm^2/s      Å         Å         Å         Å^3/atom    Pa          K        1          
 500         -1.27078    0.02896     -1.24182    224.03   0.0         0.0         2.427     12.553    24.112    718.749   -1933132543.25471 inf      0.0        
 600         -1.77688    0.53509     -1.24179    4139.65  0.79831     0.00222     2.427     12.553    24.112    718.749   463350559.89559 188.75   0.07363    
 700         -1.7311     0.4892      -1.24191    3784.59  1.14438     0.00272     2.427     12.553    24.112    718.749   -70325430.3075 150.73   0.08816    
 800         -1.70147    0.45968     -1.24179    3556.24  1.92892     0.00402     2.427     12.553    24.112    718.749   80009271.20935 112.54   0.11445    
 900         -1.7771     0.53511     -1.24198    4139.83  3.38558     0.00627     2.427     12.553    24.112    718.749   -108485176.62287 91.66    0.15163    
 1000        -1.76961    0.52772     -1.24189    4082.59  5.00081     0.00833     2.427     12.553    24.112    718.749   74017561.68545 74.89    0.18428    
 1100        -1.81162    0.56963     -1.24199    4406.83  7.13647     0.01081     2.427     12.553    24.112    718.749   147691704.92125 65.13    0.22014    
 1200        -1.88933    0.64739     -1.24195    5008.41  8.61386     0.01196     2.427     12.553    24.112    718.749   101262587.30114 63.2     0.24186    
 1300        -1.89348    0.65149     -1.24199    5040.13  10.58501    0.01357     2.427     12.553    24.112    718.749   64085694.05002 57.2     0.26811    
 1400        -1.91505    0.67315     -1.24191    5207.7   13.16339    0.01567     2.427     12.553    24.112    718.749   53125540.19566 52.13    0.29898    
 1500        -1.99033    0.74831     -1.24202    5789.19  15.24432    0.01694     2.427     12.553    24.112    718.749   155300014.38668 51.08    0.32175    
 1600        -1.96674    0.72476     -1.24199    5606.97  17.26437    0.01798     2.427     12.553    24.112    718.749   139466876.30285 47.24    0.34241    
 1700        -1.86565    0.62372     -1.24193    4825.29  19.13972    0.01876     2.427     12.553    24.112    718.749   175047752.50659 41.62    0.36052    

Time averages:
             Epot        Ekin        Etot        Temp     MSD         Self_diff   Pressure    Spec_heat   DebyeT   Lindemann  
             eV/atom     eV/atom     eV/atom     K        Å^2         mm^2/s      Pa          J/(K*Kg)    K        1          
             -1.85804    0.6161      -1.24194    4766.32  10.14624    0.01337     88152182.59361 198.91149   65.67    0.25041    