Material ID: 0089
Unit cell composition: Ag375In125
Material:  Ag3In
Site positions of initial unitcell:
 Ag          Ag          Ag          In         
 0.00000     0.00000     2.12356     2.12356    
 0.00000     2.12356     2.12356     0.00000    
 0.00000     2.12356     0.00000     2.12356    
Properties:
 Time        Epot        Ekin        Etot        Temp     MSD         Self_diff   LC_a      LC_b      LC_c      Volume      Pressure   
 fs          eV/atom     eV/atom     eV/atom     K        Å^2         mm^2/s      Å         Å         Å         Å^3/atom    eV/Å^3     
 1500        -9.74964    0.02649     -9.72315    204.94   0.0         0.0         4.332     4.332     4.332     20.325    0.55553    
 1800        -9.7436     0.02045     -9.72315    158.22   0.00797     1e-05       4.332     4.332     4.332     20.325    0.55344    
 2100        -9.74929    0.02611     -9.72317    202.02   0.00865     1e-05       4.332     4.332     4.332     20.325    0.55604    
 2400        -9.74365    0.02051     -9.72315    158.64   0.01302     1e-05       4.332     4.332     4.332     20.325    0.55387    
 2700        -9.74397    0.02081     -9.72315    161.02   0.02119     1e-05       4.332     4.332     4.332     20.325    0.55389    
 3000        -9.74919    0.02603     -9.72316    201.36   0.02728     2e-05       4.332     4.332     4.332     20.325    0.55595    
 3300        -9.74501    0.02186     -9.72315    169.1    0.0368      2e-05       4.332     4.332     4.332     20.325    0.55427    
 3600        -9.74518    0.02203     -9.72315    170.42   0.04902     2e-05       4.332     4.332     4.332     20.325    0.55449    
 3900        -9.74507    0.02192     -9.72315    169.56   0.06182     3e-05       4.332     4.332     4.332     20.325    0.55451    
 4200        -9.74381    0.02066     -9.72315    159.85   0.07628     3e-05       4.332     4.332     4.332     20.325    0.55381    
 4500        -9.74509    0.02194     -9.72315    169.7    0.09318     3e-05       4.332     4.332     4.332     20.325    0.55437    

Time averages:
             Epot        Ekin        Etot        Temp     MSD         Self_diff   Pressure    Spec_heat  
             eV/atom     eV/atom     eV/atom     K        Å^2         mm^2/s      eV/Å^3      J/(K*Kg)   
             -9.74539    0.02223     -9.72315    171.99   0.03952     2e-05       0.55446     -65.80279  