Material ID: 0111
Unit cell composition: Zn375
Material:  Zn
Site positions of initial unit cell:
 Zn          Zn          Zn         
 0.00000     4.83683     16.95108   
 0.00000     0.86092     3.01716    
 0.00000     0.50755     1.77875    
Properties:
 Time        Epot        Ekin        Etot        Temp     MSD         Self_diff   LC_a      LC_b      LC_c      Volume      Pressure    DebyeT   Lindemann  
 fs          eV/atom     eV/atom     eV/atom     K        Å^2         mm^2/s      Å         Å         Å         Å^3/atom    Pa          K        1          
 500         -1.10327    0.02805     -1.07521    217.04   0.0         0.0         7.421     7.421     7.421     14.193    16359855882.90589 inf      0.0        
 600         -1.11107    0.03585     -1.07521    277.38   0.05798     0.00016     7.421     7.421     7.421     14.193    12697174529.10596 178.74   2e-05      
 700         -1.12236    0.04715     -1.07522    364.74   0.14242     0.00034     7.421     7.421     7.421     14.193    6567971222.73453 130.77   4e-05      
 800         -1.11789    0.04268     -1.07521    330.15   0.08825     0.00018     7.421     7.421     7.421     14.193    12457861374.92633 158.05   3e-05      
 900         -1.1188     0.04358     -1.07521    337.17   0.14208     0.00026     7.421     7.421     7.421     14.193    13075156512.4101 125.88   4e-05      
 1000        -1.16936    0.09414     -1.07521    728.32   0.40774     0.00068     7.421     7.421     7.421     14.193    10861486054.87389 109.21   6e-05      
 1100        -1.19783    0.12261     -1.07522    948.56   1.07583     0.00163     7.421     7.421     7.421     14.193    4776552757.8346 76.73    0.0001     
 1200        -1.22539    0.15016     -1.07523    1161.71  1.60456     0.00223     7.421     7.421     7.421     14.193    3701114446.08153 69.53    0.00013    
 1300        -1.19852    0.12329     -1.07523    953.78   1.77101     0.00227     7.421     7.421     7.421     14.193    3435429883.25004 59.97    0.00013    
 1400        -1.17528    0.10006     -1.07522    774.07   1.44885     0.00172     7.421     7.421     7.421     14.193    5382291148.10798 59.73    0.00012    
 1500        -1.19258    0.11736     -1.07522    907.92   0.95347     0.00106     7.421     7.421     7.421     14.193    9336501888.20709 79.74    0.0001     

Time averages:
             Epot        Ekin        Etot        Temp     MSD         Self_diff   Pressure    Spec_heat   DebyeT   Lindemann  
             eV/atom     eV/atom     eV/atom     K        Å^2         mm^2/s      Pa          J/(K*Kg)    K        1          
             -1.16291    0.08769     -1.07522    678.38   0.76922     0.00115     8229153981.75321 323.37407   104.84   8e-05      