Material ID: 0001
Unit cell composition: Ag250
Material:  Ag
Site positions of initial unit cell:
 Ag          Ag         
 -0.00000    1.47633    
 1.70471     0.85236    
 1.19958     3.59874    
Properties:
 Time        Epot        Ekin        Etot        Temp     MSD         Self_diff   LC_a      LC_b      LC_c      Volume      Pressure    DebyeT   Lindemann  
 fs          eV/atom     eV/atom     eV/atom     K        Å^2         mm^2/s      Å         Å         Å         Å^3/atom    Pa          K        1          
 500         -13.44729   0.02429     -13.423     187.95   0.0         0.0         2.894     2.894     4.702     17.049    58336971499.52679 inf      0.0        
 600         -13.46901   0.04595     -13.42306   355.48   0.00197     1e-05       2.894     2.894     4.702     17.049    59607258756.47475 853.55   0.00285    
 700         -13.45574   0.03273     -13.42301   253.23   0.00319     1e-05       2.894     2.894     4.702     17.049    58878641351.93852 567.16   0.00362    
 800         -13.43863   0.01604     -13.42259   124.09   0.00162     0.0         2.894     2.894     4.702     17.049    57888060522.06405 556.19   0.00259    
 900         -13.46987   0.04739     -13.42249   366.61   0.00162     0.0         2.894     2.894     4.702     17.049    59670389149.52653 956.02   0.00259    
 1000        -13.44955   0.02662     -13.42294   205.92   0.00267     0.0         2.894     2.894     4.702     17.049    58542188023.90685 558.17   0.00332    
 1100        -13.4496    0.02724     -13.42236   210.7    0.00113     0.0         2.894     2.894     4.702     17.049    58503764203.45071 868.18   0.00216    
 1200        -13.46729   0.04441     -13.42288   343.54   0.00246     0.0         2.894     2.894     4.702     17.049    59554090360.1272 752.41   0.00318    
 1300        -13.44704   0.02446     -13.42258   189.24   0.00321     0.0         2.894     2.894     4.702     17.049    58378059530.12663 488.15   0.00364    
 1400        -13.4522    0.02958     -13.42262   228.82   0.00139     0.0         2.894     2.894     4.702     17.049    58703725607.61517 815.67   0.00239    
 1500        -13.45972   0.03716     -13.42256   287.46   0.00172     0.0         2.894     2.894     4.702     17.049    59147901710.50615 823.15   0.00266    

Time averages:
             Epot        Ekin        Etot        Temp     MSD         Self_diff   Pressure    Spec_heat   DebyeT   Lindemann  
             eV/atom     eV/atom     eV/atom     K        Å^2         mm^2/s      Pa          J/(K*Kg)    K        1          
             -13.45587   0.03316     -13.42271   256.51   0.0021      0.0         58887407921.57365 131.00223   723.87   0.0029     