Material ID: 0073
Unit cell composition: Cu125
Material:  Cu
Site positions of initial unit cell:
 Cu         
 0.00000    
 0.00000    
 0.00000    
Properties:
 Time        Epot        Ekin        Etot        Temp     MSD         Self_diff   LC_a      LC_b      LC_c      Volume      Pressure    DebyeT   Lindemann  
 fs          eV/atom     eV/atom     eV/atom     K        Å^2         mm^2/s      Å         Å         Å         Å^3/atom    Pa          K        1          
 500         -16.25472   0.02667     -16.22805   206.31   0.0         0.0         2.541     2.541     2.541     12.602    42248882739.87915 inf      0.0        
 600         -16.31525   0.08728     -16.22797   675.24   0.10808     0.0003      2.541     2.541     2.541     12.602    41901821714.91072 207.18   0.02587    
 700         -16.39958   0.1715      -16.22807   1326.81  0.13421     0.00032     2.541     2.541     2.541     12.602    48923686214.63223 260.62   0.02883    
 800         -16.3684    0.14033     -16.22807   1085.61  0.12312     0.00026     2.541     2.541     2.541     12.602    46711239176.94604 246.12   0.02761    
 900         -16.32382   0.09577     -16.22805   740.94   0.13965     0.00026     2.541     2.541     2.541     12.602    42456322999.09816 190.92   0.02941    
 1000        -16.34929   0.12119     -16.2281    937.56   0.09377     0.00016     2.541     2.541     2.541     12.602    45134560142.8485 262.1    0.0241     
 1100        -16.36194   0.13386     -16.22808   1035.57  0.09712     0.00015     2.541     2.541     2.541     12.602    45984724783.33398 270.67   0.02452    
 1200        -16.3718    0.14369     -16.22811   1111.6   0.11825     0.00016     2.541     2.541     2.541     12.602    46335940706.2664 254.13   0.02706    
 1300        -16.36423   0.13612     -16.22811   1053.05  0.09895     0.00013     2.541     2.541     2.541     12.602    45852925112.99006 270.4    0.02475    
 1400        -16.36871   0.14057     -16.22814   1087.46  0.09843     0.00012     2.541     2.541     2.541     12.602    46560335410.02206 275.5    0.02469    
 1500        -16.3508    0.12266     -16.22814   948.93   0.11769     0.00013     2.541     2.541     2.541     12.602    45495143465.43504 235.36   0.027      

Time averages:
             Epot        Ekin        Etot        Temp     MSD         Self_diff   Pressure    Spec_heat   DebyeT   Lindemann  
             eV/atom     eV/atom     eV/atom     K        Å^2         mm^2/s      Pa          J/(K*Kg)    K        1          
             -16.35738   0.1293      -16.22808   1000.28  0.11293     0.00019     45535669972.64832 200.50274   247.3    0.02638    