Material ID: 0027
Unit cell composition: Au125
Material:  Au
Site positions of initial unit cell:
 Au         
 0.00000    
 0.00000    
 0.00000    
Properties:
 Time        Epot        Ekin        Etot        Temp     MSD         Self_diff   LC_a      LC_b      LC_c      Volume      Pressure    DebyeT   Lindemann  
 fs          eV/atom     eV/atom     eV/atom     K        Å^2         mm^2/s      Å         Å         Å         Å^3/atom    Pa          K        1          
 500         -14.73544   0.02336     -14.71209   180.69   0.0         0.0         2.95      2.95      2.95      18.145    170778058934.19382 inf      0.0        
 600         -14.72458   0.01249     -14.71209   96.66    0.00358     1e-05       2.95      2.95      2.95      18.145    169721724421.62268 244.72   0.00406    
 700         -14.72203   0.00994     -14.71209   76.92    0.00453     1e-05       2.95      2.95      2.95      18.145    169451133791.69736 194.04   0.00456    
 800         -14.72466   0.01257     -14.71209   97.27    0.00573     1e-05       2.95      2.95      2.95      18.145    169707342653.26633 194.05   0.00513    
 900         -14.72365   0.01157     -14.71209   89.48    0.00897     2e-05       2.95      2.95      2.95      18.145    169584595785.84277 148.72   0.00642    
 1000        -14.72323   0.01115     -14.71209   86.23    0.01241     2e-05       2.95      2.95      2.95      18.145    169598325842.12976 124.1    0.00755    
 1100        -14.72585   0.01376     -14.71209   106.45   0.01616     2e-05       2.95      2.95      2.95      18.145    169812856914.64468 120.84   0.00862    
 1200        -14.72248   0.01039     -14.71209   80.39    0.02214     3e-05       2.95      2.95      2.95      18.145    169493335651.13483 89.71    0.01009    
 1300        -14.72169   0.0096      -14.71209   74.26    0.02769     4e-05       2.95      2.95      2.95      18.145    169444242353.48694 77.1     0.01128    
 1400        -14.72457   0.01248     -14.71209   96.55    0.03434     4e-05       2.95      2.95      2.95      18.145    169746904396.97693 78.94    0.01257    
 1500        -14.72767   0.01559     -14.71209   120.57   0.04095     5e-05       2.95      2.95      2.95      18.145    169931826560.12204 80.79    0.01372    

Time averages:
             Epot        Ekin        Etot        Temp     MSD         Self_diff   Pressure    Spec_heat   DebyeT   Lindemann  
             eV/atom     eV/atom     eV/atom     K        Å^2         mm^2/s      Pa          J/(K*Kg)    K        1          
             -14.72404   0.01195     -14.71209   92.48    0.01765     3e-05       169649228837.09244 64.22474    135.3    0.0084     