Material ID: 0202
Unit cell composition: Mg125
Material:  Mg
Site positions of initial unit cell:
 Mg         
 0.00000    
 0.00000    
 0.00000    
Properties:
 Time        Epot        Ekin        Etot        Temp     MSD         Self_diff   LC_a      LC_b      LC_c      Volume      Pressure    DebyeT   Lindemann  
 fs          eV/atom     eV/atom     eV/atom     K        Å^2         mm^2/s      Å         Å         Å         Å^3/atom    Pa          K        1          
 500         -0.42427    0.02687     -0.3974     207.9    0.0         0.0         3.091     3.091     3.091     22.661    4390998829.95598 inf      0.0        
 600         -0.41385    0.01645     -0.3974     127.28   0.15837     0.00044     3.091     3.091     3.091     22.661    3195106105.07308 120.15   0.02575    
 700         -0.41633    0.01893     -0.3974     146.48   0.34045     0.00081     3.091     3.091     3.091     22.661    2933111406.91533 87.91    0.03775    
 800         -0.42093    0.02353     -0.3974     182.0    0.48836     0.00102     3.091     3.091     3.091     22.661    2859234602.98313 81.82    0.04522    
 900         -0.42277    0.02537     -0.3974     196.27   0.65565     0.00121     3.091     3.091     3.091     22.661    2547880630.68299 73.33    0.05239    
 1000        -0.42528    0.02788     -0.3974     215.69   0.79523     0.00133     3.091     3.091     3.091     22.661    2380590575.25889 69.8     0.0577     
 1100        -0.42499    0.02758     -0.3974     213.4    0.95951     0.00145     3.091     3.091     3.091     22.661    2179573312.85164 63.21    0.06338    
 1200        -0.42816    0.03076     -0.3974     237.97   1.13961     0.00158     3.091     3.091     3.091     22.661    2218692101.18933 61.24    0.06907    
 1300        -0.42561    0.02821     -0.3974     218.24   1.31859     0.00169     3.091     3.091     3.091     22.661    2128657203.56394 54.52    0.0743     
 1400        -0.42795    0.03055     -0.3974     236.32   1.55992     0.00186     3.091     3.091     3.091     22.661    2076140156.81775 52.17    0.08081    
 1500        -0.43047    0.03307     -0.3974     255.87   1.81878     0.00202     3.091     3.091     3.091     22.661    1919830247.20708 50.27    0.08726    

Time averages:
             Epot        Ekin        Etot        Temp     MSD         Self_diff   Pressure    Spec_heat   DebyeT   Lindemann  
             eV/atom     eV/atom     eV/atom     K        Å^2         mm^2/s      Pa          J/(K*Kg)    K        1          
             -0.42363    0.02623     -0.3974     202.95   0.92345     0.00144     2443881634.25432 525.93899   71.44    0.05936    