Material ID: 0049
Unit cell composition: Ag125Hf375
Material:  AgHf3
Site positions of initial unitcell:
 Ag          Hf          Hf          Hf         
 0.00000     2.18574     2.18574     0.00000    
 2.18574     0.00000     2.18574     0.00000    
 2.18574     2.18574     0.00000     0.00000    
Properties:
 Time        Epot        Ekin        Etot        Temp     MSD         Self_diff   LC_a      LC_b      LC_c      Volume      Pressure   
 fs          eV/atom     eV/atom     eV/atom     K        Å^2         mm^2/s      Å         Å         Å         Å^3/atom    eV/Å^3     
 1500        -18.9432    0.02725     -18.91595   210.78   0.0         0.0         4.459     4.459     4.459     22.163    -2.3005    
 1800        -18.99934   0.07779     -18.92156   601.77   0.00291     0.0         4.459     4.459     4.459     22.163    -2.28558   
 2100        -19.12816   0.19603     -18.93213   1516.54  0.00557     0.0         4.459     4.459     4.459     22.163    -2.25984   
 2400        -19.14497   0.21359     -18.93137   1652.44  0.01203     1e-05       4.459     4.459     4.459     22.163    -2.25616   
 2700        -19.20239   0.2642      -18.9382    2043.91  0.01709     1e-05       4.459     4.459     4.459     22.163    -2.24379   
 3000        -19.1442    0.21251     -18.93169   1644.09  0.02385     1e-05       4.459     4.459     4.459     22.163    -2.25663   
 3300        -19.14849   0.21654     -18.93196   1675.21  0.0343      2e-05       4.459     4.459     4.459     22.163    -2.25592   
 3600        -19.14071   0.2096      -18.93111   1621.57  0.04384     2e-05       4.459     4.459     4.459     22.163    -2.2577    
 3900        -19.15439   0.22245     -18.93193   1720.99  0.05593     2e-05       4.459     4.459     4.459     22.163    -2.25471   
 4200        -19.13646   0.20516     -18.93129   1587.2   0.06935     3e-05       4.459     4.459     4.459     22.163    -2.25847   
 4500        -19.14921   0.21744     -18.93177   1682.19  0.084       3e-05       4.459     4.459     4.459     22.163    -2.25598   

Time averages:
             Epot        Ekin        Etot        Temp     MSD         Self_diff   Pressure    Spec_heat  
             eV/atom     eV/atom     eV/atom     K        Å^2         mm^2/s      eV/Å^3      J/(K*Kg)   
             -19.13483   0.20353     -18.9313    1574.59  0.03489     2e-05       -2.25848    -5.00659   