Material ID: 0283
Unit cell composition: Mg125
Material:  Mg
Site positions of initial unit cell:
 Mg         
 0.00000    
 0.00000    
 0.00000    
Properties:
 Time        Epot        Ekin        Etot        Temp     MSD         Self_diff   LC_a      LC_b      LC_c      Volume      Pressure    DebyeT   Lindemann  
 fs          eV/atom     eV/atom     eV/atom     K        Å^2         mm^2/s      Å         Å         Å         Å^3/atom    Pa          K        1          
 500         -0.388      0.02695     -0.36105    208.47   0.0         0.0         3.153     3.153     3.153     24.048    3989845265.88977 inf      0.0        
 600         -0.38195    0.0209      -0.36105    161.67   0.17602     0.00049     3.153     3.153     3.153     24.048    2927908813.10035 128.44   0.02661    
 700         -0.3885     0.02745     -0.36105    212.39   0.44883     0.00107     3.153     3.153     3.153     24.048    2513678868.33991 92.2     0.0425     
 800         -0.39246    0.03141     -0.36105    242.96   0.74918     0.00156     3.153     3.153     3.153     24.048    2176413338.00234 76.32    0.05491    
 900         -0.39501    0.03396     -0.36105    262.72   1.0703      0.00198     3.153     3.153     3.153     24.048    1912900466.48164 66.4     0.06563    
 1000        -0.39716    0.03611     -0.36105    279.36   1.41301     0.00236     3.153     3.153     3.153     24.048    1836830923.06157 59.59    0.0754     
 1100        -0.40153    0.04048     -0.36105    313.17   1.90108     0.00288     3.153     3.153     3.153     24.048    1707431219.9445 54.4     0.08746    
 1200        -0.40223    0.04118     -0.36105    318.59   2.38092     0.00331     3.153     3.153     3.153     24.048    1223778951.09172 49.03    0.09788    
 1300        -0.4079     0.04685     -0.36105    362.45   2.75654     0.00353     3.153     3.153     3.153     24.048    1123463198.77714 48.6     0.10532    
 1400        -0.40162    0.04057     -0.36105    313.87   3.16867     0.00377     3.153     3.153     3.153     24.048    761202821.8071 42.18    0.11292    
 1500        -0.4078     0.04675     -0.36105    361.7    3.3324      0.0037      3.153     3.153     3.153     24.048    1281156409.79248 44.15    0.1158     

Time averages:
             Epot        Ekin        Etot        Temp     MSD         Self_diff   Pressure    Spec_heat   DebyeT   Lindemann  
             eV/atom     eV/atom     eV/atom     K        Å^2         mm^2/s      Pa          J/(K*Kg)    K        1          
             -0.39762    0.03657     -0.36105    282.89   1.7397      0.00268     1746476501.03988 529.62075   66.13    0.07844    