Material ID: 0017
Unit cell composition: Ag125I125
Material:  AgI
Site positions of initial unitcell:
 Ag          I          
 0.00000     1.92750    
 0.00000     1.92750    
 0.00000     1.92750    
Properties:
 Time        Epot        Ekin        Etot        Temp     MSD         Self_diff   LC_a      LC_b      LC_c      Volume      Pressure   
 fs          eV/atom     eV/atom     eV/atom     K        Å^2         mm^2/s      Å         Å         Å         Å^3/atom    eV/Å^3     
 1500        -6.14204    0.02338     -6.11866    180.85   0.0         0.0         3.855     3.855     3.855     28.645    0.36481    
 1800        -6.98911    0.86964     -6.11947    6727.87  1.68035     0.00156     3.855     3.855     3.855     28.645    0.12853    
 2100        -7.35197    1.22924     -6.12273    9509.83  5.56371     0.00442     3.855     3.855     3.855     28.645    0.11047    
 2400        -7.55926    1.43609     -6.12317    11110.09 9.8851      0.00686     3.855     3.855     3.855     28.645    0.07316    
 2700        -7.59964    1.47705     -6.12259    11426.96 13.19039    0.00814     3.855     3.855     3.855     28.645    0.09453    
 3000        -7.66517    1.54216     -6.12301    11930.71 16.36859    0.00909     3.855     3.855     3.855     28.645    0.07891    
 3300        -7.52905    1.40673     -6.12232    10882.99 19.17729    0.00969     3.855     3.855     3.855     28.645    0.08152    
 3600        -7.58454    1.46041     -6.12413    11298.21 22.95238    0.01063     3.855     3.855     3.855     28.645    0.06761    
 3900        -7.61629    1.4945      -6.12179    11561.98 27.00902    0.01154     3.855     3.855     3.855     28.645    0.06261    
 4200        -7.60871    1.48631     -6.12241    11498.59 30.36368    0.01205     3.855     3.855     3.855     28.645    0.07218    
 4500        -7.60466    1.48253     -6.12213    11469.38 34.64594    0.01283     3.855     3.855     3.855     28.645    0.09989    
 4800        -7.62337    1.49868     -6.1247     11594.28 38.79659    0.01347     3.855     3.855     3.855     28.645    0.10376    
 5100        -7.54779    1.4261      -6.12169    11032.82 42.05815    0.01374     3.855     3.855     3.855     28.645    0.07532    

Time averages:
             Epot        Ekin        Etot        Temp     MSD         Self_diff   Pressure    Spec_heat  
             eV/atom     eV/atom     eV/atom     K        Å^2         mm^2/s      eV/Å^3      J/(K*Kg)   
             -7.59385    1.47106     -6.12279    11380.6  25.44471    0.01124     0.08095     119.35623  