Material ID: 0243
Unit cell composition: Ni250
Material:  Ni
Site positions of initial unit cell:
 Ni          Ni         
 -0.00000    1.20834    
 1.39527     0.69764    
 5.74724     7.76811    
Properties:
 Time        Epot        Ekin        Etot        Temp     MSD         Self_diff   LC_a      LC_b      LC_c      Volume      Pressure    DebyeT   Lindemann  
 fs          eV/atom     eV/atom     eV/atom     K        Å^2         mm^2/s      Å         Å         Å         Å^3/atom    Pa          K        1          
 500         -11.43039   0.0256      -11.40479   198.05   0.0         0.0         2.465     2.465     13.786    36.272    13267681358.93506 inf      0.0        
 600         -11.42654   0.02175     -11.40479   168.25   0.00224     1e-05       2.465     2.465     13.786    36.272    9714810480.59271 748.24   0.00133    
 700         -11.42004   0.01529     -11.40475   118.29   0.00727     2e-05       2.465     2.465     13.786    36.272    6974388053.34193 347.95   0.0024     
 800         -11.42846   0.02367     -11.40479   183.14   0.01455     3e-05       2.465     2.465     13.786    36.272    10399320690.97042 306.03   0.00339    
 900         -11.42432   0.01956     -11.40476   151.29   0.02537     5e-05       2.465     2.465     13.786    36.272    12105042135.23852 210.62   0.00448    
 1000        -11.43006   0.02526     -11.4048    195.4    0.03985     7e-05       2.465     2.465     13.786    36.272    8480675503.0309 190.99   0.00562    
 1100        -11.41906   0.01432     -11.40475   110.76   0.05721     9e-05       2.465     2.465     13.786    36.272    6643223147.89867 120.01   0.00673    
 1200        -11.42906   0.02427     -11.40479   187.79   0.07674     0.00011     2.465     2.465     13.786    36.272    11183668062.74055 134.91   0.00779    
 1300        -11.42412   0.01935     -11.40477   149.67   0.10017     0.00013     2.465     2.465     13.786    36.272    12244458160.08514 105.42   0.0089     
 1400        -11.42605   0.02127     -11.40478   164.53   0.127       0.00015     2.465     2.465     13.786    36.272    8380880041.44908 98.16    0.01002    
 1500        -11.42485   0.02007     -11.40479   155.24   0.15654     0.00017     2.465     2.465     13.786    36.272    7923992706.90664 85.89    0.01113    

Time averages:
             Epot        Ekin        Etot        Temp     MSD         Self_diff   Pressure    Spec_heat   DebyeT   Lindemann  
             eV/atom     eV/atom     eV/atom     K        Å^2         mm^2/s      Pa          J/(K*Kg)    K        1          
             -11.42526   0.02048     -11.40478   158.44   0.06069     9e-05       9405045898.22546 220.68797   234.82   0.00618    