Material ID: 0117
Unit cell composition: Pt125
Material:  Pt
Site positions of initial unit cell:
 Pt         
 0.00000    
 0.00000    
 0.00000    
Properties:
 Time        Epot        Ekin        Etot        Temp     MSD         Self_diff   LC_a      LC_b      LC_c      Volume      Pressure    DebyeT   Lindemann  
 fs          eV/atom     eV/atom     eV/atom     K        Å^2         mm^2/s      Å         Å         Å         Å^3/atom    Pa          K        1          
 500         -23.65313   0.0267      -23.62643   206.54   0.0         0.0         2.812     2.812     2.812     15.723    228629917481.9072 inf      0.0        
 600         -23.63945   0.01303     -23.62642   100.84   0.00084     0.0         2.812     2.812     2.812     15.723    227722017347.20148 519.7    0.00206    
 700         -23.63942   0.013       -23.62642   100.61   0.00118     0.0         2.812     2.812     2.812     15.723    227680763307.87323 437.74   0.00244    
 800         -23.64404   0.01762     -23.62642   136.32   0.00135     0.0         2.812     2.812     2.812     15.723    227993740788.29385 475.83   0.00261    
 900         -23.64155   0.01513     -23.62642   117.02   0.00224     0.0         2.812     2.812     2.812     15.723    227862824792.4373 341.86   0.00337    
 1000        -23.63967   0.01326     -23.62642   102.55   0.00342     1e-05       2.812     2.812     2.812     15.723    227725178233.8058 259.01   0.00416    
 1100        -23.63961   0.0132      -23.62642   102.09   0.00447     1e-05       2.812     2.812     2.812     15.723    227699482554.03287 226.04   0.00476    
 1200        -23.64126   0.01484     -23.62642   114.83   0.00564     1e-05       2.812     2.812     2.812     15.723    227818716896.42032 213.51   0.00534    
 1300        -23.63583   0.00942     -23.62641   72.87    0.00762     1e-05       2.812     2.812     2.812     15.723    227467873819.02917 146.3    0.00621    
 1400        -23.63709   0.01068     -23.62642   82.6     0.00941     1e-05       2.812     2.812     2.812     15.723    227542231619.40512 140.17   0.0069     
 1500        -23.63867   0.01225     -23.62642   94.76    0.01119     1e-05       2.812     2.812     2.812     15.723    227650044626.1435 137.66   0.00752    

Time averages:
             Epot        Ekin        Etot        Temp     MSD         Self_diff   Pressure    Spec_heat   DebyeT   Lindemann  
             eV/atom     eV/atom     eV/atom     K        Å^2         mm^2/s      Pa          J/(K*Kg)    K        1          
             -23.63966   0.01324     -23.62642   102.45   0.00474     1e-05       227716287398.46426 65.1072     289.78   0.00454    