Material ID: 0121
Unit cell composition: Ag125Ce125
Material:  AgCe
Site positions:
Ag                      Ce
0.0                      1.866555                      
0.0                      1.866555                      
0.0                      1.866555                      
Properties:
 Time        Epot        Ekin        Etot        Temp     MSD         Self_diff   LC_a      LC_b      LC_c      Volume      Pressure   
 fs          eV/atom     eV/atom     eV/atom     K        Å^2         mm^2/s      Å         Å         Å         Å^3/atom    eV/Å^3     
 1500        -14.06081   0.02615     -14.03466   202.31   0.0         0.0         3.696     3.696     3.696     25.24     -1.75439   
 1800        -14.08216   0.04616     -14.036     357.13   0.00145     0.0         3.696     3.696     3.696     25.24     -1.75034   
 2100        -14.06132   0.02645     -14.03487   204.63   0.00395     0.0         3.696     3.696     3.696     25.24     -1.75429   
 2400        -14.05484   0.02032     -14.03453   157.17   0.0065      0.0         3.696     3.696     3.696     25.24     -1.75551   
 2700        -14.08153   0.0456      -14.03593   352.8    0.01158     1e-05       3.696     3.696     3.696     25.24     -1.75046   
 3000        -14.04872   0.01447     -14.03425   111.96   0.01885     1e-05       3.696     3.696     3.696     25.24     -1.75664   
 3300        -14.0773    0.04155     -14.03575   321.46   0.02537     1e-05       3.696     3.696     3.696     25.24     -1.75126   
 3600        -14.06613   0.03101     -14.03512   239.88   0.03411     2e-05       3.696     3.696     3.696     25.24     -1.75337   
 3900        -14.05744   0.02271     -14.03473   175.72   0.04581     2e-05       3.696     3.696     3.696     25.24     -1.755     
 4200        -14.08184   0.04584     -14.036     354.62   0.05687     2e-05       3.696     3.696     3.696     25.24     -1.7504    
 4500        -14.04846   0.01429     -14.03417   110.57   0.06919     3e-05       3.696     3.696     3.696     25.24     -1.75672   

Time averages:
             Epot        Ekin        Etot        Temp     MSD         Self_diff   Pressure    Spec_heat  
             eV/atom     eV/atom     eV/atom     K        Å^2         mm^2/s      eV/Å^3      J/(K*Kg)   
             -14.06597   0.03084     -14.03514   238.59   0.02737     1e-05       -1.7534     -3.89649   