Material ID: 0045
Unit cell composition: Ag125Hf375
Material:  AgHf3
Site positions of initial unitcell:
 Ag          Hf          Hf          Hf         
 0.00000     2.18574     2.18574     0.00000    
 2.18574     0.00000     2.18574     0.00000    
 2.18574     2.18574     0.00000     0.00000    
Properties:
 Time        Epot        Ekin        Etot        Temp     MSD         Self_diff   LC_a      LC_b      LC_c      Volume      Pressure   
 fs          eV/atom     eV/atom     eV/atom     K        Å^2         mm^2/s      Å         Å         Å         Å^3/atom    eV/Å^3     
 1500        -8.66231    0.02538     -8.63693    196.31   0.0         0.0         4.284     4.284     4.284     19.656    -6.46151   
 1800        -8.93878    0.25055     -8.68823    1938.3   0.00199     0.0         4.284     4.284     4.284     19.656    -6.39285   
 2100        -9.09525    0.39485     -8.7004     3054.71  0.00422     0.0         4.284     4.284     4.284     19.656    -6.35872   
 2400        -8.99034    0.30137     -8.68897    2331.49  0.00517     0.0         4.284     4.284     4.284     19.656    -6.38206   
 2700        -9.04672    0.35181     -8.69491    2721.73  0.00782     0.0         4.284     4.284     4.284     19.656    -6.37032   
 3000        -9.07078    0.37086     -8.69992    2869.11  0.01042     1e-05       4.284     4.284     4.284     19.656    -6.36457   
 3300        -9.10249    0.40254     -8.69995    3114.19  0.01261     1e-05       4.284     4.284     4.284     19.656    -6.35755   
 3600        -9.08592    0.38885     -8.69707    3008.27  0.0161      1e-05       4.284     4.284     4.284     19.656    -6.3612    
 3900        -9.06062    0.36515     -8.69546    2824.96  0.01908     1e-05       4.284     4.284     4.284     19.656    -6.36714   
 4200        -9.078      0.38174     -8.69626    2953.28  0.02315     1e-05       4.284     4.284     4.284     19.656    -6.36279   
 4500        -9.07674    0.38149     -8.69525    2951.37  0.02721     1e-05       4.284     4.284     4.284     19.656    -6.36338   
 4800        -9.05647    0.36155     -8.69491    2797.11  0.03116     1e-05       4.284     4.284     4.284     19.656    -6.3683    
 5100        -9.05664    0.36184     -8.6948     2799.32  0.0365      1e-05       4.284     4.284     4.284     19.656    -6.36822   

Time averages:
             Epot        Ekin        Etot        Temp     MSD         Self_diff   Pressure    Spec_heat  
             eV/atom     eV/atom     eV/atom     K        Å^2         mm^2/s      eV/Å^3      J/(K*Kg)   
             -9.06247    0.36672     -8.69575    2837.08  0.01892     1e-05       -6.36655    -113.9569  