Material ID: 0175
Unit cell composition: Ni125
Material:  Ni
Site positions of initial unit cell:
 Ni         
 0.00000    
 0.00000    
 0.00000    
Properties:
 Time        Epot        Ekin        Etot        Temp     MSD         Self_diff   LC_a      LC_b      LC_c      Volume      Pressure    DebyeT   Lindemann  
 fs          eV/atom     eV/atom     eV/atom     K        Å^2         mm^2/s      Å         Å         Å         Å^3/atom    Pa          K        1          
 500         -16.28124   0.02743     -16.2538    212.24   0.0         0.0         2.32      2.32      2.32      9.609     -149906549512.01416 inf      0.0        
 600         -16.33938   0.08566     -16.25372   662.7    0.05584     0.00016     2.32      2.32      2.32      9.609     -151479843038.22134 297.12   0.02037    
 700         -16.35026   0.0965      -16.25377   746.52   0.09308     0.00022     2.32      2.32      2.32      9.609     -149882542793.35327 244.25   0.0263     
 800         -16.40206   0.14824     -16.25382   1146.86  0.12834     0.00027     2.32      2.32      2.32      9.609     -145666885406.99527 257.82   0.03089    
 900         -16.39412   0.14027     -16.25385   1085.21  0.2288      0.00042     2.32      2.32      2.32      9.609     -147781717331.31125 187.83   0.04124    
 1000        -16.38562   0.13172     -16.2539    1019.03  0.2007      0.00033     2.32      2.32      2.32      9.609     -147850273576.03214 194.34   0.03862    
 1100        -16.39886   0.14489     -16.25397   1120.92  0.27355     0.00041     2.32      2.32      2.32      9.609     -147931441552.59235 174.58   0.04509    
 1200        -16.40775   0.1537      -16.25405   1189.08  0.26276     0.00036     2.32      2.32      2.32      9.609     -146711869070.3913 183.47   0.04419    
 1300        -16.4054    0.15135     -16.25405   1170.86  0.33676     0.00043     2.32      2.32      2.32      9.609     -147676933900.8281 160.82   0.05003    
 1400        -16.39798   0.14395     -16.25403   1113.63  0.3466      0.00041     2.32      2.32      2.32      9.609     -147689816992.7547 154.59   0.05076    
 1500        -16.3968    0.14276     -16.25405   1104.43  0.41312     0.00046     2.32      2.32      2.32      9.609     -147999546597.32336 141.02   0.05542    

Time averages:
             Epot        Ekin        Etot        Temp     MSD         Self_diff   Pressure    Spec_heat   DebyeT   Lindemann  
             eV/atom     eV/atom     eV/atom     K        Å^2         mm^2/s      Pa          J/(K*Kg)    K        1          
             -16.38782   0.1339      -16.25392   1035.92  0.23395     0.00037     -148067087025.98032 216.49251   199.58   0.04029    