Material ID: 0179
Unit cell composition: Ni125
Material:  Ni
Site positions of initial unit cell:
 Ni         
 0.00000    
 0.00000    
 0.00000    
Properties:
 Time        Epot        Ekin        Etot        Temp     MSD         Self_diff   LC_a      LC_b      LC_c      Volume      Pressure    DebyeT   Lindemann  
 fs          eV/atom     eV/atom     eV/atom     K        Å^2         mm^2/s      Å         Å         Å         Å^3/atom    Pa          K        1          
 500         -14.9423    0.02564     -14.91666   198.34   0.0         0.0         2.513     2.513     2.513     12.217    187104928913.56708 inf      0.0        
 600         -14.97795   0.06131     -14.91664   474.28   0.03068     9e-05       2.513     2.513     2.513     12.217    187489904932.17053 339.07   0.01394    
 700         -14.98036   0.06372     -14.91664   492.93   0.07375     0.00018     2.513     2.513     2.513     12.217    185441267333.05923 222.97   0.02161    
 800         -14.96441   0.04776     -14.91665   369.47   0.10274     0.00021     2.513     2.513     2.513     12.217    184055570733.88165 163.55   0.02551    
 900         -14.96849   0.05185     -14.91665   401.09   0.13874     0.00026     2.513     2.513     2.513     12.217    184108154605.8932 146.64   0.02964    
 1000        -14.97281   0.05616     -14.91665   434.47   0.16478     0.00027     2.513     2.513     2.513     12.217    184307728883.5039 140.04   0.03231    
 1100        -14.97313   0.05648     -14.91665   436.93   0.15767     0.00024     2.513     2.513     2.513     12.217    184353245382.6365 143.57   0.0316     
 1200        -14.98061   0.06396     -14.91665   494.8    0.21647     0.0003      2.513     2.513     2.513     12.217    183993245719.278 130.39   0.03703    
 1300        -14.99963   0.08297     -14.91666   641.87   0.28103     0.00036     2.513     2.513     2.513     12.217    184429243421.45 130.34   0.04219    
 1400        -15.00794   0.09126     -14.91668   706.01   0.28969     0.00034     2.513     2.513     2.513     12.217    185020519188.11453 134.64   0.04283    
 1500        -14.99598   0.0793      -14.91668   613.48   0.27716     0.00031     2.513     2.513     2.513     12.217    184242123737.68503 128.31   0.0419     

Time averages:
             Epot        Ekin        Etot        Temp     MSD         Self_diff   Pressure    Spec_heat   DebyeT   Lindemann  
             eV/atom     eV/atom     eV/atom     K        Å^2         mm^2/s      Pa          J/(K*Kg)    K        1          
             -14.98213   0.06548     -14.91665   506.53   0.17327     0.00027     184744100393.76727 218.79049   167.95   0.03186    