Material ID: 0147
Unit cell composition: Co250
Material:  Co
Site positions of initial unit cell:
 Co          Co         
 -0.00000    1.25039    
 1.44383     0.72191    
 1.00833     3.02500    
Properties:
 Time        Epot        Ekin        Etot        Temp     MSD         Self_diff   LC_a      LC_b      LC_c      Volume      Pressure    DebyeT   Lindemann  
 fs          eV/atom     eV/atom     eV/atom     K        Å^2         mm^2/s      Å         Å         Å         Å^3/atom    Pa          K        1          
 500         -10.54337   0.02566     -10.51771   198.54   0.0         0.0         2.501     2.501     4.033     10.922    51998039260.65817 inf      0.0        
 600         -10.52859   0.01092     -10.51767   84.5     0.0007      0.0         2.501     2.501     4.033     10.922    50824930563.99947 948.35   0.00197    
 700         -10.52776   0.0101      -10.51766   78.13    0.00073     0.0         2.501     2.501     4.033     10.922    50754044145.85458 892.9    0.00201    
 800         -10.5296    0.01193     -10.51767   92.31    0.00065     0.0         2.501     2.501     4.033     10.922    50894806794.63924 1026.2   0.0019     
 900         -10.53201   0.01433     -10.51767   110.9    0.00062     0.0         2.501     2.501     4.033     10.922    51082101678.67542 1153.77  0.00185    
 1000        -10.53054   0.01287     -10.51767   99.55    0.00084     0.0         2.501     2.501     4.033     10.922    50977967897.30181 937.91   0.00216    
 1100        -10.53026   0.01259     -10.51767   97.41    0.001       0.0         2.501     2.501     4.033     10.922    50961003497.28942 848.75   0.00236    
 1200        -10.52904   0.01137     -10.51767   87.94    0.00113     0.0         2.501     2.501     4.033     10.922    50874693966.56412 759.33   0.00251    
 1300        -10.52997   0.0123      -10.51767   95.17    0.00113     0.0         2.501     2.501     4.033     10.922    50924925276.97819 790.47   0.0025     
 1400        -10.53126   0.01359     -10.51767   105.11   0.0014      0.0         2.501     2.501     4.033     10.922    51033101036.99541 744.7    0.00279    
 1500        -10.53027   0.0126      -10.51767   97.47    0.0016      0.0         2.501     2.501     4.033     10.922    50969290530.98154 670.94   0.00299    

Time averages:
             Epot        Ekin        Etot        Temp     MSD         Self_diff   Pressure    Spec_heat   DebyeT   Lindemann  
             eV/atom     eV/atom     eV/atom     K        Å^2         mm^2/s      Pa          J/(K*Kg)    K        1          
             -10.52993   0.01226     -10.51767   94.85    0.00098     0.0         50929686538.92793 214.28997   877.33   0.0023     