Material ID: 0126
Unit cell composition: Ti125
Material:  Ti
Site positions of initial unit cell:
 Ti         
 0.00000    
 0.00000    
 0.00000    
Properties:
 Time        Epot        Ekin        Etot        Temp     MSD         Self_diff   LC_a      LC_b      LC_c      Volume      Pressure    DebyeT   Lindemann  
 fs          eV/atom     eV/atom     eV/atom     K        Å^2         mm^2/s      Å         Å         Å         Å^3/atom    Pa          K        1          
 500         -4.87453    0.02503     -4.84949    193.67   0.0         0.0         2.847     2.847     2.847     16.325    -470355098424.72845 inf      0.0        
 600         -4.86337    0.014       -4.84937    108.27   0.00122     0.0         2.847     2.847     2.847     16.325    -470860389010.5378 899.82   0.00245    
 700         -4.8592     0.00991     -4.84929    76.66    0.00436     1e-05       2.847     2.847     2.847     16.325    -471054597390.9556 400.54   0.00464    
 800         -4.86001    0.0107      -4.84931    82.77    0.00961     2e-05       2.847     2.847     2.847     16.325    -471017448170.64795 280.23   0.00689    
 900         -4.86323    0.01387     -4.84936    107.32   0.01694     3e-05       2.847     2.847     2.847     16.325    -470869895287.69495 240.36   0.00914    
 1000        -4.86649    0.01712     -4.84938    132.43   0.0263      4e-05       2.847     2.847     2.847     16.325    -470720632444.98627 214.29   0.01139    
 1100        -4.85968    0.01035     -4.84932    80.1     0.03798     6e-05       2.847     2.847     2.847     16.325    -471032436795.7128 138.7    0.01369    
 1200        -4.86082    0.01151     -4.84932    89.02    0.05155     7e-05       2.847     2.847     2.847     16.325    -470984172446.89105 125.5    0.01595    
 1300        -4.86067    0.01136     -4.84932    87.85    0.06732     9e-05       2.847     2.847     2.847     16.325    -470988042568.5053 109.1    0.01822    
 1400        -4.86209    0.01275     -4.84934    98.64    0.08514     0.0001      2.847     2.847     2.847     16.325    -470922502618.19214 102.8    0.02049    
 1500        -4.86076    0.01144     -4.84932    88.5     0.10506     0.00012     2.847     2.847     2.847     16.325    -470982682399.36835 87.65    0.02277    

Time averages:
             Epot        Ekin        Etot        Temp     MSD         Self_diff   Pressure    Spec_heat   DebyeT   Lindemann  
             eV/atom     eV/atom     eV/atom     K        Å^2         mm^2/s      Pa          J/(K*Kg)    K        1          
             -4.86163    0.0123      -4.84933    95.16    0.04055     6e-05       -470943279913.34924 265.59188   259.9    0.01256    