Material ID: 0289
Unit cell composition: Mg125
Material:  Mg
Site positions of initial unit cell:
 Mg         
 0.00000    
 0.00000    
 0.00000    
Properties:
 Time        Epot        Ekin        Etot        Temp     MSD         Self_diff   LC_a      LC_b      LC_c      Volume      Pressure    DebyeT   Lindemann  
 fs          eV/atom     eV/atom     eV/atom     K        Å^2         mm^2/s      Å         Å         Å         Å^3/atom    Pa          K        1          
 500         -0.34703    0.0239      -0.32313    184.93   0.0         0.0         3.224     3.224     3.224     25.791    3498638013.26186 inf      0.0        
 600         -0.34696    0.02383     -0.32313    184.39   0.17977     0.0005      3.224     3.224     3.224     25.791    2668692809.62687 135.74   0.0263     
 700         -0.3571     0.03397     -0.32313    262.79   0.53594     0.00128     3.224     3.224     3.224     25.791    2062339493.82133 93.85    0.04542    
 800         -0.35993    0.0368      -0.32313    284.69   0.91944     0.00192     3.224     3.224     3.224     25.791    1729584474.57737 74.58    0.05949    
 900         -0.37008    0.04695     -0.32313    363.23   1.40672     0.00261     3.224     3.224     3.224     25.791    1786010774.96713 68.1     0.07358    
 1000        -0.37157    0.04844     -0.32313    374.78   2.01649     0.00336     3.224     3.224     3.224     25.791    1321068684.3731 57.78    0.0881     
 1100        -0.37234    0.0492      -0.32313    380.66   2.45868     0.00373     3.224     3.224     3.224     25.791    1082900787.37409 52.74    0.09728    
 1200        -0.37088    0.04775     -0.32313    369.38   2.57242     0.00357     3.224     3.224     3.224     25.791    1293444420.2099 50.79    0.0995     
 1300        -0.36742    0.04429     -0.32313    342.65   3.023       0.00388     3.224     3.224     3.224     25.791    1487429754.96303 45.12    0.10787    
 1400        -0.36897    0.04584     -0.32313    354.65   3.54354     0.00422     3.224     3.224     3.224     25.791    1476839231.49453 42.4     0.11679    
 1500        -0.37499    0.05186     -0.32313    401.2    4.12403     0.00458     3.224     3.224     3.224     25.791    1512310665.23821 41.8     0.12599    

Time averages:
             Epot        Ekin        Etot        Temp     MSD         Self_diff   Pressure    Spec_heat   DebyeT   Lindemann  
             eV/atom     eV/atom     eV/atom     K        Å^2         mm^2/s      Pa          J/(K*Kg)    K        1          
             -0.36602    0.04289     -0.32313    331.84   2.078       0.00324     1642062109.66456 526.12908   66.29    0.08403    