Material ID: 0092
Unit cell composition: Ag125Ca375
Material:  AgCa3
Site positions of initial unitcell:
 Ag          Ca          Ca          Ca         
 0.00000     2.54119     2.54119     0.00000    
 2.54119     0.00000     2.54119     0.00000    
 2.54119     2.54119     0.00000     0.00000    
Properties:
 Time        Epot        Ekin        Etot        Temp     MSD         Self_diff   LC_a      LC_b      LC_c      Volume      Pressure   
 fs          eV/atom     eV/atom     eV/atom     K        Å^2         mm^2/s      Å         Å         Å         Å^3/atom    eV/Å^3     
 1500        -1.84535    0.02614     -1.81921    202.26   0.0         0.0         5.082     5.082     5.082     32.82     0.07301    
 1800        -1.83775    0.01855     -1.81921    143.49   0.10895     0.0001      5.082     5.082     5.082     32.82     0.06288    
 2100        -1.86633    0.04711     -1.81922    364.46   0.49413     0.00039     5.082     5.082     5.082     32.82     0.04753    
 2400        -1.9038     0.08454     -1.81926    654.02   1.49981     0.00104     5.082     5.082     5.082     32.82     0.03075    
 2700        -1.93445    0.11514     -1.81931    890.78   3.08805     0.00191     5.082     5.082     5.082     32.82     0.01793    
 3000        -1.9589     0.13957     -1.81933    1079.79  4.43685     0.00246     5.082     5.082     5.082     32.82     0.016      
 3300        -1.9801     0.16073     -1.81937    1243.48  5.5789      0.00282     5.082     5.082     5.082     32.82     0.01187    
 3600        -2.00115    0.18173     -1.81943    1405.9   6.40002     0.00296     5.082     5.082     5.082     32.82     0.01022    
 3900        -2.0073     0.18781     -1.81949    1452.99  7.29344     0.00312     5.082     5.082     5.082     32.82     0.01332    
 4200        -2.01899    0.19956     -1.81943    1543.87  8.40197     0.00333     5.082     5.082     5.082     32.82     0.00812    
 4500        -2.03936    0.21988     -1.81947    1701.11  9.6124      0.00356     5.082     5.082     5.082     32.82     0.00994    

Time averages:
             Epot        Ekin        Etot        Temp     MSD         Self_diff   Pressure    Spec_heat  
             eV/atom     eV/atom     eV/atom     K        Å^2         mm^2/s      eV/Å^3      J/(K*Kg)   
             -1.95481    0.13546     -1.81935    1047.99  4.69145     0.0024      0.02286     -2.95795   