Material ID: 0106
Unit cell composition: Zn250
Material:  Zn
Site positions of initial unit cell:
 Zn          Zn         
 -0.00000    1.31337    
 1.51654     0.75827    
 1.30181     3.90543    
Properties:
 Time        Epot        Ekin        Etot        Temp     MSD         Self_diff   LC_a      LC_b      LC_c      Volume      Pressure    DebyeT   Lindemann  
 fs          eV/atom     eV/atom     eV/atom     K        Å^2         mm^2/s      Å         Å         Å         Å^3/atom    Pa          K        1          
 500         -1.03494    0.02401     -1.01093    185.75   0.0         0.0         2.574     2.574     5.103     14.643    15087295286.6583 inf      0.0        
 600         -1.03625    0.02533     -1.01093    195.93   0.05305     0.00015     2.574     2.574     5.103     14.643    13658549328.49971 157.05   0.0147     
 700         -1.04791    0.03698     -1.01093    286.12   0.14984     0.00036     2.574     2.574     5.103     14.643    11563805639.49317 112.92   0.0247     
 800         -1.0527     0.04177     -1.01093    323.16   0.22822     0.00048     2.574     2.574     5.103     14.643    11519118949.3025 97.24    0.03048    
 900         -1.0672     0.05627     -1.01093    435.31   0.35644     0.00066     2.574     2.574     5.103     14.643    10610412501.18082 90.31    0.0381     
 1000        -1.07812    0.06719     -1.01093    519.81   0.54724     0.00091     2.574     2.574     5.103     14.643    8641536157.33869 79.64    0.0472     
 1100        -1.09996    0.08903     -1.01093    688.73   0.73251     0.00111     2.574     2.574     5.103     14.643    7923573594.42168 79.24    0.05461    
 1200        -1.11141    0.10048     -1.01093    777.37   0.9481      0.00132     2.574     2.574     5.103     14.643    7587708326.99774 73.99    0.06213    
 1300        -1.12697    0.11603     -1.01093    897.67   1.35257     0.00173     2.574     2.574     5.103     14.643    6918580270.33073 66.57    0.07421    
 1400        -1.16733    0.1564      -1.01094    1209.95  1.99092     0.00237     2.574     2.574     5.103     14.643    7242662099.65087 63.7     0.09004    
 1500        -1.20753    0.19658     -1.01094    1520.85  3.09441     0.00344     2.574     2.574     5.103     14.643    4824038796.44925 57.29    0.11225    

Time averages:
             Epot        Ekin        Etot        Temp     MSD         Self_diff   Pressure    Spec_heat   DebyeT   Lindemann  
             eV/atom     eV/atom     eV/atom     K        Å^2         mm^2/s      Pa          J/(K*Kg)    K        1          
             -1.09954    0.08861     -1.01093    685.49   0.94533     0.00138     9048998566.36652 358.08992   87.8     0.05484    