Material ID: 0164
Unit cell composition: Ni250
Material:  Ni
Site positions of initial unit cell:
 Ni          Ni         
 -0.00000    1.23714    
 1.42853     0.71426    
 1.01755     3.05264    
Properties:
 Time        Epot        Ekin        Etot        Temp     MSD         Self_diff   LC_a      LC_b      LC_c      Volume      Pressure    DebyeT   Lindemann  
 fs          eV/atom     eV/atom     eV/atom     K        Å^2         mm^2/s      Å         Å         Å         Å^3/atom    Pa          K        1          
 500         -15.28748   0.0258      -15.26168   199.61   0.0         0.0         2.573     2.573     4.233     12.137    197111005562.4193 inf      0.0        
 600         -15.33596   0.07413     -15.26184   573.46   0.00286     1e-05       2.573     2.573     4.233     12.137    202588768495.48904 1220.53  0.00383    
 700         -15.29006   0.02837     -15.26169   219.5    0.00895     2e-05       2.573     2.573     4.233     12.137    197479859801.39993 427.08   0.00678    
 800         -15.33032   0.06851     -15.2618    530.05   0.00852     2e-05       2.573     2.573     4.233     12.137    201976295470.82773 680.24   0.00661    
 900         -15.30158   0.03985     -15.26172   308.33   0.01        2e-05       2.573     2.573     4.233     12.137    199020892941.0184 479.0    0.00716    
 1000        -15.31698   0.05522     -15.26176   427.22   0.01525     3e-05       2.573     2.573     4.233     12.137    200927021971.11847 456.55   0.00885    
 1100        -15.3097    0.04796     -15.26174   371.05   0.01996     3e-05       2.573     2.573     4.233     12.137    200226502854.3268 371.87   0.01012    
 1200        -15.3119    0.05016     -15.26174   388.05   0.02106     3e-05       2.573     2.573     4.233     12.137    200290551799.82413 370.24   0.0104     
 1300        -15.32362   0.06185     -15.26177   478.51   0.02602     3e-05       2.573     2.573     4.233     12.137    201466976120.3059 369.83   0.01156    
 1400        -15.30339   0.04166     -15.26173   322.26   0.03359     4e-05       2.573     2.573     4.233     12.137    199575325076.74844 267.13   0.01313    
 1500        -15.30439   0.04264     -15.26175   329.88   0.03959     4e-05       2.573     2.573     4.233     12.137    199847523219.55203 248.94   0.01426    

Time averages:
             Epot        Ekin        Etot        Temp     MSD         Self_diff   Pressure    Spec_heat   DebyeT   Lindemann  
             eV/atom     eV/atom     eV/atom     K        Å^2         mm^2/s      Pa          J/(K*Kg)    K        1          
             -15.31279   0.05103     -15.26175   394.83   0.01858     3e-05       200339971775.0611 233.79797   489.14   0.00927    