Material ID: 0307
Unit cell composition: Pd500
Material:  Pd
Site positions of initial unit cell:
 Pd          Pd          Pd          Pd         
 0.00000     -0.00000    0.00000     1.39885    
 0.00000     1.61525     0.00000     0.80762    
 0.00000     2.28701     4.57402     6.86103    
Properties:
 Time        Epot        Ekin        Etot        Temp     MSD         Self_diff   LC_a      LC_b      LC_c      Volume      Pressure    DebyeT   Lindemann  
 fs          eV/atom     eV/atom     eV/atom     K        Å^2         mm^2/s      Å         Å         Å         Å^3/atom    Pa          K        1          
 500         -11.00962   0.02597     -10.98364   200.95   0.0         0.0         2.798     2.798     9.148     15.502    72715922342.72125 inf      0.0        
 600         -10.99506   0.01144     -10.98363   88.48    0.00109     0.0         2.798     2.798     9.148     15.502    71826091254.77542 576.91   0.00334    
 700         -10.99567   0.01204     -10.98363   93.17    0.00126     0.0         2.798     2.798     9.148     15.502    71874622490.52042 551.34   0.00358    
 800         -10.99646   0.01283     -10.98363   99.24    0.00136     0.0         2.798     2.798     9.148     15.502    71920307673.92296 546.9    0.00373    
 900         -10.99747   0.01384     -10.98363   107.05   0.00142     0.0         2.798     2.798     9.148     15.502    71985883143.5505 556.41   0.00381    
 1000        -10.99633   0.0127      -10.98363   98.23    0.00148     0.0         2.798     2.798     9.148     15.502    71905547183.05222 521.3    0.00389    
 1100        -10.99512   0.01149     -10.98363   88.88    0.00209     0.0         2.798     2.798     9.148     15.502    71837151324.02174 417.25   0.00463    
 1200        -10.99709   0.01346     -10.98363   104.16   0.00238     0.0         2.798     2.798     9.148     15.502    71962953151.57553 423.72   0.00493    
 1300        -10.99559   0.01196     -10.98363   92.54    0.00286     0.0         2.798     2.798     9.148     15.502    71869691916.58908 364.44   0.0054     
 1400        -10.99768   0.01404     -10.98363   108.66   0.00307     0.0         2.798     2.798     9.148     15.502    71993662831.8676 381.01   0.0056     
 1500        -10.99508   0.01146     -10.98363   88.62    0.00366     0.0         2.798     2.798     9.148     15.502    71840224514.86977 315.24   0.00612    

Time averages:
             Epot        Ekin        Etot        Temp     MSD         Self_diff   Pressure    Spec_heat   DebyeT   Lindemann  
             eV/atom     eV/atom     eV/atom     K        Å^2         mm^2/s      Pa          J/(K*Kg)    K        1          
             -10.99616   0.01253     -10.98363   96.9     0.00207     0.0         71901613548.47452 119.0113    465.45   0.0045     