Material ID: 0230
Unit cell composition: Co3500
Material:  Co
Site positions of initial unit cell:
 Co          Co          Co          Co          Co          Co          Co          Co          Co          Co          Co          Co          Co          Co          Co          Co          Co          Co          Co          Co          Co          Co          Co          Co          Co          Co          Co          Co         
 7.58022     0.78682     3.39670     4.97034     8.14338     0.22365     3.95987     4.40717     3.02858     5.33845     1.15494     7.21210     2.10631     6.26073     6.28983     2.07721     3.71839     4.64865     0.46513     7.90190     5.74270     2.62434     1.55918     6.80785     2.62434     5.74270     6.80785     1.55918    
 0.78682     7.58022     3.39670     4.97034     3.02858     5.33845     1.15494     7.21210     8.14338     0.22365     3.95987     4.40717     3.71839     4.64865     0.46513     7.90190     2.10631     6.26073     6.28983     2.07721     2.62434     5.74270     1.55918     6.80785     5.74270     2.62434     6.80785     1.55918    
 2.27774     2.27774     0.00000     0.00000     2.27774     2.27774     0.00000     0.00000     2.27774     2.27774     0.00000     0.00000     2.27774     2.27774     0.00000     0.00000     2.27774     2.27774     0.00000     0.00000     1.13689     1.13689     3.41463     3.41463     3.41858     3.41858     1.14085     1.14085    
Properties:
 Time        Epot        Ekin        Etot        Temp     MSD         Self_diff   LC_a      LC_b      LC_c      Volume      Pressure    DebyeT   Lindemann  
 fs          eV/atom     eV/atom     eV/atom     K        Å^2         mm^2/s      Å         Å         Å         Å^3/atom    Pa          K        1          
 500         -2.95043    0.02603     -2.9244     201.37   0.0         0.0         8.032     8.032     4.373     10.077    -624119483103.1105 inf      0.0        
 600         -5.82991    2.64296     -3.18695    20446.85 0.15758     0.00044     8.032     8.032     4.373     10.077    -434303545025.6771 980.43   4e-05      
 700         -6.08155    2.89559     -3.18595    22401.33 0.47854     0.00114     8.032     8.032     4.373     10.077    -409696550097.34064 588.88   7e-05      
 800         -6.15103    2.96437     -3.18666    22933.41 0.97592     0.00203     8.032     8.032     4.373     10.077    -402597231412.7332 417.23   0.0001     
 900         -6.2067     3.01879     -3.18791    23354.41 1.28496     0.00238     8.032     8.032     4.373     10.077    -397902085260.5992 366.94   0.00011    
 1000        -6.19886    3.01186     -3.187      23300.76 1.61564     0.00269     8.032     8.032     4.373     10.077    -398283987164.1868 326.86   0.00013    
 1100        -6.21342    3.02589     -3.18753    23409.37 1.91359     0.0029      8.032     8.032     4.373     10.077    -397438782991.228 301.04   0.00014    
 1200        -6.17524    2.98769     -3.18755    23113.8  2.20315     0.00306     8.032     8.032     4.373     10.077    -400364999668.24 278.78   0.00015    
 1300        -6.18294    2.99635     -3.1866     23180.79 2.49479     0.0032      8.032     8.032     4.373     10.077    -400320823343.93 262.36   0.00016    
 1400        -6.20521    3.0187      -3.18651    23353.74 2.75828     0.00328     8.032     8.032     4.373     10.077    -397810986648.4159 250.44   0.00017    
 1500        -6.24173    3.0541      -3.18763    23627.59 3.14815     0.0035      8.032     8.032     4.373     10.077    -394916213755.6947 235.79   0.00018    
 1600        -6.2398     3.05253     -3.18727    23615.42 3.64757     0.0038      8.032     8.032     4.373     10.077    -395091902347.5056 219.0    0.00019    

Time averages:
             Epot        Ekin        Etot        Temp     MSD         Self_diff   Pressure    Spec_heat   DebyeT   Lindemann  
             eV/atom     eV/atom     eV/atom     K        Å^2         mm^2/s      Pa          J/(K*Kg)    K        1          
             -6.18965    3.00259     -3.18706    23229.06 2.05206     0.00298     -399442356268.9875 212.48067   324.73   0.00014    