Material ID: 0093
Unit cell composition: Fe250
Material:  Fe
Site positions of initial unit cell:
 Fe          Fe         
 1.19209     0.00000    
 1.21211     0.00000    
 1.85485     0.00000    
Properties:
 Time        Epot        Ekin        Etot        Temp     MSD         Self_diff   LC_a      LC_b      LC_c      Volume      Pressure    DebyeT   Lindemann  
 fs          eV/atom     eV/atom     eV/atom     K        Å^2         mm^2/s      Å         Å         Å         Å^3/atom    Pa          K        1          
 500         -8.1986     0.02673     -8.17187    206.78   0.0         0.0         2.374     2.374     3.636     10.247    -334785133383.843 inf      0.0        
 600         -8.19774    0.02581     -8.17194    199.64   0.00192     1e-05       2.374     2.374     3.636     10.247    -334791841809.32513 902.56   0.00354    
 700         -8.22653    0.05417     -8.17236    419.05   0.00229     1e-05       2.374     2.374     3.636     10.247    -332521011879.7144 1196.11  0.00387    
 800         -8.24543    0.0728      -8.17262    563.22   0.00596     1e-05       2.374     2.374     3.636     10.247    -331034785973.75665 859.79   0.00624    
 900         -8.23865    0.06614     -8.17251    511.7    0.0087      2e-05       2.374     2.374     3.636     10.247    -331569980368.08746 678.12   0.00754    
 1000        -8.21842    0.04626     -8.17217    357.85   0.01431     2e-05       2.374     2.374     3.636     10.247    -333177670074.1317 442.12   0.00967    
 1100        -8.2046     0.03268     -8.17192    252.79   0.01887     3e-05       2.374     2.374     3.636     10.247    -334255666550.7097 323.61   0.0111     
 1200        -8.21212    0.04009     -8.17203    310.16   0.02587     4e-05       2.374     2.374     3.636     10.247    -333618167400.8186 306.18   0.013      
 1300        -8.23667    0.06441     -8.17226    498.33   0.03196     4e-05       2.374     2.374     3.636     10.247    -331694894748.82666 349.13   0.01445    
 1400        -8.22571    0.05348     -8.17223    413.77   0.04082     5e-05       2.374     2.374     3.636     10.247    -332448238973.8552 281.49   0.01633    
 1500        -8.24281    0.07056     -8.17225    545.87   0.04903     5e-05       2.374     2.374     3.636     10.247    -331201661331.953 295.01   0.0179     

Time averages:
             Epot        Ekin        Etot        Temp     MSD         Self_diff   Pressure    Spec_heat   DebyeT   Lindemann  
             eV/atom     eV/atom     eV/atom     K        Å^2         mm^2/s      Pa          J/(K*Kg)    K        1          
             -8.22487    0.05264     -8.17223    407.24   0.01997     3e-05       -332631391911.11786 252.05287   563.41   0.01036    