Material ID: 0144
Unit cell composition: Co125
Material:  Co
Site positions of initial unit cell:
 Co         
 0.00000    
 0.00000    
 0.00000    
Properties:
 Time        Epot        Ekin        Etot        Temp     MSD         Self_diff   LC_a      LC_b      LC_c      Volume      Pressure    DebyeT   Lindemann  
 fs          eV/atom     eV/atom     eV/atom     K        Å^2         mm^2/s      Å         Å         Å         Å^3/atom    Pa          K        1          
 500         -9.78779    0.02702     -9.76077    209.04   0.0         0.0         2.589     2.589     2.589     12.276    113470522059.65533 inf      0.0        
 600         -9.77615    0.01539     -9.76076    119.1    0.00218     1e-05       2.589     2.589     2.589     12.276    112365520415.23386 636.9    0.0036     
 700         -9.77251    0.01176     -9.76075    90.99    0.00588     1e-05       2.589     2.589     2.589     12.276    112071229558.18394 338.66   0.00592    
 800         -9.77332    0.01256     -9.76075    97.2     0.01153     2e-05       2.589     2.589     2.589     12.276    112134476061.43507 249.89   0.00829    
 900         -9.77539    0.01464     -9.76076    113.24   0.0193      4e-05       2.589     2.589     2.589     12.276    112305742868.01701 208.47   0.01073    
 1000        -9.77644    0.01568     -9.76076    121.29   0.02958     5e-05       2.589     2.589     2.589     12.276    112391180344.7658 174.3    0.01328    
 1100        -9.77193    0.01118     -9.76075    86.49    0.04234     6e-05       2.589     2.589     2.589     12.276    111985847573.66818 123.02   0.01589    
 1200        -9.77128    0.01053     -9.76075    81.47    0.05729     8e-05       2.589     2.589     2.589     12.276    111953708086.7884 102.64   0.01849    
 1300        -9.77363    0.01287     -9.76075    99.58    0.0742      0.0001      2.589     2.589     2.589     12.276    112156467303.19495 99.71    0.02104    
 1400        -9.7731     0.01235     -9.76075    95.54    0.09359     0.00011     2.589     2.589     2.589     12.276    112112877789.68166 86.96    0.02363    
 1500        -9.77678    0.01603     -9.76076    123.98   0.11472     0.00013     2.589     2.589     2.589     12.276    112399496918.35191 89.47    0.02616    

Time averages:
             Epot        Ekin        Etot        Temp     MSD         Self_diff   Pressure    Spec_heat   DebyeT   Lindemann  
             eV/atom     eV/atom     eV/atom     K        Å^2         mm^2/s      Pa          J/(K*Kg)    K        1          
             -9.77405    0.0133      -9.76075    102.89   0.04506     7e-05       112187654691.93208 214.4878    211.0    0.0147     