Material ID: 0125
Unit cell composition: Ti125
Material:  Ti
Site positions of initial unit cell:
 Ti         
 0.00000    
 0.00000    
 0.00000    
Properties:
 Time        Epot        Ekin        Etot        Temp     MSD         Self_diff   LC_a      LC_b      LC_c      Volume      Pressure    DebyeT   Lindemann  
 fs          eV/atom     eV/atom     eV/atom     K        Å^2         mm^2/s      Å         Å         Å         Å^3/atom    Pa          K        1          
 500         -1.21487    0.0295      -1.18537    228.23   0.0         0.0         2.789     2.789     2.789     15.346    -747114783715.8824 inf      0.0        
 600         -1.2001     0.01504     -1.18506    116.39   0.00085     0.0         2.789     2.789     2.789     15.346    -747813653313.5516 1115.22  0.00209    
 700         -1.20379    0.01859     -1.1852     143.82   0.00314     1e-05       2.789     2.789     2.789     15.346    -747633226489.4592 646.36   0.00402    
 800         -1.19594    0.01091     -1.18503    84.38    0.00699     1e-05       2.789     2.789     2.789     15.346    -748005015315.7316 331.91   0.00599    
 900         -1.20027    0.01513     -1.18515    117.02   0.01229     2e-05       2.789     2.789     2.789     15.346    -747798518517.5693 294.74   0.00795    
 1000        -1.20149    0.01634     -1.18515    126.44   0.0191      3e-05       2.789     2.789     2.789     15.346    -747742869078.6765 245.73   0.00991    
 1100        -1.19899    0.01389     -1.18511    107.42   0.02746     4e-05       2.789     2.789     2.789     15.346    -747859763607.1268 188.9    0.01188    
 1200        -1.20311    0.01794     -1.18518    138.76   0.0373      5e-05       2.789     2.789     2.789     15.346    -747665970879.341 184.2    0.01385    
 1300        -1.19834    0.01324     -1.1851     102.44   0.04873     6e-05       2.789     2.789     2.789     15.346    -747890219768.7784 138.47   0.01583    
 1400        -1.20237    0.01719     -1.18517    133.02   0.06161     7e-05       2.789     2.789     2.789     15.346    -747700016774.8073 140.33   0.0178     
 1500        -1.19579    0.01075     -1.18504    83.19    0.07606     8e-05       2.789     2.789     2.789     15.346    -748011471563.6475 99.88    0.01977    

Time averages:
             Epot        Ekin        Etot        Temp     MSD         Self_diff   Pressure    Spec_heat   DebyeT   Lindemann  
             eV/atom     eV/atom     eV/atom     K        Å^2         mm^2/s      Pa          J/(K*Kg)    K        1          
             -1.20002    0.0149      -1.18512    115.29   0.02935     4e-05       -747812072530.8689 265.91129   338.57   0.01091    