Material ID: 0065
Unit cell composition: Fe250
Material:  Fe
Site positions of initial unit cell:
 Fe          Fe         
 1.19209     0.00000    
 1.21211     0.00000    
 1.85485     0.00000    
Properties:
 Time        Epot        Ekin        Etot        Temp     MSD         Self_diff   LC_a      LC_b      LC_c      Volume      Pressure    DebyeT   Lindemann  
 fs          eV/atom     eV/atom     eV/atom     K        Å^2         mm^2/s      Å         Å         Å         Å^3/atom    eV/Å^3      K        1          
 1000        -6.10314    0.02508     -6.07806    194.06   0.0         0.0         2.326     2.326     3.561     9.632     -3.87431    inf      0.0        
 1200        -6.14128    0.05956     -6.08171    460.8    0.00717     1e-05       2.326     2.326     3.561     9.632     -3.85459    708.68   0.00699    
 1400        -6.26887    0.1786      -6.09028    1381.7   0.01033     1e-05       2.326     2.326     3.561     9.632     -3.7876     1022.43  0.00839    
 1600        -6.3056     0.2125      -6.09309    1644.01  0.01974     2e-05       2.326     2.326     3.561     9.632     -3.76827    806.88   0.01159    
 1800        -6.38254    0.28778     -6.09476    2226.36  0.03158     3e-05       2.326     2.326     3.561     9.632     -3.7319     742.4    0.01466    
 2000        -6.35278    0.25927     -6.09351    2005.79  0.04908     4e-05       2.326     2.326     3.561     9.632     -3.7472     565.24   0.01828    
 2200        -6.35976    0.26371     -6.09605    2040.17  0.0685      5e-05       2.326     2.326     3.561     9.632     -3.74296    482.52   0.0216     
 2400        -6.31461    0.22145     -6.09316    1713.18  0.09133     6e-05       2.326     2.326     3.561     9.632     -3.76462    382.93   0.02494    
 2600        -6.32016    0.22728     -6.09288    1758.29  0.11594     7e-05       2.326     2.326     3.561     9.632     -3.76203    344.33   0.02809    
 2800        -6.34967    0.25541     -6.09426    1975.93  0.14347     9e-05       2.326     2.326     3.561     9.632     -3.74819    328.13   0.03125    
 3000        -6.38796    0.29174     -6.09622    2256.99  0.17494     0.0001      2.326     2.326     3.561     9.632     -3.72981    317.58   0.03451    
 3200        -6.33194    0.23888     -6.09307    1848.04  0.20946     0.00011     2.326     2.326     3.561     9.632     -3.75666    262.63   0.03776    

Time averages:
             Epot        Ekin        Etot        Temp     MSD         Self_diff   Pressure    Spec_heat   DebyeT   Lindemann  
             eV/atom     eV/atom     eV/atom     K        Å^2         mm^2/s      eV/Å^3      J/(K*Kg)    K        1          
             -6.33739    0.24366     -6.09373    1885.05  0.09144     6e-05       -3.75392    -106.52745  525.51   0.02311    