Material ID: 0189
Unit cell composition: Mg500
Material:  Mg
Site positions of initial unit cell:
 Mg          Mg          Mg          Mg         
 0.00000     -0.00000    0.00000     1.60186    
 0.00000     1.84967     0.00000     0.92483    
 0.00000     2.58032     5.16064     7.74097    
Properties:
 Time        Epot        Ekin        Etot        Temp     MSD         Self_diff   LC_a      LC_b      LC_c      Volume      Pressure    DebyeT   Lindemann  
 fs          eV/atom     eV/atom     eV/atom     K        Å^2         mm^2/s      Å         Å         Å         Å^3/atom    Pa          K        1          
 500         -0.35079    0.02574     -0.32505    199.12   0.0         0.0         3.332     3.332     10.734    25.8      3532682254.80897 inf      0.0        
 600         -0.35154    0.02648     -0.32505    204.88   0.20585     0.00057     3.332     3.332     10.734    25.8      2445504406.87471 133.71   0.03852    
 700         -0.36045    0.03539     -0.32505    273.81   0.56517     0.00135     3.332     3.332     10.734    25.8      1721315940.37145 93.29    0.06382    
 800         -0.36519    0.04013     -0.32505    310.48   0.95163     0.00198     3.332     3.332     10.734    25.8      1451465856.08962 76.55    0.08281    
 900         -0.37263    0.04757     -0.32506    368.05   1.36883     0.00253     3.332     3.332     10.734    25.8      1552143190.84048 69.5     0.09932    
 1000        -0.37264    0.04758     -0.32506    368.13   1.89895     0.00316     3.332     3.332     10.734    25.8      1256424247.92561 59.01    0.11698    
 1100        -0.37659    0.05153     -0.32506    398.69   2.39409     0.00363     3.332     3.332     10.734    25.8      1070002061.79709 54.69    0.13135    
 1200        -0.37915    0.05409     -0.32506    418.47   2.86126     0.00397     3.332     3.332     10.734    25.8      1201126130.66776 51.25    0.14359    
 1300        -0.3804     0.05534     -0.32506    428.16   3.45186     0.00443     3.332     3.332     10.734    25.8      1205570562.05727 47.2     0.15772    
 1400        -0.38275    0.05769     -0.32506    446.31   4.14046     0.00493     3.332     3.332     10.734    25.8      1209921835.86779 44.0     0.17274    
 1500        -0.38287    0.05782     -0.32506    447.29   4.91937     0.00547     3.332     3.332     10.734    25.8      1079816390.04426 40.41    0.18828    

Time averages:
             Epot        Ekin        Etot        Temp     MSD         Self_diff   Pressure    Spec_heat   DebyeT   Lindemann  
             eV/atom     eV/atom     eV/atom     K        Å^2         mm^2/s      Pa          J/(K*Kg)    K        1          
             -0.37242    0.04736     -0.32506    366.43   2.27575     0.00349     1419329062.2536 580.31624   66.96    0.11951    