Material ID: 0019
Unit cell composition: Ag375
Material:  Ag
Site positions of initial unit cell:
 Ag          Ag          Ag         
 0.00000     16.35984    4.67583    
 0.00000     3.32183     0.94942    
 0.00000     1.97058     0.56322    
Properties:
 Time        Epot        Ekin        Etot        Temp     MSD         Self_diff   LC_a      LC_b      LC_c      Volume      Pressure    DebyeT   Lindemann  
 fs          eV/atom     eV/atom     eV/atom     K        Å^2         mm^2/s      Å         Å         Å         Å^3/atom    Pa          K        1          
 500         -8.6249     0.02716     -8.59775    210.08   0.0         0.0         7.699     7.699     7.699     20.306    -40254300953.93704 inf      0.0        
 600         -11.39271   2.78673     -8.60599    21559.1  0.0417      0.00012     7.699     7.699     7.699     20.306    88963986554.89977 1446.49  2e-05      
 700         -10.75266   2.14869     -8.60397    16623.01 0.23466     0.00056     7.699     7.699     7.699     20.306    54953629932.81225 535.45   5e-05      
 800         -10.19041   1.58652     -8.6039     12273.85 0.38642     0.00081     7.699     7.699     7.699     20.306    28513832252.81156 358.55   6e-05      
 900         -10.19148   1.58747     -8.604      12281.26 0.4794      0.00089     7.699     7.699     7.699     20.306    27044058226.41871 322.0    7e-05      
 1000        -10.27743   1.6734      -8.60403    12946.0  0.46933     0.00078     7.699     7.699     7.699     20.306    31585086978.30144 334.13   7e-05      
 1100        -10.2716    1.66764     -8.60396    12901.45 0.40516     0.00061     7.699     7.699     7.699     20.306    32551297532.0109 359.0    6e-05      
 1200        -10.22397   1.61994     -8.60403    12532.43 0.41936     0.00058     7.699     7.699     7.699     20.306    29171844081.19237 347.79   6e-05      
 1300        -10.35514   1.751       -8.60414    13546.32 0.41102     0.00053     7.699     7.699     7.699     20.306    36622063318.58483 365.23   6e-05      
 1400        -10.26108   1.65697     -8.60411    12818.86 0.45476     0.00054     7.699     7.699     7.699     20.306    30980478794.04482 337.77   7e-05      
 1500        -10.2477    1.64368     -8.60402    12716.07 0.50724     0.00056     7.699     7.699     7.699     20.306    28882606251.2807 318.53   7e-05      
 1600        -10.31965   1.71551     -8.60414    13271.8  0.51249     0.00053     7.699     7.699     7.699     20.306    34130702132.77665 323.75   7e-05      
 1700        -10.28339   1.67941     -8.60398    12992.5  0.54018     0.00053     7.699     7.699     7.699     20.306    32507799843.54074 312.0    7e-05      
 1800        -10.18566   1.5817      -8.60396    12236.6  0.66731     0.00062     7.699     7.699     7.699     20.306    28138734845.92304 272.43   8e-05      
 1900        -10.19249   1.58852     -8.60397    12289.36 0.70404     0.00062     7.699     7.699     7.699     20.306    27528704192.77926 265.8    8e-05      

Time averages:
             Epot        Ekin        Etot        Temp     MSD         Self_diff   Pressure    Spec_heat   DebyeT   Lindemann  
             eV/atom     eV/atom     eV/atom     K        Å^2         mm^2/s      Pa          J/(K*Kg)    K        1          
             -10.26181   1.65778     -8.60403    12825.14 0.50909     0.00057     31209931797.04348 115.83084   323.64   7e-05      