Material ID: 0063
Unit cell composition: Ag500La250
Material:  Ag2La
Site positions of initial unit cell:
 Ag          Ag          Ag          Ag          La          La         
 -0.05603    4.14556     1.09494     2.99459     1.13767     2.95187    
 -0.37375    2.19763     2.73709     -0.91321    0.79954     1.02434    
 3.07014     1.02338     2.24008     1.85344     0.19332     3.90020    
Properties:
 Time        Epot        Ekin        Etot        Temp     MSD         Self_diff   LC_a      LC_b      LC_c      Volume      Pressure   
 fs          eV/atom     eV/atom     eV/atom     K        Å^2         mm^2/s      Å         Å         Å         Å^3/atom    eV/Å^3     
 1000        -15.82551   0.02505     -15.80046   193.82   0.0         0.0         6.188     6.188     6.188     26.563    0.02912    
 1200        -16.00635   0.20558     -15.80076   1590.47  0.02773     4e-05       6.188     6.188     6.188     26.563    0.08463    
 1400        -15.94616   0.14505     -15.8011    1122.18  0.03779     4e-05       6.188     6.188     6.188     26.563    0.06404    
 1600        -16.04221   0.24038     -15.80183   1859.64  0.01754     2e-05       6.188     6.188     6.188     26.563    0.08717    
 1800        -15.98062   0.17902     -15.8016    1384.99  0.00729     1e-05       6.188     6.188     6.188     26.563    0.06515    
 2000        -16.0797    0.27814     -15.80156   2151.81  0.02642     2e-05       6.188     6.188     6.188     26.563    0.09534    
 2200        -16.05061   0.24867     -15.80195   1923.77  0.04522     3e-05       6.188     6.188     6.188     26.563    0.09139    
 2400        -15.983     0.18158     -15.80142   1404.78  0.01697     1e-05       6.188     6.188     6.188     26.563    0.07001    
 2600        -16.02134   0.21976     -15.80159   1700.11  0.02122     1e-05       6.188     6.188     6.188     26.563    0.0771     
 2800        -16.03938   0.2376      -15.80178   1838.16  0.04802     3e-05       6.188     6.188     6.188     26.563    0.08834    
 3000        -16.02597   0.22426     -15.8017    1734.99  0.0509      3e-05       6.188     6.188     6.188     26.563    0.08497    
 3200        -16.02228   0.22079     -15.80149   1708.1   0.03386     2e-05       6.188     6.188     6.188     26.563    0.07921    

Time averages:
             Epot        Ekin        Etot        Temp     MSD         Self_diff   Pressure    Spec_heat  
             eV/atom     eV/atom     eV/atom     K        Å^2         mm^2/s      eV/Å^3      J/(K*Kg)   
             -16.01913   0.21753     -15.8016    1682.85  0.03052     2e-05       0.08027     -7.85483   