Material ID: 0159
Unit cell composition: Co500
Material:  Co
Site positions of initial unit cell:
 Co          Co          Co          Co         
 1.24425     0.00089     1.24397     0.00060    
 5.11995     7.07152     1.05506     3.00645    
 0.71800     1.43624     0.71800     1.43624    
Properties:
 Time        Epot        Ekin        Etot        Temp     MSD         Self_diff   LC_a      LC_b      LC_c      Volume      Pressure    DebyeT   Lindemann  
 fs          eV/atom     eV/atom     eV/atom     K        Å^2         mm^2/s      Å         Å         Å         Å^3/atom    Pa          K        1          
 500         -9.56313    0.02699     -9.53614    208.8    0.0         0.0         2.586     8.452     2.586     12.244    87389628786.36728 inf      0.0        
 600         -9.74302    0.2064      -9.53662    1596.78  0.01554     4e-05       2.586     8.452     2.586     12.244    106825850302.14201 872.34   0.01363    
 700         -9.6378     0.10155     -9.53625    785.6    0.0268      6e-05       2.586     8.452     2.586     12.244    97457015509.40485 466.01   0.0179     
 800         -9.66799    0.1316      -9.5364     1018.07  0.01395     3e-05       2.586     8.452     2.586     12.244    99458867222.61154 735.27   0.01292    
 900         -9.69135    0.15499     -9.53636    1199.08  0.03005     6e-05       2.586     8.452     2.586     12.244    102917175136.603 543.67   0.01896    
 1000        -9.66045    0.12411     -9.53634    960.16   0.03743     6e-05       2.586     8.452     2.586     12.244    99869189082.524 435.96   0.02116    
 1100        -9.68373    0.14732     -9.53641    1139.69  0.03673     6e-05       2.586     8.452     2.586     12.244    102195094898.3973 479.45   0.02096    
 1200        -9.68655    0.15017     -9.53638    1161.77  0.03804     5e-05       2.586     8.452     2.586     12.244    102495846411.12456 475.65   0.02133    
 1300        -9.6821     0.1457      -9.53639    1127.2   0.03658     5e-05       2.586     8.452     2.586     12.244    102131985231.29176 477.76   0.02092    
 1400        -9.67177    0.13539     -9.53637    1047.45  0.03983     5e-05       2.586     8.452     2.586     12.244    101098395412.57713 441.38   0.02182    
 1500        -9.67838    0.142       -9.53638    1098.55  0.04328     5e-05       2.586     8.452     2.586     12.244    101690019358.1184 433.63   0.02275    
 1600        -9.67177    0.13539     -9.53637    1047.46  0.05127     5e-05       2.586     8.452     2.586     12.244    101287301689.97713 389.04   0.02476    
 1700        -9.67382    0.13743     -9.53638    1063.23  0.05674     6e-05       2.586     8.452     2.586     12.244    101372558858.80956 372.59   0.02605    
 1800        -9.67294    0.13657     -9.53637    1056.53  0.0603      6e-05       2.586     8.452     2.586     12.244    101253770378.5373 360.29   0.02685    

Time averages:
             Epot        Ekin        Etot        Temp     MSD         Self_diff   Pressure    Spec_heat   DebyeT   Lindemann  
             eV/atom     eV/atom     eV/atom     K        Å^2         mm^2/s      Pa          J/(K*Kg)    K        1          
             -9.67729    0.14091     -9.53637    1090.11  0.04303     5e-05       101631133645.79602 213.70019   440.94   0.02256    