Material ID: 0070
Unit cell composition: Ag500Hg500
Material:  AgHg
Site positions of initial unitcell:
 Ag          Ag          Ag          Ag          Hg          Hg          Hg          Hg         
 0.82318     1.94256     3.58891     4.70829     0.85609     1.90964     3.62182     4.67537    
 1.94256     3.58891     0.82318     4.70829     0.85609     4.67537     1.90964     3.62182    
 3.58891     0.82318     1.94256     4.70829     0.85609     3.62182     4.67537     1.90964    
Properties:
 Time        Epot        Ekin        Etot        Temp     MSD         Self_diff   LC_a      LC_b      LC_c      Volume      Pressure   
 fs          eV/atom     eV/atom     eV/atom     K        Å^2         mm^2/s      Å         Å         Å         Å^3/atom    eV/Å^3     
 1500        -3.33455    0.02693     -3.30763    208.3    0.0         0.0         5.421     5.421     5.421     19.912    0.23549    
 1800        -3.40126    0.09361     -3.30765    724.21   0.24849     0.00023     5.421     5.421     5.421     19.912    0.16845    
 2100        -3.57679    0.26893     -3.30786    2080.53  1.58694     0.00126     5.421     5.421     5.421     19.912    0.09369    
 2400        -3.69515    0.38713     -3.30803    2994.96  3.45198     0.0024      5.421     5.421     5.421     19.912    0.06966    
 2700        -3.76758    0.45946     -3.30812    3554.54  5.51171     0.0034      5.421     5.421     5.421     19.912    0.06396    
 3000        -3.82478    0.51644     -3.30834    3995.39  7.63389     0.00424     5.421     5.421     5.421     19.912    0.0637     
 3300        -3.86315    0.5548      -3.30836    4292.1   9.86004     0.00498     5.421     5.421     5.421     19.912    0.05123    
 3600        -3.91483    0.60622     -3.30861    4689.95  12.64019    0.00585     5.421     5.421     5.421     19.912    0.04121    
 3900        -3.9854     0.67683     -3.30857    5236.2   15.85268    0.00677     5.421     5.421     5.421     19.912    0.03622    
 4200        -4.04242    0.73335     -3.30907    5673.44  19.55718    0.00776     5.421     5.421     5.421     19.912    0.02419    
 4500        -4.0689     0.75987     -3.30903    5878.66  22.59222    0.00837     5.421     5.421     5.421     19.912    0.02588    

Time averages:
             Epot        Ekin        Etot        Temp     MSD         Self_diff   Pressure    Spec_heat  
             eV/atom     eV/atom     eV/atom     K        Å^2         mm^2/s      eV/Å^3      J/(K*Kg)   
             -3.81403    0.50566     -3.30836    3912.0   9.89353     0.005       0.06382     -0.78205   