Material ID: 0002
Unit cell composition: Ac125Ag125
Material:  AcAg
Site positions:
Ac                      Ag
0.0                      1.987083                      
0.0                      1.987083                      
0.0                      1.987083                      
Properties:
 Time        Epot        Ekin        Etot        Temp     MSD         Self_diff   LC_a      LC_b      LC_c      Volume      Pressure   
 fs          eV/atom     eV/atom     eV/atom     K        Å^2         mm^2/s      Å         Å         Å         Å^3/atom    eV/Å^3     
 1500        -15.32743   0.02601     -15.30142   201.24   0.0         0.0         3.974     3.974     3.974     31.384    -0.42361   
 1800        -15.31377   0.01252     -15.30124   96.88    0.00079     0.0         3.974     3.974     3.974     31.384    -0.4258    
 2100        -15.31218   0.01095     -15.30123   84.74    0.00184     0.0         3.974     3.974     3.974     31.384    -0.42605   
 2400        -15.31603   0.01474     -15.30129   114.03   0.0034      0.0         3.974     3.974     3.974     31.384    -0.42542   
 2700        -15.31376   0.01253     -15.30123   96.94    0.0057      0.0         3.974     3.974     3.974     31.384    -0.42581   
 3000        -15.3156    0.01433     -15.30127   110.88   0.00858     0.0         3.974     3.974     3.974     31.384    -0.42552   
 3300        -15.31559   0.0143      -15.30129   110.64   0.01229     1e-05       3.974     3.974     3.974     31.384    -0.4255    
 3600        -15.31259   0.01135     -15.30125   87.78    0.0166      1e-05       3.974     3.974     3.974     31.384    -0.42599   
 3900        -15.31466   0.01339     -15.30127   103.58   0.02151     1e-05       3.974     3.974     3.974     31.384    -0.42567   
 4200        -15.31518   0.01391     -15.30127   107.59   0.02704     1e-05       3.974     3.974     3.974     31.384    -0.42557   
 4500        -15.31507   0.0138      -15.30127   106.79   0.03326     1e-05       3.974     3.974     3.974     31.384    -0.42558   

Time averages:
             Epot        Ekin        Etot        Temp     MSD         Self_diff   Pressure    Spec_heat  
             eV/atom     eV/atom     eV/atom     K        Å^2         mm^2/s      eV/Å^3      J/(K*Kg)   
             -15.31444   0.01318     -15.30126   101.98   0.0131      1e-05       -0.42569    -164.36411 