Material ID: 0123
Unit cell composition: Ti250
Material:  Ti
Site positions of initial unit cell:
 Ti          Ti         
 -0.00000    1.46691    
 1.69384     0.84692    
 1.16425     3.49276    
Properties:
 Time        Epot        Ekin        Etot        Temp     MSD         Self_diff   LC_a      LC_b      LC_c      Volume      Pressure    DebyeT   Lindemann  
 fs          eV/atom     eV/atom     eV/atom     K        Å^2         mm^2/s      Å         Å         Å         Å^3/atom    Pa          K        1          
 500         -8.51995    0.02635     -8.4936     203.86   0.0         0.0         2.992     2.992     4.75      18.419    -164294179000.54803 inf      0.0        
 600         -8.51744    0.02388     -8.49357    184.71   0.00059     0.0         2.992     2.992     4.75      18.419    -164475975672.88824 1694.49  0.00152    
 700         -8.51162    0.01806     -8.49356    139.68   0.00181     0.0         2.992     2.992     4.75      18.419    -164702973842.9748 839.45   0.00267    
 800         -8.51613    0.02253     -8.4936     174.26   0.00219     0.0         2.992     2.992     4.75      18.419    -164517780998.67197 852.49   0.00294    
 900         -8.52089    0.02725     -8.49364    210.78   0.00219     0.0         2.992     2.992     4.75      18.419    -164321079482.84702 937.37   0.00294    
 1000        -8.51797    0.0243      -8.49368    187.96   0.00314     1e-05       2.992     2.992     4.75      18.419    -164417483429.44336 739.24   0.00352    
 1100        -8.53398    0.04019     -8.49378    310.96   0.00465     1e-05       2.992     2.992     4.75      18.419    -163748486328.91568 780.87   0.00429    
 1200        -8.53248    0.03865     -8.49383    299.02   0.0069      1e-05       2.992     2.992     4.75      18.419    -163781155905.60864 628.84   0.00522    
 1300        -8.54378    0.04986     -8.49392    385.75   0.00823     1e-05       2.992     2.992     4.75      18.419    -163289901378.5768 653.96   0.0057     
 1400        -8.54741    0.05342     -8.494      413.26   0.00985     1e-05       2.992     2.992     4.75      18.419    -163117152566.37323 618.67   0.00624    
 1500        -8.55661    0.06256     -8.49404    484.02   0.01188     1e-05       2.992     2.992     4.75      18.419    -162740936391.1678 609.51   0.00685    

Time averages:
             Epot        Ekin        Etot        Temp     MSD         Self_diff   Pressure    Spec_heat   DebyeT   Lindemann  
             eV/atom     eV/atom     eV/atom     K        Å^2         mm^2/s      Pa          J/(K*Kg)    K        1          
             -8.52983    0.03607     -8.49376    279.04   0.00514     1e-05       -163911292599.74677 331.57335   835.49   0.00419    