Material ID: 0294
Unit cell composition: Mg250
Material:  Mg
Site positions of initial unit cell:
 Mg          Mg         
 -0.00000    1.60152    
 1.84927     0.92463    
 1.28167     3.84502    
Properties:
 Time        Epot        Ekin        Etot        Temp     MSD         Self_diff   LC_a      LC_b      LC_c      Volume      Pressure    DebyeT   Lindemann  
 fs          eV/atom     eV/atom     eV/atom     K        Å^2         mm^2/s      Å         Å         Å         Å^3/atom    Pa          K        1          
 500         -0.35314    0.02598     -0.32716    200.99   0.0         0.0         3.331     3.331     5.332     25.619    3589783061.30606 inf      0.0        
 600         -0.3514     0.02424     -0.32716    187.55   0.20076     0.00056     3.331     3.331     5.332     25.619    2555341150.63619 129.54   0.02519    
 700         -0.35891    0.03175     -0.32716    245.62   0.5317      0.00127     3.331     3.331     5.332     25.619    2159573467.30749 91.09    0.04099    
 800         -0.36018    0.03302     -0.32716    255.47   0.91157     0.0019      3.331     3.331     5.332     25.619    1761266729.1294 70.95    0.05368    
 900         -0.36377    0.03661     -0.32716    283.21   1.27107     0.00235     3.331     3.331     5.332     25.619    1660492248.91406 63.26    0.06338    
 1000        -0.36904    0.04188     -0.32716    323.99   1.63062     0.00272     3.331     3.331     5.332     25.619    1564148516.35135 59.74    0.07179    
 1100        -0.372      0.04484     -0.32716    346.9    2.04895     0.0031      3.331     3.331     5.332     25.619    1442858897.94649 55.15    0.08048    
 1200        -0.375      0.04784     -0.32716    370.1    2.52811     0.00351     3.331     3.331     5.332     25.619    1303150545.58286 51.28    0.08939    
 1300        -0.37654    0.04938     -0.32716    382.05   2.97113     0.00381     3.331     3.331     5.332     25.619    1175160566.42004 48.06    0.09691    
 1400        -0.37948    0.05232     -0.32716    404.77   3.44843     0.00411     3.331     3.331     5.332     25.619    1319509480.42163 45.92    0.1044     
 1500        -0.37825    0.05109     -0.32716    395.26   3.98601     0.00443     3.331     3.331     5.332     25.619    1334509791.3003 42.2     0.11224    

Time averages:
             Epot        Ekin        Etot        Temp     MSD         Self_diff   Pressure    Spec_heat   DebyeT   Lindemann  
             eV/atom     eV/atom     eV/atom     K        Å^2         mm^2/s      Pa          J/(K*Kg)    K        1          
             -0.36846    0.0413      -0.32716    319.49   1.95283     0.00302     1627601139.40098 547.87013   65.72    0.07385    