Material ID: 0074
Unit cell composition: Fe125
Material:  Fe
Site positions of initial unit cell:
 Fe         
 0.00000    
 0.00000    
 0.00000    
Properties:
 Time        Epot        Ekin        Etot        Temp     MSD         Self_diff   LC_a      LC_b      LC_c      Volume      Pressure    DebyeT   Lindemann  
 fs          eV/atom     eV/atom     eV/atom     K        Å^2         mm^2/s      Å         Å         Å         Å^3/atom    Pa          K        1          
 500         -9.34435    0.02786     -9.31648    215.56   0.0         0.0         2.558     2.558     2.558     12.884    40372720527.1169 inf      0.0        
 600         -9.36001    0.04357     -9.31644    337.04   0.0258      7e-05       2.558     2.558     2.558     12.884    40189727322.65156 319.6    0.01256    
 700         -9.36694    0.05049     -9.31645    390.6    0.06667     0.00016     2.558     2.558     2.558     12.884    39719568949.11002 214.02   0.02019    
 800         -9.36829    0.05183     -9.31646    400.98   0.07809     0.00016     2.558     2.558     2.558     12.884    40010204730.0654 200.35   0.02185    
 900         -9.36766    0.0512      -9.31646    396.13   0.13007     0.00024     2.558     2.558     2.558     12.884    39697182331.94694 154.3    0.0282     
 1000        -9.36355    0.04709     -9.31646    364.27   0.16545     0.00028     2.558     2.558     2.558     12.884    39155528377.9132 131.2    0.03181    
 1100        -9.38077    0.06431     -9.31646    497.53   0.18074     0.00027     2.558     2.558     2.558     12.884    40215536089.98272 146.7    0.03325    
 1200        -9.38386    0.06738     -9.31647    521.3    0.28481     0.0004      2.558     2.558     2.558     12.884    39796982217.8381 119.62   0.04173    
 1300        -9.38025    0.06378     -9.31646    493.44   0.31778     0.00041     2.558     2.558     2.558     12.884    39394884104.83465 110.18   0.04408    
 1400        -9.38494    0.06848     -9.31646    529.77   0.28857     0.00034     2.558     2.558     2.558     12.884    40016884723.94238 119.8    0.04201    
 1500        -9.37863    0.06215     -9.31648    480.85   0.32339     0.00036     2.558     2.558     2.558     12.884    39495755421.4727 107.81   0.04447    

Time averages:
             Epot        Ekin        Etot        Temp     MSD         Self_diff   Pressure    Spec_heat   DebyeT   Lindemann  
             eV/atom     eV/atom     eV/atom     K        Å^2         mm^2/s      Pa          J/(K*Kg)    K        1          
             -9.37349    0.05703     -9.31646    441.19   0.18614     0.00029     39769225426.97577 226.8       162.36   0.03202    