Material ID: 0101
Unit cell composition: Ag375Ge125
Material:  Ag3Ge
Site positions:
Ag                      Ge
2.0814125                      2.0814125                      0.0                      0.0                      
0.0                      2.0814125                      2.0814125                      0.0                      
2.0814125                      0.0                      2.0814125                      0.0                      
Properties:
 Time        Epot        Ekin        Etot        Temp     MSD         Self_diff   LC_a      LC_b      LC_c      Volume      Pressure   
 fs          eV/atom     eV/atom     eV/atom     K        Å^2         mm^2/s      Å         Å         Å         Å^3/atom    eV/Å^3     
 1500        -13.02299   0.02751     -12.99548   212.8    0.0         0.0         4.121     4.121     4.121     17.499    0.73438    
 1800        -13.01064   0.01521     -12.99543   117.67   0.00381     0.0         4.121     4.121     4.121     17.499    0.72858    
 2100        -13.01189   0.01644     -12.99545   127.16   0.00564     0.0         4.121     4.121     4.121     17.499    0.72848    
 2400        -13.01251   0.01705     -12.99546   131.94   0.00665     0.0         4.121     4.121     4.121     17.499    0.72847    
 2700        -13.01571   0.02023     -12.99548   156.52   0.00881     1e-05       4.121     4.121     4.121     17.499    0.73008    
 3000        -13.01527   0.01979     -12.99548   153.1    0.01259     1e-05       4.121     4.121     4.121     17.499    0.72984    
 3300        -13.01448   0.01901     -12.99547   147.05   0.01642     1e-05       4.121     4.121     4.121     17.499    0.72917    
 3600        -13.01389   0.01843     -12.99546   142.6    0.02094     1e-05       4.121     4.121     4.121     17.499    0.72892    
 3900        -13.01406   0.0186      -12.99547   143.87   0.02658     1e-05       4.121     4.121     4.121     17.499    0.72882    
 4200        -13.01412   0.01866     -12.99546   144.33   0.03231     1e-05       4.121     4.121     4.121     17.499    0.72869    
 4500        -13.01367   0.01822     -12.99546   140.94   0.03885     1e-05       4.121     4.121     4.121     17.499    0.72872    

Time averages:
             Epot        Ekin        Etot        Temp     MSD         Self_diff   Pressure    Spec_heat  
             eV/atom     eV/atom     eV/atom     K        Å^2         mm^2/s      eV/Å^3      J/(K*Kg)   
             -13.01362   0.01816     -12.99546   140.52   0.01726     1e-05       0.72898     -111.4774  