Material ID: 0031
Unit cell composition: Ag125Br125
Material:  AgBr
Site positions:
Ag                      Br
0.0                      1.8020335                      
0.0                      1.8020335                      
0.0                      1.8020335                      
Properties:
 Time        Epot        Ekin        Etot        Temp     MSD         Self_diff   LC_a      LC_b      LC_c      Volume      Pressure   
 fs          eV/atom     eV/atom     eV/atom     K        Å^2         mm^2/s      Å         Å         Å         Å^3/atom    eV/Å^3     
 1500        -7.35598    0.02612     -7.32986    202.05   0.0         0.0         3.568     3.568     3.568     22.712    0.5383     
 1800        -8.45572    1.12301     -7.33271    8688.01  2.20623     0.00204     3.568     3.568     3.568     22.712    0.14956    
 2100        -8.76652    1.43049     -7.33603    11066.76 5.86292     0.00465     3.568     3.568     3.568     22.712    0.11891    
 2400        -8.84471    1.50764     -7.33707    11663.65 9.46985     0.00658     3.568     3.568     3.568     22.712    0.12025    
 2700        -8.88965    1.55424     -7.33541    12024.17 12.95008    0.00799     3.568     3.568     3.568     22.712    0.12068    
 3000        -8.86279    1.52619     -7.3366     11807.1  16.58047    0.00921     3.568     3.568     3.568     22.712    0.12028    
 3300        -8.91244    1.57528     -7.33716    12186.92 19.44151    0.00982     3.568     3.568     3.568     22.712    0.12188    
 3600        -8.82424    1.49152     -7.33272    11538.95 23.43922    0.01085     3.568     3.568     3.568     22.712    0.14599    
 3900        -8.9393     1.60393     -7.33536    12408.58 26.98098    0.01153     3.568     3.568     3.568     22.712    0.10101    
 4200        -8.9945     1.65755     -7.33695    12823.41 30.83258    0.01224     3.568     3.568     3.568     22.712    0.11367    
 4500        -8.94446    1.60932     -7.33514    12450.26 33.94678    0.01257     3.568     3.568     3.568     22.712    0.18026    
 4800        -9.06431    1.72778     -7.33653    13366.69 37.28244    0.01295     3.568     3.568     3.568     22.712    0.10137    
 5100        -8.91719    1.58322     -7.33397    12248.35 40.88641    0.01336     3.568     3.568     3.568     22.712    0.13047    
 5400        -9.04212    1.70251     -7.33962    13171.18 43.83063    0.01353     3.568     3.568     3.568     22.712    0.15496    
 5700        -8.95802    1.62301     -7.335      12556.21 46.26895    0.01353     3.568     3.568     3.568     22.712    0.14767    

Time averages:
             Epot        Ekin        Etot        Temp     MSD         Self_diff   Pressure    Spec_heat  
             eV/atom     eV/atom     eV/atom     K        Å^2         mm^2/s      eV/Å^3      J/(K*Kg)   
             -8.94594    1.61003     -7.3359     12455.76 31.949      0.01226     0.13176     191.92225  