Material ID: 0047
Unit cell composition: Fe125
Material:  Fe
Site positions of initial unit cell:
 Fe         
 0.00000    
 0.00000    
 0.00000    
Properties:
 Time        Epot        Ekin        Etot        Temp     MSD         Self_diff   LC_a      LC_b      LC_c      Volume      Pressure    DebyeT   Lindemann  
 fs          eV/atom     eV/atom     eV/atom     K        Å^2         mm^2/s      Å         Å         Å         Å^3/atom    Pa          K        1          
 500         -7.44483    0.02444     -7.42039    189.04   0.0         0.0         2.49      2.49      2.394     12.853    -92317419651.96957 inf      0.0        
 600         -8.24579    0.82504     -7.42076    6382.78  0.68928     0.00191     2.49      2.49      2.394     12.853    -36876946990.34614 269.06   0.06937    
 700         -8.18116    0.76015     -7.42101    5880.79  1.32142     0.00315     2.49      2.49      2.394     12.853    -43281978379.3268 186.52   0.09604    
 800         -8.17854    0.75713     -7.42141    5857.39  1.37341     0.00286     2.49      2.49      2.394     12.853    -43617786680.01909 182.6    0.09791    
 900         -8.28286    0.8615      -7.42136    6664.89  1.3649      0.00253     2.49      2.49      2.394     12.853    -37026689989.62683 195.38   0.09761    
 1000        -8.37981    0.95829     -7.42152    7413.69  1.69271     0.00282     2.49      2.49      2.394     12.853    -29898005496.87208 185.04   0.1087     
 1100        -8.39144    0.96995     -7.42149    7503.84  1.78982     0.00271     2.49      2.49      2.394     12.853    -30276869633.70215 181.04   0.11178    
 1200        -8.4499     1.02808     -7.42182    7953.62  2.00904     0.00279     2.49      2.49      2.394     12.853    -25709789288.4146 175.92   0.11842    
 1300        -8.37042    0.94928     -7.42114    7343.93  2.02655     0.0026      2.49      2.49      2.394     12.853    -31303536749.74046 168.32   0.11894    
 1400        -8.31083    0.88976     -7.42108    6883.46  2.25642     0.00269     2.49      2.49      2.394     12.853    -34544353318.73185 154.43   0.1255     
 1500        -8.464      1.04218     -7.42182    8062.68  2.28218     0.00254     2.49      2.49      2.394     12.853    -23826252472.30404 166.19   0.12622    
 1600        -8.37259    0.9517      -7.42089    7362.67  2.51985     0.00262     2.49      2.49      2.394     12.853    -31402323859.45495 151.14   0.13263    
 1700        -8.49181    1.06977     -7.42204    8276.12  2.61069     0.00256     2.49      2.49      2.394     12.853    -23506173196.70552 157.43   0.135      
 1800        -8.41277    0.99132     -7.42145    7669.21  2.46076     0.00228     2.49      2.49      2.394     12.853    -28956819772.90119 156.09   0.13106    

Time averages:
             Epot        Ekin        Etot        Temp     MSD         Self_diff   Pressure    Spec_heat   DebyeT   Lindemann  
             eV/atom     eV/atom     eV/atom     K        Å^2         mm^2/s      Pa          J/(K*Kg)    K        1          
             -8.39264    0.97118     -7.42146    7513.41  2.10129     0.00262     -29645081377.84537 223.92978   169.1    0.12059    