Material ID: 0061
Unit cell composition: Ag125K375
Material:  AgK3
Site positions of initial unitcell:
 Ag          K           K           K          
 2.88888     0.00000     0.00000     2.88888    
 0.00000     2.88888     0.00000     2.88888    
 0.00000     0.00000     2.88888     2.88888    
Properties:
 Time        Epot        Ekin        Etot        Temp     MSD         Self_diff   LC_a      LC_b      LC_c      Volume      Pressure   
 fs          eV/atom     eV/atom     eV/atom     K        Å^2         mm^2/s      Å         Å         Å         Å^3/atom    eV/Å^3     
 1500        -4.49539    0.02567     -4.46972    198.61   0.0         0.0         5.72      5.72      5.72      46.787    0.09975    
 1800        -4.5459     0.07616     -4.46974    589.23   0.4788      0.00044     5.72      5.72      5.72      46.787    0.08037    
 2100        -4.57611    0.1063      -4.46981    822.37   1.15179     0.00091     5.72      5.72      5.72      46.787    0.07052    
 2400        -4.59255    0.12272     -4.46983    949.43   1.59283     0.00111     5.72      5.72      5.72      46.787    0.06516    
 2700        -4.60295    0.13308     -4.46987    1029.52  2.13738     0.00132     5.72      5.72      5.72      46.787    0.05797    
 3000        -4.63529    0.16531     -4.46998    1278.88  2.96751     0.00165     5.72      5.72      5.72      46.787    0.05059    
 3300        -4.65398    0.18395     -4.47003    1423.08  3.84068     0.00194     5.72      5.72      5.72      46.787    0.04442    
 3600        -4.66634    0.1963      -4.47003    1518.68  4.45168     0.00206     5.72      5.72      5.72      46.787    0.04435    
 3900        -4.66716    0.19715     -4.47001    1525.23  4.79011     0.00205     5.72      5.72      5.72      46.787    0.04325    
 4200        -4.68837    0.21829     -4.47008    1688.77  5.48498     0.00218     5.72      5.72      5.72      46.787    0.04032    
 4500        -4.70791    0.23768     -4.47023    1838.76  6.08855     0.00226     5.72      5.72      5.72      46.787    0.0373     

Time averages:
             Epot        Ekin        Etot        Temp     MSD         Self_diff   Pressure    Spec_heat  
             eV/atom     eV/atom     eV/atom     K        Å^2         mm^2/s      eV/Å^3      J/(K*Kg)   
             -4.63366    0.16369     -4.46996    1266.39  3.29843     0.00172     0.05343     -7.47778   