Material ID: 0080
Unit cell composition: Cu125
Material:  Cu
Site positions of initial unit cell:
 Cu         
 0.00000    
 0.00000    
 0.00000    
Properties:
 Time        Epot        Ekin        Etot        Temp     MSD         Self_diff   LC_a      LC_b      LC_c      Volume      Pressure    DebyeT   Lindemann  
 fs          eV/atom     eV/atom     eV/atom     K        Å^2         mm^2/s      Å         Å         Å         Å^3/atom    eV/Å^3      K        1          
 1000        -14.14101   0.02781     -14.1132    215.15   0.0         0.0         2.392     2.392     2.392     10.506    -3.10025    inf      0.0        
 1200        -14.3681    0.25239     -14.11571   1952.6   0.05793     8e-05       2.392     2.392     2.392     10.506    -3.02283    481.23   0.02012    
 1400        -14.37066   0.25449     -14.11618   1968.8   0.06746     8e-05       2.392     2.392     2.392     10.506    -3.02572    447.78   0.02172    
 1600        -14.35364   0.23778     -14.11586   1839.59  0.0935      0.0001      2.392     2.392     2.392     10.506    -3.03669    367.65   0.02557    
 1800        -14.37906   0.26239     -14.11667   2029.93  0.1246      0.00012     2.392     2.392     2.392     10.506    -3.03208    334.56   0.02951    
 2000        -14.35273   0.23725     -14.11548   1835.47  0.15098     0.00013     2.392     2.392     2.392     10.506    -3.03886    289.0    0.03249    
 2200        -14.34881   0.23226     -14.11655   1796.84  0.18382     0.00014     2.392     2.392     2.392     10.506    -3.03933    259.15   0.03585    
 2400        -14.35511   0.23901     -14.1161    1849.07  0.24051     0.00017     2.392     2.392     2.392     10.506    -3.0413     229.83   0.041      
 2600        -14.33266   0.21785     -14.11481   1685.38  0.27864     0.00018     2.392     2.392     2.392     10.506    -3.04927    203.85   0.04414    
 2800        -14.35388   0.23866     -14.11522   1846.36  0.33017     0.0002      2.392     2.392     2.392     10.506    -3.0382     196.01   0.04804    
 3000        -14.35041   0.23446     -14.11595   1813.86  0.38772     0.00022     2.392     2.392     2.392     10.506    -3.03948    179.28   0.05206    
 3200        -14.37354   0.25613     -14.11741   1981.54  0.45697     0.00024     2.392     2.392     2.392     10.506    -3.03025    172.6    0.05652    
 3400        -14.38295   0.26536     -14.11759   2052.91  0.53087     0.00026     2.392     2.392     2.392     10.506    -3.02481    163.0    0.06092    

Time averages:
             Epot        Ekin        Etot        Temp     MSD         Self_diff   Pressure    Spec_heat   DebyeT   Lindemann  
             eV/atom     eV/atom     eV/atom     K        Å^2         mm^2/s      eV/Å^3      J/(K*Kg)    K        1          
             -14.35828   0.24212     -14.11616   1873.1   0.27778     0.00018     -3.03703    271.86612   239.49   0.04261    