Material ID: 0136
Unit cell composition: Ti375
Material:  Ti
Site positions of initial unit cell:
 Ti          Ti          Ti         
 0.00000     -0.00000    2.28843    
 0.00000     2.64245     1.32122    
 0.00000     1.41434     1.41434    
Properties:
 Time        Epot        Ekin        Etot        Temp     MSD         Self_diff   LC_a      LC_b      LC_c      Volume      Pressure    DebyeT   Lindemann  
 fs          eV/atom     eV/atom     eV/atom     K        Å^2         mm^2/s      Å         Å         Å         Å^3/atom    Pa          K        1          
 500         -0.10646    0.02511     -0.08135    194.23   0.0         0.0         4.485     4.485     2.772     16.099    -700937559104.3782 inf      0.0        
 600         -1.29671    1.20814     -0.08857    9346.61  0.23733     0.00066     4.485     4.485     2.772     16.099    -652027225918.1244 599.33   5e-05      
 700         -1.47992    1.39124     -0.08868    10763.1  0.42878     0.00102     4.485     4.485     2.772     16.099    -644903681485.789 478.48   7e-05      
 800         -1.26653    1.17886     -0.08767    9120.07  0.7322      0.00153     4.485     4.485     2.772     16.099    -654614129944.9069 337.05   9e-05      
 900         -1.36712    1.27875     -0.08837    9892.85  1.05602     0.00196     4.485     4.485     2.772     16.099    -650559576761.804 292.31   0.0001     
 1000        -1.58976    1.49946     -0.0903     11600.33 1.08226     0.0018      4.485     4.485     2.772     16.099    -640355147737.0455 312.67   0.0001     
 1100        -1.41303    1.32329     -0.08975    10237.4  1.33441     0.00202     4.485     4.485     2.772     16.099    -648575187566.5953 264.52   0.00012    
 1200        -1.7677     1.67502     -0.09268    12958.51 1.53966     0.00214     4.485     4.485     2.772     16.099    -632615753317.4248 277.06   0.00012    
 1300        -1.59993    1.51009     -0.08984    11682.58 1.32907     0.0017      4.485     4.485     2.772     16.099    -640774176579.6263 283.15   0.00012    
 1400        -1.63236    1.54188     -0.09048    11928.5  1.67525     0.00199     4.485     4.485     2.772     16.099    -638949186698.624 254.84   0.00013    
 1500        -1.60654    1.51522     -0.09132    11722.3  1.62413     0.0018      4.485     4.485     2.772     16.099    -639952514310.2709 256.57   0.00013    
 1600        -1.60747    1.51551     -0.09196    11724.48 2.0472      0.00213     4.485     4.485     2.772     16.099    -639465256913.15 228.55   0.00014    
 1700        -1.75678    1.66438     -0.0924     12876.25 1.72892     0.0017      4.485     4.485     2.772     16.099    -633725169882.6173 260.63   0.00013    

Time averages:
             Epot        Ekin        Etot        Temp     MSD         Self_diff   Pressure    Spec_heat   DebyeT   Lindemann  
             eV/atom     eV/atom     eV/atom     K        Å^2         mm^2/s      Pa          J/(K*Kg)    K        1          
             -1.56072    1.47025     -0.09048    11374.33 1.41491     0.00192     -641958609971.2065 266.32566   276.74   0.00012    