Material ID: 0222
Unit cell composition: Pd125
Material:  Pd
Site positions of initial unit cell:
 Pd         
 0.00000    
 0.00000    
 0.00000    
Properties:
 Time        Epot        Ekin        Etot        Temp     MSD         Self_diff   LC_a      LC_b      LC_c      Volume      Pressure    DebyeT   Lindemann  
 fs          eV/atom     eV/atom     eV/atom     K        Å^2         mm^2/s      Å         Å         Å         Å^3/atom    Pa          K        1          
 500         -11.01363   0.02696     -10.98667   208.56   0.0         0.0         2.798     2.798     2.798     15.49     72098757745.47028 inf      0.0        
 600         -10.99917   0.01251     -10.98666   96.81    0.00173     0.0         2.798     2.798     2.798     15.49     71209679474.60529 479.23   0.00297    
 700         -10.99821   0.01155     -10.98666   89.35    0.00439     1e-05       2.798     2.798     2.798     15.49     71166761658.02777 288.87   0.00474    
 800         -11.00105   0.01438     -10.98666   111.29   0.00839     2e-05       2.798     2.798     2.798     15.49     71345352591.27773 233.21   0.00655    
 900         -11.00126   0.01459     -10.98666   112.9    0.01393     3e-05       2.798     2.798     2.798     15.49     71353988261.74376 182.36   0.00844    
 1000        -10.9986    0.01194     -10.98666   92.35    0.02134     4e-05       2.798     2.798     2.798     15.49     71193736894.75827 133.25   0.01044    
 1100        -10.99906   0.0124      -10.98666   95.93    0.03037     5e-05       2.798     2.798     2.798     15.49     71219949004.09677 113.83   0.01246    
 1200        -11.00153   0.01487     -10.98666   115.02   0.04106     6e-05       2.798     2.798     2.798     15.49     71383203425.45744 107.21   0.01448    
 1300        -10.99761   0.01095     -10.98666   84.72    0.05344     7e-05       2.798     2.798     2.798     15.49     71118495609.9781 80.64    0.01652    
 1400        -11.00061   0.01395     -10.98666   107.94   0.06703     8e-05       2.798     2.798     2.798     15.49     71313030495.21616 81.28    0.01851    
 1500        -11.00098   0.01432     -10.98666   110.8    0.08246     9e-05       2.798     2.798     2.798     15.49     71327608356.93759 74.25    0.02053    

Time averages:
             Epot        Ekin        Etot        Temp     MSD         Self_diff   Pressure    Spec_heat   DebyeT   Lindemann  
             eV/atom     eV/atom     eV/atom     K        Å^2         mm^2/s      Pa          J/(K*Kg)    K        1          
             -10.99981   0.01315     -10.98666   101.71   0.03241     5e-05       71263180577.2099 118.03134   177.41   0.01156    