Material ID: 0059
Unit cell composition: Ag125Ho125
Material:  AgHo
Site positions of initial unitcell:
 Ag          Ho         
 1.81408     0.00000    
 1.81408     0.00000    
 1.81408     0.00000    
Properties:
 Time        Epot        Ekin        Etot        Temp     MSD         Self_diff   LC_a      LC_b      LC_c      Volume      Pressure   
 fs          eV/atom     eV/atom     eV/atom     K        Å^2         mm^2/s      Å         Å         Å         Å^3/atom    eV/Å^3     
 1500        -7.83643    0.02499     -7.81144    193.35   0.0         0.0         3.701     3.701     3.701     25.341    -0.13452   
 1800        -7.84479    0.03314     -7.81166    256.38   0.00163     0.0         3.701     3.701     3.701     25.341    -0.13291   
 2100        -7.86572    0.05379     -7.81193    416.14   0.00248     0.0         3.701     3.701     3.701     25.341    -0.12874   
 2400        -7.84948    0.0378      -7.81168    292.45   0.00463     0.0         3.701     3.701     3.701     25.341    -0.13195   
 2700        -7.82756    0.01617     -7.81139    125.12   0.00686     0.0         3.701     3.701     3.701     25.341    -0.13633   
 3000        -7.84732    0.03565     -7.81167    275.79   0.00667     0.0         3.701     3.701     3.701     25.341    -0.13242   
 3300        -7.86046    0.04859     -7.81187    375.9    0.00724     0.0         3.701     3.701     3.701     25.341    -0.12977   
 3600        -7.84386    0.03227     -7.81159    249.62   0.00838     0.0         3.701     3.701     3.701     25.341    -0.13308   
 3900        -7.83401    0.02256     -7.81146    174.5    0.01102     0.0         3.701     3.701     3.701     25.341    -0.13504   
 4200        -7.8508     0.03912     -7.81168    302.61   0.01365     1e-05       3.701     3.701     3.701     25.341    -0.13169   
 4500        -7.84875    0.03708     -7.81167    286.9    0.01725     1e-05       3.701     3.701     3.701     25.341    -0.13214   

Time averages:
             Epot        Ekin        Etot        Temp     MSD         Self_diff   Pressure    Spec_heat  
             eV/atom     eV/atom     eV/atom     K        Å^2         mm^2/s      eV/Å^3      J/(K*Kg)   
             -7.84727    0.03562     -7.81166    275.54   0.00798     0.0         -0.13241    -6.90666   