Material ID: 0155
Unit cell composition: Co500
Material:  Co
Site positions of initial unit cell:
 Co          Co          Co          Co         
 1.24425     0.00089     1.24397     0.00060    
 5.11995     7.07152     1.05506     3.00645    
 0.71800     1.43624     0.71800     1.43624    
Properties:
 Time        Epot        Ekin        Etot        Temp     MSD         Self_diff   LC_a      LC_b      LC_c      Volume      Pressure    DebyeT   Lindemann  
 fs          eV/atom     eV/atom     eV/atom     K        Å^2         mm^2/s      Å         Å         Å         Å^3/atom    Pa          K        1          
 500         -9.74724    0.02751     -9.71973    212.81   0.0         0.0         2.387     7.802     2.387     9.63      -192665746365.45303 inf      0.0        
 600         -10.06416   0.3418      -9.72236    2644.26  0.0235      7e-05       2.387     7.802     2.387     9.63      -165100249824.7416 913.07   0.01816    
 700         -9.92286    0.20146     -9.72141    1558.55  0.02267     5e-05       2.387     7.802     2.387     9.63      -174736600634.34232 713.73   0.01784    
 800         -10.12034   0.39754     -9.7228     3075.48  0.01587     3e-05       2.387     7.802     2.387     9.63      -159016400869.28275 1198.06  0.01493    
 900         -10.11396   0.39125     -9.72271    3026.81  0.02198     4e-05       2.387     7.802     2.387     9.63      -159210496632.27194 1010.01  0.01756    
 1000        -9.97881    0.25686     -9.72194    1987.18  0.04226     7e-05       2.387     7.802     2.387     9.63      -169835562406.81488 590.18   0.02436    
 1100        -10.02286   0.30107     -9.72179    2329.16  0.04577     7e-05       2.387     7.802     2.387     9.63      -166261294276.5529 614.0    0.02534    
 1200        -10.09486   0.37302     -9.72184    2885.82  0.04665     6e-05       2.387     7.802     2.387     9.63      -160925871861.89038 676.93   0.02559    
 1300        -10.01671   0.29523     -9.72148    2284.0   0.0648      8e-05       2.387     7.802     2.387     9.63      -167213865997.60654 510.99   0.03016    
 1400        -9.94228    0.22083     -9.72145    1708.38  0.07717     9e-05       2.387     7.802     2.387     9.63      -172776574969.05307 404.97   0.03291    
 1500        -10.05723   0.33533     -9.7219     2594.22  0.06648     7e-05       2.387     7.802     2.387     9.63      -163700398412.5366 537.66   0.03055    
 1600        -9.98806    0.26628     -9.72178    2060.07  0.08831     9e-05       2.387     7.802     2.387     9.63      -169385112198.17596 415.7    0.03521    
 1700        -10.02724   0.30549     -9.72175    2363.38  0.08328     8e-05       2.387     7.802     2.387     9.63      -166367923356.77838 458.51   0.03419    
 1800        -10.01294   0.29114     -9.7218     2252.35  0.11564     0.00011     2.387     7.802     2.387     9.63      -167779133935.00113 379.85   0.04029    
 1900        -10.00911   0.28752     -9.72159    2224.36  0.11654     0.0001      2.387     7.802     2.387     9.63      -167874154399.48572 376.03   0.04044    
 2000        -10.02379   0.30204     -9.72175    2336.69  0.13572     0.00011     2.387     7.802     2.387     9.63      -166750412604.7281 357.14   0.04364    

Time averages:
             Epot        Ekin        Etot        Temp     MSD         Self_diff   Pressure    Spec_heat   DebyeT   Lindemann  
             eV/atom     eV/atom     eV/atom     K        Å^2         mm^2/s      Pa          J/(K*Kg)    K        1          
             -10.01951   0.29779     -9.72171    2303.84  0.08404     9e-05       -166903474201.18085 221.08392   473.18   0.03383    