Material ID: 0183
Unit cell composition: Ni125
Material:  Ni
Site positions of initial unit cell:
 Ni         
 0.00000    
 0.00000    
 0.00000    
Properties:
 Time        Epot        Ekin        Etot        Temp     MSD         Self_diff   LC_a      LC_b      LC_c      Volume      Pressure    DebyeT   Lindemann  
 fs          eV/atom     eV/atom     eV/atom     K        Å^2         mm^2/s      Å         Å         Å         Å^3/atom    Pa          K        1          
 500         -16.21715   0.02377     -16.19339   183.86   0.0         0.0         2.529     2.529     2.529     11.431    181946446848.05557 inf      0.0        
 600         -16.20365   0.0103      -16.19335   79.71    0.00132     0.0         2.529     2.529     2.529     11.431    180760671837.1281 670.36   0.00287    
 700         -16.20613   0.01277     -16.19335   98.82    0.0035      1e-05       2.529     2.529     2.529     11.431    180990511012.21695 458.44   0.00468    
 800         -16.20518   0.01182     -16.19336   91.45    0.00734     2e-05       2.529     2.529     2.529     11.431    180913024726.72116 304.43   0.00678    
 900         -16.20571   0.01235     -16.19335   95.58    0.01255     2e-05       2.529     2.529     2.529     11.431    180947646635.22168 237.97   0.00886    
 1000        -16.20449   0.01113     -16.19336   86.1     0.01954     3e-05       2.529     2.529     2.529     11.431    180859808075.17105 181.04   0.01106    
 1100        -16.20768   0.01432     -16.19336   110.8    0.02766     4e-05       2.529     2.529     2.529     11.431    181124615774.36548 172.62   0.01315    
 1200        -16.20481   0.01146     -16.19335   88.69    0.03754     5e-05       2.529     2.529     2.529     11.431    180864147110.95883 132.56   0.01533    
 1300        -16.20315   0.0098      -16.19335   75.81    0.04904     6e-05       2.529     2.529     2.529     11.431    180725245569.88547 107.23   0.01752    
 1400        -16.20633   0.01297     -16.19335   100.38   0.06173     7e-05       2.529     2.529     2.529     11.431    181001991093.0248 109.97   0.01965    
 1500        -16.2068    0.01345     -16.19335   104.03   0.07605     8e-05       2.529     2.529     2.529     11.431    181017031890.74673 100.87   0.02181    

Time averages:
             Epot        Ekin        Etot        Temp     MSD         Self_diff   Pressure    Spec_heat   DebyeT   Lindemann  
             eV/atom     eV/atom     eV/atom     K        Å^2         mm^2/s      Pa          J/(K*Kg)    K        1          
             -16.20539   0.01204     -16.19335   93.14    0.02963     4e-05       180920469372.54404 214.25732   247.55   0.01217    