Material ID: 0029
Unit cell composition: Ag4500In2000
Material:  Ag9In4
Site positions:
Ag                      In
1.909859323                      8.155540677                      4.6936671318                      8.155540677                      5.3717328682000005                      1.909859323                      8.155540677                      5.3717328682000005                      4.6936671318                      1.909859323                      1.909859323                      8.155540677                      1.242925919                      8.822474081000001                      8.822474081000001                      1.242925919                      6.8637271102                      3.2016728898                      9.783971416                      3.2016728898                      0.281428584                      6.8637271102                      3.2016728898                      0.281428584                      9.783971416                      6.8637271102                      6.8637271102                      3.2016728898                      5.0327                      8.6147040942                      1.4506959058000002                      5.0327                      6.086869472800001                      3.9785305272                      3.9785305272                      6.086869472800001                      8.3660383872                      1.6993616128000002                      1.6993616128000002                      8.3660383872                      3.2716777468                      6.7937222531999995                      6.7937222531999995                      3.2716777468                      0.0                      0.0                      0.0                      6.474367242                      3.591032758                      0.0                      5.0327                      5.0327                      
1.909859323                      4.6936671318                      8.155540677                      5.3717328682000005                      8.155540677                      8.155540677                      1.909859323                      1.909859323                      1.909859323                      4.6936671318                      5.3717328682000005                      8.155540677                      8.822474081000001                      8.822474081000001                      1.242925919                      1.242925919                      6.8637271102                      9.783971416                      3.2016728898                      0.281428584                      3.2016728898                      3.2016728898                      6.8637271102                      6.8637271102                      6.8637271102                      9.783971416                      0.281428584                      3.2016728898                      5.0327                      5.0327                      5.0327                      1.4506959058000002                      6.086869472800001                      6.086869472800001                      3.9785305272                      3.9785305272                      8.3660383872                      8.3660383872                      1.6993616128000002                      1.6993616128000002                      3.2716777468                      3.2716777468                      6.7937222531999995                      6.7937222531999995                      0.0                      3.591032758                      6.474367242                      0.0                      0.0                      0.0                      5.0327                      8.6147040942                      
5.3717328682000005                      1.909859323                      1.909859323                      8.155540677                      8.155540677                      4.6936671318                      4.6936671318                      1.909859323                      8.155540677                      8.155540677                      1.909859323                      5.3717328682000005                      8.822474081000001                      1.242925919                      8.822474081000001                      1.242925919                      0.281428584                      6.8637271102                      6.8637271102                      3.2016728898                      3.2016728898                      9.783971416                      9.783971416                      6.8637271102                      3.2016728898                      3.2016728898                      6.8637271102                      0.281428584                      1.4506959058000002                      5.0327                      5.0327                      5.0327                      6.086869472800001                      3.9785305272                      6.086869472800001                      3.9785305272                      8.3660383872                      1.6993616128000002                      8.3660383872                      1.6993616128000002                      3.2716777468                      6.7937222531999995                      3.2716777468                      6.7937222531999995                      3.591032758                      0.0                      0.0                      0.0                      0.0                      6.474367242                      8.6147040942                      5.0327                      
Properties:
 Time        Epot        Ekin        Etot        Temp     MSD         Self_diff   LC_a      LC_b      LC_c      Volume      Pressure   
 fs          eV/atom     eV/atom     eV/atom     K        Å^2         mm^2/s      Å         Å         Å         Å^3/atom    eV/Å^3     
 1500        -9.00206    0.02559     -8.97647    197.96   0.0         0.0         10.267    10.267    10.267    20.811    0.46154    
 1800        -9.02998    0.05343     -8.97656    413.34   0.08075     7e-05       10.267    10.267    10.267    20.811    0.44854    
 2100        -9.06197    0.08537     -8.97659    660.49   0.28018     0.00022     10.267    10.267    10.267    20.811    0.39111    
 2400        -9.12858    0.15187     -8.97671    1174.92  0.96451     0.00067     10.267    10.267    10.267    20.811    0.29549    
 2700        -9.22454    0.24751     -8.97702    1914.86  2.36885     0.00146     10.267    10.267    10.267    20.811    0.19717    
 3000        -9.2796     0.3023      -8.9773     2338.68  3.96051     0.0022      10.267    10.267    10.267    20.811    0.14505    
 3300        -9.30943    0.33198     -8.97745    2568.33  5.34391     0.0027      10.267    10.267    10.267    20.811    0.12305    
 3600        -9.34167    0.364       -8.97767    2816.03  6.365       0.00295     10.267    10.267    10.267    20.811    0.10785    
 3900        -9.3701     0.3922      -8.9779     3034.21  7.00791     0.00299     10.267    10.267    10.267    20.811    0.10149    
 4200        -9.38072    0.40285     -8.97787    3116.58  7.40592     0.00294     10.267    10.267    10.267    20.811    0.10178    
 4500        -9.4007     0.42267     -8.97803    3269.9   7.92714     0.00294     10.267    10.267    10.267    20.811    0.0988     

Time averages:
             Epot        Ekin        Etot        Temp     MSD         Self_diff   Pressure    Spec_heat  
             eV/atom     eV/atom     eV/atom     K        Å^2         mm^2/s      eV/Å^3      J/(K*Kg)   
             -9.25273    0.27542     -8.97731    2130.73  4.17047     0.00212     0.20103     -0.12058   