Material ID: 0290
Unit cell composition: Mg250
Material:  Mg
Site positions of initial unit cell:
 Mg          Mg         
 -0.00000    1.60152    
 1.84927     0.92463    
 1.28167     3.84502    
Properties:
 Time        Epot        Ekin        Etot        Temp     MSD         Self_diff   LC_a      LC_b      LC_c      Volume      Pressure    DebyeT   Lindemann  
 fs          eV/atom     eV/atom     eV/atom     K        Å^2         mm^2/s      Å         Å         Å         Å^3/atom    Pa          K        1          
 500         -0.50307    0.02635     -0.47672    203.87   0.0         0.0         3.075     3.075     4.922     20.15     5114915063.98965 inf      0.0        
 600         -0.48912    0.0124      -0.47672    95.96    0.0964      0.00027     3.075     3.075     4.922     20.15     4079898677.93492 133.72   0.01891    
 700         -0.49092    0.01421     -0.47672    109.9    0.12243     0.00029     3.075     3.075     4.922     20.15     4206927149.5545 126.98   0.02131    
 800         -0.49151    0.0148      -0.47672    114.49   0.12363     0.00026     3.075     3.075     4.922     20.15     4236037695.17438 128.98   0.02141    
 900         -0.49215    0.01543     -0.47672    119.41   0.13013     0.00024     3.075     3.075     4.922     20.15     4255334814.73326 128.39   0.02197    
 1000        -0.49126    0.01455     -0.47672    112.55   0.14562     0.00024     3.075     3.075     4.922     20.15     4169288763.39831 117.83   0.02324    
 1100        -0.4917     0.01498     -0.47672    115.9    0.16042     0.00024     3.075     3.075     4.922     20.15     4190925685.38286 113.92   0.02439    
 1200        -0.49121    0.0145      -0.47672    112.15   0.17427     0.00024     3.075     3.075     4.922     20.15     4171943034.20912 107.51   0.02543    
 1300        -0.49203    0.01531     -0.47672    118.44   0.18481     0.00024     3.075     3.075     4.922     20.15     4186818710.89258 107.3    0.02618    
 1400        -0.49106    0.01434     -0.47671    110.94   0.2044      0.00024     3.075     3.075     4.922     20.15     4088844269.67002 98.74    0.02754    
 1500        -0.49212    0.01541     -0.47672    119.21   0.22547     0.00025     3.075     3.075     4.922     20.15     4113770587.7384 97.45    0.02892    

Time averages:
             Epot        Ekin        Etot        Temp     MSD         Self_diff   Pressure    Spec_heat   DebyeT   Lindemann  
             eV/atom     eV/atom     eV/atom     K        Å^2         mm^2/s      Pa          J/(K*Kg)    K        1          
             -0.49131    0.01459     -0.47672    112.9    0.15676     0.00025     4169978938.86884 515.42379   116.08   0.02393    