Material ID: 0108
Unit cell composition: Zn250
Material:  Zn
Site positions of initial unit cell:
 Zn          Zn         
 -0.00000    1.31337    
 1.51654     0.75827    
 1.30181     3.90543    
Properties:
 Time        Epot        Ekin        Etot        Temp     MSD         Self_diff   LC_a      LC_b      LC_c      Volume      Pressure    DebyeT   Lindemann  
 fs          eV/atom     eV/atom     eV/atom     K        Å^2         mm^2/s      Å         Å         Å         Å^3/atom    Pa          K        1          
 500         -0.87175    0.02588     -0.84586    200.24   0.0         0.0         2.679     2.679     5.311     16.51     12829037463.03591 inf      0.0        
 600         -0.87632    0.03046     -0.84586    235.64   0.07291     0.0002      2.679     2.679     5.311     16.51     11473531717.98955 146.9    0.01655    
 700         -0.89421    0.04834     -0.84587    373.99   0.23942     0.00057     2.679     2.679     5.311     16.51     9408022693.64416 102.13   0.03       
 800         -0.90576    0.0599      -0.84587    463.4    0.40953     0.00085     2.679     2.679     5.311     16.51     8374202905.31506 86.92    0.03923    
 900         -0.91974    0.07387     -0.84587    571.51   0.64615     0.0012      2.679     2.679     5.311     16.51     6643443050.18894 76.85    0.04928    
 1000        -0.93637    0.0905      -0.84587    700.15   0.90591     0.00151     2.679     2.679     5.311     16.51     6308430309.92702 71.84    0.05835    
 1100        -0.95147    0.1056      -0.84587    816.96   1.28878     0.00195     2.679     2.679     5.311     16.51     5537933567.95584 65.06    0.0696     
 1200        -0.96929    0.12342     -0.84587    954.81   1.76199     0.00245     2.679     2.679     5.311     16.51     4348628957.3421 60.15    0.08138    
 1300        -0.97595    0.13008     -0.84588    1006.33  2.27875     0.00292     2.679     2.679     5.311     16.51     3922760940.9388 54.3     0.09255    
 1400        -0.98862    0.14274     -0.84587    1104.32  2.94286     0.0035      2.679     2.679     5.311     16.51     4006255833.56701 50.06    0.10517    
 1500        -1.01146    0.16559     -0.84588    1281.03  3.8278      0.00425     2.679     2.679     5.311     16.51     2980554005.00709 47.27    0.11995    

Time averages:
             Epot        Ekin        Etot        Temp     MSD         Self_diff   Pressure    Spec_heat   DebyeT   Lindemann  
             eV/atom     eV/atom     eV/atom     K        Å^2         mm^2/s      Pa          J/(K*Kg)    K        1          
             -0.94292    0.09705     -0.84587    750.81   1.43741     0.00213     6300376398.18756 253.15462   76.15    0.06621    