Material ID: 0141
Unit cell composition: Cu125
Material:  Cu
Site positions of initial unit cell:
 Cu         
 0.00000    
 0.00000    
 0.00000    
Properties:
 Time        Epot        Ekin        Etot        Temp     MSD         Self_diff   LC_a      LC_b      LC_c      Volume      Pressure    DebyeT   Lindemann  
 fs          eV/atom     eV/atom     eV/atom     K        Å^2         mm^2/s      Å         Å         Å         Å^3/atom    Pa          K        1          
 500         -14.03656   0.02213     -14.01443   171.21   0.0         0.0         2.388     2.388     2.388     10.487    -508630613937.097 inf      0.0        
 600         -14.10337   0.08903     -14.01434   688.78   0.06543     0.00018     2.388     2.388     2.388     10.487    -509941479132.3067 268.93   0.02142    
 700         -14.13659   0.12218     -14.0144    945.26   0.09153     0.00022     2.388     2.388     2.388     10.487    -506582330117.8242 266.36   0.02534    
 800         -14.20315   0.18865     -14.0145    1459.49  0.11764     0.00025     2.388     2.388     2.388     10.487    -502728925795.29065 291.95   0.02872    
 900         -14.20641   0.19192     -14.01449   1484.76  0.19879     0.00037     2.388     2.388     2.388     10.487    -503619936343.1976 226.53   0.03734    
 1000        -14.17655   0.16202     -14.01452   1253.47  0.18228     0.0003      2.388     2.388     2.388     10.487    -506067044184.47455 217.36   0.03575    
 1100        -14.21906   0.20433     -14.01473   1580.76  0.2126      0.00032     2.388     2.388     2.388     10.487    -502588857062.1354 226.02   0.03861    
 1200        -14.20881   0.19392     -14.0149    1500.22  0.20542     0.00029     2.388     2.388     2.388     10.487    -503394270772.2732 224.0    0.03795    
 1300        -14.21789   0.20288     -14.015     1569.58  0.25449     0.00033     2.388     2.388     2.388     10.487    -503010081056.46533 205.85   0.04225    
 1400        -14.20918   0.19416     -14.01502   1502.11  0.22134     0.00026     2.388     2.388     2.388     10.487    -503056580570.67615 215.93   0.0394     
 1500        -14.22114   0.20601     -14.01513   1593.78  0.29172     0.00032     2.388     2.388     2.388     10.487    -503015562370.8856 193.74   0.04523    
 1600        -14.2019    0.1869      -14.015     1445.93  0.25738     0.00027     2.388     2.388     2.388     10.487    -503256139135.9662 196.46   0.04248    

Time averages:
             Epot        Ekin        Etot        Temp     MSD         Self_diff   Pressure    Spec_heat   DebyeT   Lindemann  
             eV/atom     eV/atom     eV/atom     K        Å^2         mm^2/s      Pa          J/(K*Kg)    K        1          
             -14.20007   0.1853      -14.01477   1433.54  0.20332     0.0003      -503731972740.9188 198.51183   226.42   0.03731    