Material ID: 0200
Unit cell composition: Mg125
Material:  Mg
Site positions of initial unit cell:
 Mg         
 0.00000    
 0.00000    
 0.00000    
Properties:
 Time        Epot        Ekin        Etot        Temp     MSD         Self_diff   LC_a      LC_b      LC_c      Volume      Pressure    DebyeT   Lindemann  
 fs          eV/atom     eV/atom     eV/atom     K        Å^2         mm^2/s      Å         Å         Å         Å^3/atom    Pa          K        1          
 500         -0.50127    0.02481     -0.47647    191.91   0.0         0.0         2.967     2.967     2.967     20.049    4989878828.60068 inf      0.0        
 600         -0.48853    0.01206     -0.47647    93.31    0.08766     0.00024     2.967     2.967     2.967     20.049    4019668717.77711 138.28   0.01995    
 700         -0.48787    0.01141     -0.47647    88.24    0.14632     0.00035     2.967     2.967     2.967     20.049    3895872793.07029 104.08   0.02578    
 800         -0.49113    0.01466     -0.47647    113.43   0.15783     0.00033     2.967     2.967     2.967     20.049    4108161866.91943 113.62   0.02678    
 900         -0.49297    0.0165      -0.47647    127.68   0.18179     0.00034     2.967     2.967     2.967     20.049    4236878571.34375 112.32   0.02874    
 1000        -0.49187    0.0154      -0.47647    119.14   0.24362     0.00041     2.967     2.967     2.967     20.049    4171015456.32696 93.73    0.03327    
 1100        -0.49227    0.0158      -0.47647    122.23   0.29207     0.00044     2.967     2.967     2.967     20.049    4170978406.55515 86.7     0.03642    
 1200        -0.49079    0.01433     -0.47647    110.83   0.3171      0.00044     2.967     2.967     2.967     20.049    4055051517.90939 79.23    0.03795    
 1300        -0.49041    0.01394     -0.47647    107.84   0.31992     0.00041     2.967     2.967     2.967     20.049    3965261386.04593 77.81    0.03812    
 1400        -0.49132    0.01486     -0.47647    114.94   0.32065     0.00038     2.967     2.967     2.967     20.049    4016018509.50903 80.24    0.03817    
 1500        -0.49202    0.01556     -0.47647    120.36   0.33724     0.00037     2.967     2.967     2.967     20.049    4049634999.96017 80.07    0.03914    

Time averages:
             Epot        Ekin        Etot        Temp     MSD         Self_diff   Pressure    Spec_heat   DebyeT   Lindemann  
             eV/atom     eV/atom     eV/atom     K        Å^2         mm^2/s      Pa          J/(K*Kg)    K        1          
             -0.49092    0.01445     -0.47647    111.8    0.24042     0.00039     4068854222.54172 517.03259   96.61    0.03243    