Material ID: 0197
Unit cell composition: Mg125
Material:  Mg
Site positions of initial unit cell:
 Mg         
 0.00000    
 0.00000    
 0.00000    
Properties:
 Time        Epot        Ekin        Etot        Temp     MSD         Self_diff   LC_a      LC_b      LC_c      Volume      Pressure    DebyeT   Lindemann  
 fs          eV/atom     eV/atom     eV/atom     K        Å^2         mm^2/s      Å         Å         Å         Å^3/atom    Pa          K        1          
 500         -0.42175    0.02581     -0.39594    199.71   0.0         0.0         3.186     3.186     3.186     22.866    4460005487.16451 inf      0.0        
 600         -0.41168    0.01574     -0.39594    121.75   0.15737     0.00044     3.186     3.186     3.186     22.866    3192319870.49897 117.88   0.0249     
 700         -0.4162     0.02026     -0.39594    156.76   0.34272     0.00082     3.186     3.186     3.186     22.866    2963705193.72646 90.64    0.03675    
 800         -0.42097    0.02503     -0.39594    193.63   0.533       0.00111     3.186     3.186     3.186     22.866    2694437997.6943 80.78    0.04583    
 900         -0.42187    0.02593     -0.39594    200.61   0.7518      0.00139     3.186     3.186     3.186     22.866    2192202025.06364 69.23    0.05443    
 1000        -0.42815    0.03221     -0.39594    249.18   0.98627     0.00164     3.186     3.186     3.186     22.866    2075820218.28713 67.37    0.06234    
 1100        -0.42681    0.03087     -0.39594    238.84   1.21612     0.00184     3.186     3.186     3.186     22.866    1676601140.89884 59.4     0.06923    
 1200        -0.42825    0.03231     -0.39594    249.95   1.29879     0.0018      3.186     3.186     3.186     22.866    1765973097.735 58.79    0.07154    
 1300        -0.42896    0.03302     -0.39594    255.48   1.49571     0.00192     3.186     3.186     3.186     22.866    1908221006.83193 55.39    0.07677    
 1400        -0.4322     0.03625     -0.39594    280.48   1.83066     0.00218     3.186     3.186     3.186     22.866    1681893487.62242 52.46    0.08494    
 1500        -0.43092    0.03498     -0.39594    270.62   2.172       0.00241     3.186     3.186     3.186     22.866    1477868308.07481 47.31    0.09252    

Time averages:
             Epot        Ekin        Etot        Temp     MSD         Self_diff   Pressure    Spec_heat   DebyeT   Lindemann  
             eV/atom     eV/atom     eV/atom     K        Å^2         mm^2/s      Pa          J/(K*Kg)    K        1          
             -0.4246     0.02866     -0.39594    221.73   1.07844     0.00168     2162904234.64335 530.59927   69.92    0.06193    