 Material ID     Material        Cohesive energy MSD             Self_diff       Specific heat   Lattice const a Lattice const b Lattice const c Interp LC a     Interp LC b     Interp LC c     Bulk modulus    Debye        Lindemann      
                                 eV/atom         Å^2             mm^2/s          J/(K*Kg)        Å               Å               Å               Å               Å               Å               Pa              K            1              
  0007           Ag              -13.5034        0.01475         2e-05           116.49265       2.765           2.765           2.765           2.609053646     2.609053646     2.609053646     465.480338795   262.61          0.00786        
  0008           Ag              -13.71965       0.0055          1e-05           118.61706       2.824           2.824           2.824           2.767892269     2.767892269     2.767892269     1599.158494606  366.57          0.00482        
  0028           Au              -17.78236       0.02963         3e-05           63.9489         2.762           2.762           4.586           0               0               0               0               329.43          0.01137        
  0035           Au              -18.01402       0.01582         2e-05           65.1959         2.773           2.773           2.773           -1.178513264    -1.178513264    -1.178513264    7.56314339      168.11          0.00815        
  0039           Au              -13.96191       0.87331         0.0013          81.99871        3.009           3.009           3.009           3.676889751     3.676889751     3.676889751     1352.798854513  106.5           0.05451        
  0053           Fe              -9.32138        0.01085         2e-05           251.28677       2.515           2.515           3.978           2.638435694     2.638435694     4.17323944      7892.76136394   770.19          0.00717        
  0094           Fe              -9.21899        0.01574         2e-05           224.8727        2.423           2.423           3.71            2.627156967     2.627156967     4.022596925     1446.871736794  356.37          0.0089         
  0102           Fe              -9.46084        0.18798         0.00029         223.66445       2.509           2.509           2.508           2.567218861     2.567218861     2.566195657     2480.647735054  162.12          0.03301        
  0113           Cu              -14.36226       0.12875         0.00014         198.83422       2.392           2.392           2.392           0               0               0               0               328.65          0.02968        
  0122           Cu              -16.99724       0.02068         3e-05           198.74763       2.551           2.551           4.19            2.608486089     2.608486089     4.284420507     7.873955177     304.85          0.00928        
  0140           Cu              -11.43025       0.22842         0.00031         196.56679       2.339           2.339           2.339           2.364100957     2.364100957     2.364100957     -19.803069592   235.95          0.04046        
  0149           Cu              -16.39732       0.02314         3e-05           237.57447       2.506           2.506           8.176           2.498410588     2.498410588     8.151239014     2256.372989533  677.46          0.01687        
  0157           Cu              -17.00389       0.02556         4e-05           200.66035       2.561           2.561           2.561           2.63552726      2.63552726      2.63552726      -77.17717348    261.8           0.01114        
  0168           Zn              -1.23509        0.61236         0.00089         277.93128       2.469           2.469           4.895           0               0               0               0               91.49           0.04596        
  0210           Pt              -26.1272        0.00407         1e-05           65.75572        2.643           2.643           2.643           0               0               0               0               362.96          0.00436        
