Material ID: 0175
Unit cell composition: Zn375
Material:  Zn
Site positions of initial unit cell:
 Zn          Zn          Zn         
 0.00000     4.83683     16.95108   
 0.00000     0.86092     3.01716    
 0.00000     0.50755     1.77875    
Properties:
 Time        Epot        Ekin        Etot        Temp     MSD         Self_diff   LC_a      LC_b      LC_c      Volume      Pressure    DebyeT   Lindemann  
 fs          eV/atom     eV/atom     eV/atom     K        Å^2         mm^2/s      Å         Å         Å         Å^3/atom    Pa          K        1          
 500         -0.99455    0.02334     -0.97122    180.54   0.0         0.0         7.118     7.118     7.118     12.525    -14156085844.33966 inf      0.0        
 600         -1.14509    0.17362     -0.97147    1343.2   0.50011     0.00139     7.118     7.118     7.118     12.525    3424594333.38232 133.92   7e-05      
 700         -1.21473    0.24328     -0.97144    1882.14  0.06239     0.00015     7.118     7.118     7.118     12.525    5238424120.13974 448.84   2e-05      
 800         -1.21679    0.24539     -0.9714     1898.43  0.21367     0.00045     7.118     7.118     7.118     12.525    11874308383.69993 243.57   5e-05      
 900         -1.15647    0.18507     -0.9714     1431.73  0.38195     0.00071     7.118     7.118     7.118     12.525    6973719157.0321 158.21   6e-05      
 1000        -1.15399    0.18258     -0.97141    1412.52  0.39035     0.00065     7.118     7.118     7.118     12.525    6482611686.66225 155.45   6e-05      
 1100        -1.14039    0.16898     -0.97141    1307.27  0.58813     0.00089     7.118     7.118     7.118     12.525    5583664382.51658 121.83   8e-05      
 1200        -1.14551    0.1741      -0.97141    1346.9   0.66093     0.00092     7.118     7.118     7.118     12.525    5812301593.19187 116.65   8e-05      
 1300        -1.13173    0.16032     -0.97141    1240.32  0.80607     0.00103     7.118     7.118     7.118     12.525    5038234122.23796 101.37   9e-05      
 1400        -1.13931    0.1679      -0.97141    1298.92  0.8714      0.00104     7.118     7.118     7.118     12.525    5608851513.29969 99.77    9e-05      
 1500        -1.13263    0.16122     -0.97141    1247.29  0.9375      0.00104     7.118     7.118     7.118     12.525    4832608379.49043 94.26    0.0001     

Time averages:
             Epot        Ekin        Etot        Temp     MSD         Self_diff   Pressure    Spec_heat   DebyeT   Lindemann  
             eV/atom     eV/atom     eV/atom     K        Å^2         mm^2/s      Pa          J/(K*Kg)    K        1          
             -1.15766    0.18625     -0.97142    1440.87  0.54125     0.00076     6086931767.16529 201.20489   167.39   7e-05      