Material ID: 0098
Unit cell composition: Fe125
Material:  Fe
Site positions of initial unit cell:
 Fe         
 0.00000    
 0.00000    
 0.00000    
Properties:
 Time        Epot        Ekin        Etot        Temp     MSD         Self_diff   LC_a      LC_b      LC_c      Volume      Pressure    DebyeT   Lindemann  
 fs          eV/atom     eV/atom     eV/atom     K        Å^2         mm^2/s      Å         Å         Å         Å^3/atom    Pa          K        1          
 500         -5.2268     0.02446     -5.20234    189.25   0.0         0.0         2.312     2.312     2.312     9.513     -710724064079.8262 inf      0.0        
 600         -5.30489    0.10271     -5.20218    794.57   0.02652     7e-05       2.312     2.312     2.312     9.513     -706715348409.8086 484.01   0.01409    
 700         -5.32931    0.12706     -5.20225    982.98   0.11203     0.00027     2.312     2.312     2.312     9.513     -706845833607.1091 261.91   0.02896    
 800         -5.35767    0.15535     -5.20232    1201.82  0.13105     0.00027     2.312     2.312     2.312     9.513     -704890903565.6106 267.75   0.03132    
 900         -5.36106    0.15867     -5.20239    1227.52  0.15116     0.00028     2.312     2.312     2.312     9.513     -704844169653.4299 251.96   0.03364    
 1000        -5.35357    0.15108     -5.20248    1168.82  0.15564     0.00026     2.312     2.312     2.312     9.513     -705282699531.709 242.3    0.03413    
 1100        -5.36195    0.15941     -5.20253    1233.28  0.16859     0.00026     2.312     2.312     2.312     9.513     -704899443176.3224 239.14   0.03552    
 1200        -5.36289    0.16029     -5.2026     1240.07  0.18403     0.00026     2.312     2.312     2.312     9.513     -704861769732.3916 229.52   0.03711    
 1300        -5.3739     0.17121     -5.2027     1324.52  0.18418     0.00024     2.312     2.312     2.312     9.513     -703847851569.8347 237.11   0.03713    
 1400        -5.35776    0.15499     -5.20277    1199.08  0.22095     0.00026     2.312     2.312     2.312     9.513     -705531894130.731 205.97   0.04067    
 1500        -5.36015    0.15741     -5.20274    1217.77  0.23328     0.00026     2.312     2.312     2.312     9.513     -705639449281.0973 202.01   0.04179    
 1600        -5.37374    0.17082     -5.20292    1321.52  0.23643     0.00025     2.312     2.312     2.312     9.513     -704308541874.0664 209.04   0.04207    

Time averages:
             Epot        Ekin        Etot        Temp     MSD         Self_diff   Pressure    Spec_heat   DebyeT   Lindemann  
             eV/atom     eV/atom     eV/atom     K        Å^2         mm^2/s      Pa          J/(K*Kg)    K        1          
             -5.3592     0.15663     -5.20257    1211.74  0.17773     0.00026     -705095255612.2302 224.14874   234.67   0.03623    