Material ID: 0053
Unit cell composition: Fe250
Material:  Fe
Site positions of initial unit cell:
 Fe          Fe         
 -0.00000    1.23288    
 1.42361     0.71180    
 0.97505     2.92514    
Properties:
 Time        Epot        Ekin        Etot        Temp     MSD         Self_diff   LC_a      LC_b      LC_c      Volume      Pressure    DebyeT   Lindemann  
 fs          eV/atom     eV/atom     eV/atom     K        Å^2         mm^2/s      Å         Å         Å         Å^3/atom    Pa          K        1          
 500         -9.29586    0.02741     -9.26844    212.08   0.0         0.0         2.515     2.515     3.978     10.897    -156925173648.65216 inf      0.0        
 600         -9.31257    0.04384     -9.26872    339.2    0.00074     0.0         2.515     2.515     3.978     10.897    -155620378692.96994 1897.66  0.00203    
 700         -9.33951    0.07029     -9.26922    543.79   0.00229     1e-05       2.515     2.515     3.978     10.897    -153562164743.9255 1361.79  0.00359    
 800         -9.34697    0.07771     -9.26925    601.21   0.0036      1e-05       2.515     2.515     3.978     10.897    -153025664955.95578 1142.6   0.0045     
 900         -9.31281    0.04404     -9.26878    340.67   0.00549     1e-05       2.515     2.515     3.978     10.897    -155554365486.0021 696.66   0.00555    
 1000        -9.29333    0.02487     -9.26846    192.43   0.00794     1e-05       2.515     2.515     3.978     10.897    -157004859123.88263 435.26   0.00668    
 1100        -9.30932    0.04066     -9.26866    314.56   0.01093     2e-05       2.515     2.515     3.978     10.897    -155790810891.23322 474.38   0.00784    
 1200        -9.31498    0.04612     -9.26887    356.78   0.0142      2e-05       2.515     2.515     3.978     10.897    -155288909527.8626 443.15   0.00893    
 1300        -9.3352     0.06627     -9.26893    512.7    0.01675     2e-05       2.515     2.515     3.978     10.897    -153848818277.82687 489.14   0.0097     
 1400        -9.31958    0.05076     -9.26881    392.73   0.02097     2e-05       2.515     2.515     3.978     10.897    -154961973885.5301 382.67   0.01085    
 1500        -9.32952    0.06066     -9.26886    469.27   0.02559     3e-05       2.515     2.515     3.978     10.897    -154267410887.3259 378.62   0.01199    

Time averages:
             Epot        Ekin        Etot        Temp     MSD         Self_diff   Pressure    Spec_heat   DebyeT   Lindemann  
             eV/atom     eV/atom     eV/atom     K        Å^2         mm^2/s      Pa          J/(K*Kg)    K        1          
             -9.32138    0.05252     -9.26886    406.33   0.01085     2e-05       -154892535647.25143 251.28677   770.19   0.00717    