Material ID: 0135
Unit cell composition: Cu125
Material:  Cu
Site positions of initial unit cell:
 Cu         
 1.14480    
 8.27375    
 11.12788   
Properties:
 Time        Epot        Ekin        Etot        Temp     MSD         Self_diff   LC_a      LC_b      LC_c      Volume      Pressure    DebyeT   Lindemann  
 fs          eV/atom     eV/atom     eV/atom     K        Å^2         mm^2/s      Å         Å         Å         Å^3/atom    Pa          K        1          
 500         3.3655      0.02899     3.39449     224.24   0.0         0.0         2.244     11.606    22.293    567.986   -10013957171.5477 inf      0.0        
 600         -0.43082    3.82544     3.39461     29594.91 6.73995     0.01872     2.244     11.606    22.293    567.986   47184338.48314 173.69   0.23141    
 700         -0.28031    3.67514     3.39483     28432.18 34.53891    0.08224     2.244     11.606    22.293    567.986   13739380.85809 75.2     0.52384    
 800         -0.22152    3.61613     3.39461     27975.65 81.51076    0.16981     2.244     11.606    22.293    567.986   70647358.60715 48.56    0.80473    
 900         -0.22095    3.61555     3.3946      27971.17 146.31514   0.27095     2.244     11.606    22.293    567.986   41760553.69437 36.24    1.07818    
 1000        -0.35473    3.74905     3.39433     29003.99 227.24975   0.37875     2.244     11.606    22.293    567.986   85255586.05309 29.61    1.34368    
 1100        -0.46847    3.86296     3.39449     29885.2  318.1392    0.48203     2.244     11.606    22.293    567.986   55931488.7815 25.4     1.58984    
 1200        -0.43411    3.82839     3.39427     29617.72 416.81054   0.5789      2.244     11.606    22.293    567.986   144003467.01983 22.09    1.81976    
 1300        -0.30639    3.70086     3.39447     28631.12 515.3119    0.66066     2.244     11.606    22.293    567.986   54434341.68213 19.54    2.02339    
 1400        -0.44277    3.83722     3.39445     29686.11 622.87302   0.74152     2.244     11.606    22.293    567.986   101511761.62865 18.1     2.22456    
 1500        -0.32709    3.72174     3.39465     28792.69 731.95781   0.81329     2.244     11.606    22.293    567.986   93675623.2839 16.44    2.4115     
 1600        -0.37883    3.77328     3.39446     29191.43 838.85606   0.87381     2.244     11.606    22.293    567.986   106176078.18451 15.46    2.5816     

Time averages:
             Epot        Ekin        Etot        Temp     MSD         Self_diff   Pressure    Spec_heat   DebyeT   Lindemann  
             eV/atom     eV/atom     eV/atom     K        Å^2         mm^2/s      Pa          J/(K*Kg)    K        1          
             -0.34352    3.73803     3.39452     28918.73 393.35631   0.55219     76713563.97932 196.32837   30.66    1.64011    