Material ID: 0040
Unit cell composition: Au125
Material:  Au
Site positions of initial unit cell:
 Au         
 0.00000    
 0.00000    
 0.00000    
Properties:
 Time        Epot        Ekin        Etot        Temp     MSD         Self_diff   LC_a      LC_b      LC_c      Volume      Pressure    DebyeT   Lindemann  
 fs          eV/atom     eV/atom     eV/atom     K        Å^2         mm^2/s      Å         Å         Å         Å^3/atom    Pa          K        1          
 500         -12.47524   0.02779     -12.44745   214.99   0.0         0.0         3.068     3.068     3.068     20.41     147091468509.62366 inf      0.0        
 600         -12.47908   0.03163     -12.44744   244.71   0.02482     7e-05       3.068     3.068     3.068     20.41     140281272645.9325 147.82   0.01027    
 700         -12.65384   0.20639     -12.44745   1596.72  0.1374      0.00033     3.068     3.068     3.068     20.41     117218374564.48457 160.49   0.02417    
 800         -13.02015   0.57267     -12.44748   4430.34  0.59956     0.00125     3.068     3.068     3.068     20.41     67599429888.53667 127.98   0.05048    
 900         -13.13872   0.69114     -12.44759   5346.86  1.06046     0.00196     3.068     3.068     3.068     20.41     45723327175.43275 105.72   0.06714    
 1000        -13.22709   0.77942     -12.44768   6029.84  1.23662     0.00206     3.068     3.068     3.068     20.41     51105948546.93855 103.96   0.0725     
 1100        -13.19438   0.74676     -12.44762   5777.19  1.59881     0.00242     3.068     3.068     3.068     20.41     44682669255.88468 89.49    0.08244    
 1200        -13.23861   0.79092     -12.44769   6118.87  1.9768      0.00275     3.068     3.068     3.068     20.41     41545190947.93468 82.83    0.09167    
 1300        -13.17245   0.72491     -12.44755   5608.13  2.06115     0.00264     3.068     3.068     3.068     20.41     42284728280.26874 77.66    0.0936     
 1400        -13.31264   0.86502     -12.44761   6692.12  2.08977     0.00249     3.068     3.068     3.068     20.41     55844364260.54501 84.25    0.09425    
 1500        -13.23745   0.78977     -12.44768   6109.97  2.3532      0.00261     3.068     3.068     3.068     20.41     49970522886.66013 75.86    0.10002    

Time averages:
             Epot        Ekin        Etot        Temp     MSD         Self_diff   Pressure    Spec_heat   DebyeT   Lindemann  
             eV/atom     eV/atom     eV/atom     K        Å^2         mm^2/s      Pa          J/(K*Kg)    K        1          
             -13.06744   0.61986     -12.44758   4795.48  1.31386     0.00206     65625582845.26183 72.00286    105.61   0.06865    