Material ID: 0145
Unit cell composition: Cu125
Material:  Cu
Site positions of initial unit cell:
 Cu         
 0.00000    
 0.00000    
 0.00000    
Properties:
 Time        Epot        Ekin        Etot        Temp     MSD         Self_diff   LC_a      LC_b      LC_c      Volume      Pressure    DebyeT   Lindemann  
 fs          eV/atom     eV/atom     eV/atom     K        Å^2         mm^2/s      Å         Å         Å         Å^3/atom    Pa          K        1          
 500         -15.88636   0.02397     -15.86239   185.45   0.0         0.0         2.587     2.587     2.587     13.333    102766239383.81812 inf      0.0        
 600         -15.93814   0.07576     -15.86238   586.12   0.04595     0.00013     2.587     2.587     2.587     13.333    103293192414.50645 296.03   0.01657    
 700         -15.9212    0.05884     -15.86235   455.23   0.05912     0.00014     2.587     2.587     2.587     13.333    102229023656.63377 230.0    0.0188     
 800         -15.9226    0.06023     -15.86237   465.99   0.0958      0.0002      2.587     2.587     2.587     13.333    101621402692.89714 182.81   0.02393    
 900         -15.92992   0.06754     -15.86238   522.55   0.1117      0.00021     2.587     2.587     2.587     13.333    102195906748.43497 179.28   0.02584    
 1000        -15.94469   0.08231     -15.86239   636.76   0.16272     0.00027     2.587     2.587     2.587     13.333    102820159825.61691 163.97   0.03118    
 1100        -15.96905   0.10666     -15.86239   825.16   0.22408     0.00034     2.587     2.587     2.587     13.333    103667257893.20576 159.06   0.03659    
 1200        -15.96069   0.09829     -15.86241   760.4    0.30797     0.00043     2.587     2.587     2.587     13.333    102227308618.8812 130.24   0.0429     
 1300        -15.95781   0.09541     -15.8624    738.13   0.28388     0.00036     2.587     2.587     2.587     13.333    102145443008.75513 133.66   0.04119    
 1400        -15.95925   0.09681     -15.86244   748.98   0.28272     0.00034     2.587     2.587     2.587     13.333    102171836325.07127 134.91   0.0411     
 1500        -15.95519   0.09275     -15.86244   717.55   0.30832     0.00034     2.587     2.587     2.587     13.333    101865928668.68468 126.45   0.04292    

Time averages:
             Epot        Ekin        Etot        Temp     MSD         Self_diff   Pressure    Spec_heat   DebyeT   Lindemann  
             eV/atom     eV/atom     eV/atom     K        Å^2         mm^2/s      Pa          J/(K*Kg)    K        1          
             -15.94585   0.08346     -15.86239   645.69   0.18823     0.00029     102423745985.26874 201.31994   173.64   0.0321     