Material ID: 0155
Unit cell composition: Cu125
Material:  Cu
Site positions of initial unit cell:
 Cu         
 0.00000    
 0.00000    
 0.00000    
Properties:
 Time        Epot        Ekin        Etot        Temp     MSD         Self_diff   LC_a      LC_b      LC_c      Volume      Pressure    DebyeT   Lindemann  
 fs          eV/atom     eV/atom     eV/atom     K        Å^2         mm^2/s      Å         Å         Å         Å^3/atom    Pa          K        1          
 500         -15.48541   0.02736     -15.45805   211.65   0.0         0.0         2.458     2.458     2.458     10.503    -408606381454.99817 inf      0.0        
 600         -15.46949   0.01162     -15.45787   89.9     0.00036     0.0         2.458     2.458     2.458     10.503    -409787377366.8313 1306.25  0.00155    
 700         -15.47415   0.01626     -15.45789   125.81   0.00067     0.0         2.458     2.458     2.458     10.503    -409446567203.53107 1132.73  0.00211    
 800         -15.46881   0.01093     -15.45789   84.53    0.00157     0.0         2.458     2.458     2.458     10.503    -409823679975.92664 609.07   0.00322    
 900         -15.47372   0.01578     -15.45794   122.09   0.00249     0.0         2.458     2.458     2.458     10.503    -409465306299.41974 580.94   0.00406    
 1000        -15.46738   0.00952     -15.45786   73.66    0.00393     1e-05       2.458     2.458     2.458     10.503    -409933952416.3398 358.84   0.0051     
 1100        -15.47127   0.01337     -15.4579    103.42   0.00544     1e-05       2.458     2.458     2.458     10.503    -409644532425.1602 361.24   0.006      
 1200        -15.46702   0.00916     -15.45786   70.83    0.00746     1e-05       2.458     2.458     2.458     10.503    -409959779750.09064 255.39   0.00703    
 1300        -15.4732    0.01528     -15.45792   118.19   0.00956     1e-05       2.458     2.458     2.458     10.503    -409504829287.7308 291.43   0.00796    
 1400        -15.46808   0.01021     -15.45787   79.02    0.01216     1e-05       2.458     2.458     2.458     10.503    -409882599361.791 211.28   0.00897    
 1500        -15.47279   0.01487     -15.45792   115.02   0.01487     2e-05       2.458     2.458     2.458     10.503    -409536377586.15607 230.5    0.00992    

Time averages:
             Epot        Ekin        Etot        Temp     MSD         Self_diff   Pressure    Spec_heat   DebyeT   Lindemann  
             eV/atom     eV/atom     eV/atom     K        Å^2         mm^2/s      Pa          J/(K*Kg)    K        1          
             -15.47059   0.0127      -15.45789   98.25    0.00585     1e-05       -409698500167.2978 201.86398   533.77   0.00559    