Material ID: 0000
Unit cell composition: Ag250
Material:  Ag
Site positions of initial unit cell:
 Ag          Ag         
 -0.00000    1.47633    
 1.70471     0.85236    
 1.19958     3.59874    
Properties:
 Time        Epot        Ekin        Etot        Temp     MSD         Self_diff   LC_a      LC_b      LC_c      Volume      Pressure    DebyeT   Lindemann  
 fs          eV/atom     eV/atom     eV/atom     K        Å^2         mm^2/s      Å         Å         Å         Å^3/atom    Pa          K        1          
 500         -12.74349   0.02423     -12.71927   187.42   0.0         0.0         2.775     2.775     4.51      15.045    -119570931886.37064 inf      0.0        
 600         -12.97082   0.25013     -12.72069   1935.08  0.01975     5e-05       2.775     2.775     4.51      15.045    -107238638396.7287 629.74   0.0094     
 700         -13.28363   0.56087     -12.72276   4339.08  0.00906     2e-05       2.775     2.775     4.51      15.045    -89471759889.15924 1392.05  0.00637    
 800         -13.45745   0.73355     -12.72389   5675.04  0.0174      4e-05       2.775     2.775     4.51      15.045    -79426799771.7825 1148.85  0.00883    
 900         -13.37667   0.65376     -12.72291   5057.7   0.01662     3e-05       2.775     2.775     4.51      15.045    -84103577536.10915 1109.87  0.00862    
 1000        -12.98577   0.26516     -12.72061   2051.34  0.01306     2e-05       2.775     2.775     4.51      15.045    -105141595794.10818 797.41   0.00764    
 1100        -13.166     0.44424     -12.72176   3436.77  0.0215      3e-05       2.775     2.775     4.51      15.045    -95324798683.10635 804.43   0.00981    
 1200        -13.2887    0.56638     -12.72233   4381.69  0.01805     3e-05       2.775     2.775     4.51      15.045    -88554250429.20406 991.19   0.00899    
 1300        -13.21633   0.49442     -12.7219    3825.04  0.02407     3e-05       2.775     2.775     4.51      15.045    -92429325615.83266 801.92   0.01038    
 1400        -13.21479   0.49312     -12.72167   3814.94  0.03214     4e-05       2.775     2.775     4.51      15.045    -92576799670.087 693.14   0.01199    
 1500        -13.01322   0.29211     -12.72111   2259.87  0.03586     4e-05       2.775     2.775     4.51      15.045    -103372067810.90195 505.03   0.01267    
 1600        -13.08168   0.36053     -12.72114   2789.19  0.04338     5e-05       2.775     2.775     4.51      15.045    -99985421865.45276 510.11   0.01393    
 1700        -13.16111   0.43971     -12.7214    3401.74  0.03395     3e-05       2.775     2.775     4.51      15.045    -95790583266.13821 636.78   0.01233    
 1800        -13.18769   0.46593     -12.72176   3604.57  0.03941     4e-05       2.775     2.775     4.51      15.045    -94178046276.4636 608.44   0.01328    
 1900        -13.20047   0.47871     -12.72176   3703.45  0.04253     4e-05       2.775     2.775     4.51      15.045    -93389774655.19897 593.68   0.0138     
 2000        -13.11028   0.38888     -12.72139   3008.55  0.04425     4e-05       2.775     2.775     4.51      15.045    -98285260922.75957 524.56   0.01407    
 2100        -13.14013   0.41876     -12.72137   3239.65  0.05495     4e-05       2.775     2.775     4.51      15.045    -96658598458.61375 488.48   0.01568    

Time averages:
             Epot        Ekin        Etot        Temp     MSD         Self_diff   Pressure    Spec_heat   DebyeT   Lindemann  
             eV/atom     eV/atom     eV/atom     K        Å^2         mm^2/s      Pa          J/(K*Kg)    K        1          
             -13.16144   0.43985     -12.72158   3402.87  0.03686     4e-05       -95522012897.06525 120.18993   635.33   0.01271    