Material ID: 0154
Unit cell composition: Cu125
Material:  Cu
Site positions of initial unit cell:
 Cu         
 0.00000    
 0.00000    
 0.00000    
Properties:
 Time        Epot        Ekin        Etot        Temp     MSD         Self_diff   LC_a      LC_b      LC_c      Volume      Pressure    DebyeT   Lindemann  
 fs          eV/atom     eV/atom     eV/atom     K        Å^2         mm^2/s      Å         Å         Å         Å^3/atom    Pa          K        1          
 500         -13.15537   0.0229      -13.13246   177.18   0.0         0.0         2.407     2.407     2.407     9.861     -782127040299.399 inf      0.0        
 600         -13.14592   0.01361     -13.13232   105.26   0.00014     0.0         2.407     2.407     2.407     9.861     -782849749900.2069 2267.44  0.00099    
 700         -13.14531   0.01299     -13.13232   100.5    0.00039     0.0         2.407     2.407     2.407     9.861     -782894423163.7765 1336.93  0.00163    
 800         -13.14383   0.01157     -13.13227   89.47    0.00079     0.0         2.407     2.407     2.407     9.861     -783011784057.3564 883.2    0.00233    
 900         -13.14567   0.01336     -13.13231   103.34   0.00133     0.0         2.407     2.407     2.407     9.861     -782870874086.3054 730.32   0.00303    
 1000        -13.14654   0.01424     -13.1323    110.19   0.00203     0.0         2.407     2.407     2.407     9.861     -782806185735.2709 611.2    0.00374    
 1100        -13.14366   0.01136     -13.13229   87.91    0.00293     0.0         2.407     2.407     2.407     9.861     -783017666550.8629 454.19   0.0045     
 1200        -13.14358   0.0113      -13.13228   87.42    0.00396     1e-05       2.407     2.407     2.407     9.861     -783026369712.1644 389.67   0.00523    
 1300        -13.14399   0.0117      -13.13229   90.49    0.00515     1e-05       2.407     2.407     2.407     9.861     -782996218958.565 347.59   0.00596    
 1400        -13.1414    0.00916     -13.13224   70.86    0.00649     1e-05       2.407     2.407     2.407     9.861     -783195549359.6276 273.87   0.00669    
 1500        -13.14512   0.01282     -13.13229   99.2     0.00797     1e-05       2.407     2.407     2.407     9.861     -782912632670.3762 292.46   0.00742    

Time averages:
             Epot        Ekin        Etot        Temp     MSD         Self_diff   Pressure    Spec_heat   DebyeT   Lindemann  
             eV/atom     eV/atom     eV/atom     K        Å^2         mm^2/s      Pa          J/(K*Kg)    K        1          
             -13.1445    0.01221     -13.13229   94.46    0.00312     0.0         -782958145419.4512 198.02583   758.69   0.00415    