Material ID: 0090
Unit cell composition: Fe125
Material:  Fe
Site positions of initial unit cell:
 Fe         
 1.18783    
 1.18783    
 1.18783    
Properties:
 Time        Epot        Ekin        Etot        Temp     MSD         Self_diff   LC_a      LC_b      LC_c      Volume      Pressure    DebyeT   Lindemann  
 fs          eV/atom     eV/atom     eV/atom     K        Å^2         mm^2/s      Å         Å         Å         Å^3/atom    Pa          K        1          
 500         -6.48485    0.02673     -6.45812    206.78   0.0         0.0         2.518     2.518     2.518     15.969    2562189265.98179 inf      0.0        
 600         -7.14453    0.68606     -6.45846    5307.63  0.37438     0.00104     2.518     2.518     2.518     15.969    40763234444.15386 332.92   0.0486     
 700         -7.17294    0.71441     -6.45853    5526.94  1.05477     0.00251     2.518     2.518     2.518     15.969    38057829180.77016 202.4    0.08157    
 800         -7.1586     0.70014     -6.45847    5416.5   1.54722     0.00322     2.518     2.518     2.518     15.969    35239414019.71694 165.43   0.09879    
 900         -7.14757    0.68911     -6.45846    5331.18  1.90634     0.00353     2.518     2.518     2.518     15.969    36305560839.3067 147.86   0.10966    
 1000        -7.15563    0.69719     -6.45845    5393.67  2.40705     0.00401     2.518     2.518     2.518     15.969    35703764265.1783 132.35   0.12322    
 1100        -7.15913    0.70064     -6.45849    5420.37  2.74326     0.00416     2.518     2.518     2.518     15.969    31432170170.21384 124.29   0.13154    
 1200        -7.15457    0.69621     -6.45836    5386.09  2.95525     0.0041      2.518     2.518     2.518     15.969    37223212725.70073 119.37   0.13653    
 1300        -7.16953    0.71107     -6.45846    5501.08  3.55851     0.00456     2.518     2.518     2.518     15.969    38133414835.03219 109.93   0.14982    
 1400        -7.19209    0.73337     -6.45871    5673.62  3.85905     0.00459     2.518     2.518     2.518     15.969    40183285967.32608 107.21   0.15602    
 1500        -7.13787    0.67935     -6.45852    5255.67  4.45808     0.00495     2.518     2.518     2.518     15.969    36415069734.0827 96.0     0.16769    
 1600        -7.20153    0.74296     -6.45857    5747.8   4.21654     0.00439     2.518     2.518     2.518     15.969    40371544453.31372 103.23   0.16309    

Time averages:
             Epot        Ekin        Etot        Temp     MSD         Self_diff   Pressure    Spec_heat   DebyeT   Lindemann  
             eV/atom     eV/atom     eV/atom     K        Å^2         mm^2/s      Pa          J/(K*Kg)    K        1          
             -7.16495    0.70645     -6.4585     5465.29  2.87061     0.00417     36906526619.06413 223.42962   130.81   0.13179    