Material ID: 0037
Unit cell composition: Au125
Material:  Au
Site positions of initial unit cell:
 Au         
 0.00000    
 0.00000    
 0.00000    
Properties:
 Time        Epot        Ekin        Etot        Temp     MSD         Self_diff   LC_a      LC_b      LC_c      Volume      Pressure    DebyeT   Lindemann  
 fs          eV/atom     eV/atom     eV/atom     K        Å^2         mm^2/s      Å         Å         Å         Å^3/atom    Pa          K        1          
 500         -15.89564   0.02565     -15.86999   198.47   0.0         0.0         2.891     2.891     2.891     17.078    176492505608.64236 inf      0.0        
 600         -15.88473   0.01475     -15.86998   114.11   0.00226     1e-05       2.891     2.891     2.891     17.078    175650573635.3987 334.79   0.00329    
 700         -15.88278   0.0128      -15.86998   99.04    0.0027      1e-05       2.891     2.891     2.891     17.078    175491949818.66513 285.12   0.0036     
 800         -15.88438   0.0144      -15.86998   111.39   0.00449     1e-05       2.891     2.891     2.891     17.078    175693101629.3716 234.59   0.00463    
 900         -15.88251   0.01253     -15.86998   96.91    0.00651     1e-05       2.891     2.891     2.891     17.078    175529587803.00354 181.61   0.00558    
 1000        -15.88136   0.01137     -15.86998   87.98    0.00963     2e-05       2.891     2.891     2.891     17.078    175427290027.15936 142.28   0.00679    
 1100        -15.88407   0.01408     -15.86998   108.94   0.01243     2e-05       2.891     2.891     2.891     17.078    175655035905.8632 139.36   0.00771    
 1200        -15.8823    0.01232     -15.86998   95.31    0.01651     2e-05       2.891     2.891     2.891     17.078    175484212807.14554 113.13   0.00889    
 1300        -15.88379   0.0138      -15.86998   106.78   0.02089     3e-05       2.891     2.891     2.891     17.078    175564002251.17514 106.43   0.01       
 1400        -15.8878    0.01782     -15.86998   137.84   0.02521     3e-05       2.891     2.891     2.891     17.078    175874416402.01462 110.09   0.01099    
 1500        -15.88279   0.01281     -15.86998   99.1     0.03237     4e-05       2.891     2.891     2.891     17.078    175575392207.65488 82.37    0.01245    

Time averages:
             Epot        Ekin        Etot        Temp     MSD         Self_diff   Pressure    Spec_heat   DebyeT   Lindemann  
             eV/atom     eV/atom     eV/atom     K        Å^2         mm^2/s      Pa          J/(K*Kg)    K        1          
             -15.88365   0.01367     -15.86998   105.74   0.0133      2e-05       175594556248.74518 63.98064    172.98   0.00739    