Material ID: 0015
Unit cell composition: Ag500
Material:  Ag
Site positions of initial unit cell:
 Ag          Ag          Ag          Ag         
 0.00000     0.00000     -0.00000    1.47560    
 0.00000     0.00000     1.70388     0.85194    
 0.00000     4.79288     2.39644     7.18932    
Properties:
 Time        Epot        Ekin        Etot        Temp     MSD         Self_diff   LC_a      LC_b      LC_c      Volume      Pressure    DebyeT   Lindemann  
 fs          eV/atom     eV/atom     eV/atom     K        Å^2         mm^2/s      Å         Å         Å         Å^3/atom    Pa          K        1          
 500         -12.75095   0.02763     -12.72332   213.78   0.0         0.0         2.833     2.833     9.202     15.992    -43463084087.61478 inf      0.0        
 600         -12.79518   0.07152     -12.72366   553.27   0.04057     0.00011     2.833     2.833     9.202     15.992    -41369190547.91584 234.93   0.02011    
 700         -12.96427   0.23933     -12.72494   1851.51  0.0192      5e-05       2.833     2.833     9.202     15.992    -33202457594.61144 624.66   0.01383    
 800         -13.06458   0.33934     -12.72524   2625.24  0.13156     0.00027     2.833     2.833     9.202     15.992    -26900809540.24604 284.19   0.03621    
 900         -13.20827   0.48285     -12.72542   3735.47  0.54342     0.00101     2.833     2.833     9.202     15.992    -18167912180.45047 166.8    0.07359    
 1000        -13.19951   0.47375     -12.72576   3665.08  0.53693     0.00089     2.833     2.833     9.202     15.992    -18545998562.05401 166.21   0.07315    
 1100        -13.13143   0.40588     -12.72555   3140.04  0.71041     0.00108     2.833     2.833     9.202     15.992    -21866508781.91628 133.75   0.08415    
 1200        -13.29055   0.56491     -12.72565   4370.31  0.70488     0.00098     2.833     2.833     9.202     15.992    -13701594839.37334 158.41   0.08382    
 1300        -13.20359   0.47817     -12.72542   3699.31  1.13468     0.00145     2.833     2.833     9.202     15.992    -18553219435.73502 114.87   0.10634    
 1400        -13.19452   0.469       -12.72551   3628.38  1.69657     0.00202     2.833     2.833     9.202     15.992    -18674543024.59547 93.04    0.13003    
 1500        -13.19384   0.46832     -12.72552   3623.07  2.08381     0.00232     2.833     2.833     9.202     15.992    -18784028222.30556 83.89    0.14411    
 1600        -13.18906   0.46358     -12.72548   3586.42  2.49672     0.0026      2.833     2.833     9.202     15.992    -18918255067.05088 76.25    0.15775    
 1700        -13.22436   0.49884     -12.72552   3859.2   2.4386      0.00239     2.833     2.833     9.202     15.992    -17297073793.64112 80.03    0.1559     
 1800        -13.28565   0.56        -12.72565   4332.33  2.06739     0.00191     2.833     2.833     9.202     15.992    -14766701779.42447 92.09    0.14354    
 1900        -13.23789   0.51225     -12.72564   3962.92  2.65608     0.00233     2.833     2.833     9.202     15.992    -16320855586.43409 77.71    0.1627     
 2000        -13.18169   0.4561      -12.72559   3528.58  3.19898     0.00267     2.833     2.833     9.202     15.992    -19661860615.68772 66.82    0.17856    

Time averages:
             Epot        Ekin        Etot        Temp     MSD         Self_diff   Pressure    Spec_heat   DebyeT   Lindemann  
             eV/atom     eV/atom     eV/atom     K        Å^2         mm^2/s      Pa          J/(K*Kg)    K        1          
             -13.21326   0.4877      -12.72555   3773.06  1.91881     0.00207     -17854464114.61639 118.40807   97.69    0.13469    