Material ID: 0011
Unit cell composition: Ag125
Material:  Ag
Site positions of initial unit cell:
 Ag         
 0.00000    
 0.00000    
 0.00000    
Properties:
 Time        Epot        Ekin        Etot        Temp     MSD         Self_diff   LC_a      LC_b      LC_c      Volume      Pressure    DebyeT   Lindemann  
 fs          eV/atom     eV/atom     eV/atom     K        Å^2         mm^2/s      Å         Å         Å         Å^3/atom    Pa          K        1          
 500         -12.39514   0.02436     -12.37078   188.47   0.0         0.0         3.001     3.001     3.001     19.107    99515715455.63464 inf      0.0        
 600         -12.38316   0.01239     -12.37077   95.88    0.002       1e-05       3.001     3.001     3.001     19.107    98880307022.52722 440.53   0.00298    
 700         -12.3838    0.01303     -12.37077   100.83   0.00389     1e-05       3.001     3.001     3.001     19.107    98899754628.0073 323.96   0.00416    
 800         -12.38172   0.01095     -12.37077   84.74    0.00712     1e-05       3.001     3.001     3.001     19.107    98777271083.01173 219.51   0.00562    
 900         -12.38625   0.01548     -12.37077   119.76   0.01168     2e-05       3.001     3.001     3.001     19.107    99008988830.00233 203.71   0.0072     
 1000        -12.38264   0.01187     -12.37077   91.8     0.01768     3e-05       3.001     3.001     3.001     19.107    98838549226.97739 144.98   0.00886    
 1100        -12.38282   0.01205     -12.37077   93.24    0.02491     4e-05       3.001     3.001     3.001     19.107    98861026781.77641 123.1    0.01052    
 1200        -12.38156   0.01079     -12.37077   83.46    0.0338      5e-05       3.001     3.001     3.001     19.107    98798582352.1014 99.97    0.01225    
 1300        -12.38426   0.01349     -12.37077   104.33   0.04314     6e-05       3.001     3.001     3.001     19.107    98919399138.05057 98.93    0.01384    
 1400        -12.38564   0.01486     -12.37077   114.98   0.05427     6e-05       3.001     3.001     3.001     19.107    98992449333.68892 92.6     0.01553    
 1500        -12.37965   0.00888     -12.37077   68.7     0.06738     7e-05       3.001     3.001     3.001     19.107    98682839783.63084 64.24    0.0173     

Time averages:
             Epot        Ekin        Etot        Temp     MSD         Self_diff   Pressure    Spec_heat   DebyeT   Lindemann  
             eV/atom     eV/atom     eV/atom     K        Å^2         mm^2/s      Pa          J/(K*Kg)    K        1          
             -12.38315   0.01238     -12.37077   95.77    0.02659     4e-05       98865916817.97742 117.38718   181.15   0.00983    