Material ID: 0035
Unit cell composition: Au125
Material:  Au
Site positions of initial unit cell:
 Au         
 0.00000    
 0.00000    
 0.00000    
Properties:
 Time        Epot        Ekin        Etot        Temp     MSD         Self_diff   LC_a      LC_b      LC_c      Volume      Pressure    DebyeT   Lindemann  
 fs          eV/atom     eV/atom     eV/atom     K        Å^2         mm^2/s      Å         Å         Å         Å^3/atom    Pa          K        1          
 500         -18.02519   0.02166     -18.00352   167.57   0.0         0.0         2.773     2.773     2.773     15.071    152843961034.49872 inf      0.0        
 600         -18.0139    0.01038     -18.00352   80.33    0.00094     0.0         2.773     2.773     2.773     15.071    152116501974.20142 436.27   0.00221    
 700         -18.01438   0.01086     -18.00352   84.03    0.00211     1e-05       2.773     2.773     2.773     15.071    152131478585.5448 297.43   0.00331    
 800         -18.0185    0.01498     -18.00352   115.88   0.00385     1e-05       2.773     2.773     2.773     15.071    152403616824.91974 258.36   0.00447    
 900         -18.0126    0.00909     -18.00352   70.31    0.00695     1e-05       2.773     2.773     2.773     15.071    152035050212.4776 149.78   0.00601    
 1000        -18.01221   0.0087      -18.00352   67.28    0.01057     2e-05       2.773     2.773     2.773     15.071    151992564840.94162 118.8    0.00742    
 1100        -18.01457   0.01105     -18.00352   85.5     0.01476     2e-05       2.773     2.773     2.773     15.071    152147760612.07486 113.31   0.00876    
 1200        -18.01389   0.01037     -18.00352   80.22    0.01996     3e-05       2.773     2.773     2.773     15.071    152110978210.65723 94.37    0.01019    
 1300        -18.00971   0.00619     -18.00351   47.92    0.02617     3e-05       2.773     2.773     2.773     15.071    151829864844.70688 63.71    0.01167    
 1400        -18.01569   0.01218     -18.00352   94.2     0.03263     4e-05       2.773     2.773     2.773     15.071    152212597480.54724 80.0     0.01303    
 1500        -18.01473   0.01121     -18.00352   86.71    0.04026     4e-05       2.773     2.773     2.773     15.071    152174351237.9808 69.1     0.01447    

Time averages:
             Epot        Ekin        Etot        Temp     MSD         Self_diff   Pressure    Spec_heat   DebyeT   Lindemann  
             eV/atom     eV/atom     eV/atom     K        Å^2         mm^2/s      Pa          J/(K*Kg)    K        1          
             -18.01402   0.0105      -18.00352   81.24    0.01582     2e-05       152115476482.4052 65.1959     168.11   0.00815    