Material ID: 0075
Unit cell composition: Fe125
Material:  Fe
Site positions of initial unit cell:
 Fe         
 0.00000    
 0.00000    
 0.00000    
Properties:
 Time        Epot        Ekin        Etot        Temp     MSD         Self_diff   LC_a      LC_b      LC_c      Volume      Pressure    DebyeT   Lindemann  
 fs          eV/atom     eV/atom     eV/atom     K        Å^2         mm^2/s      Å         Å         Å         Å^3/atom    Pa          K        1          
 500         -7.72617    0.02376     -7.70241    183.83   0.0         0.0         2.59      2.59      2.49      14.458    17938398697.0546 inf      0.0        
 600         -8.09358    0.39117     -7.70241    3026.22  0.12464     0.00035     2.59      2.59      2.49      14.458    42335243534.03608 435.67   0.02836    
 700         -8.13841    0.43584     -7.70257    3371.79  0.6544      0.00156     2.59      2.59      2.49      14.458    42221800198.05292 200.7    0.06499    
 800         -8.14562    0.44297     -7.70264    3427.0   0.74133     0.00154     2.59      2.59      2.49      14.458    44506769948.60046 190.1    0.06917    
 900         -8.09046    0.38784     -7.70262    3000.5   0.97057     0.0018      2.59      2.59      2.49      14.458    41392523427.8212 155.46   0.07915    
 1000        -8.12024    0.41761     -7.70263    3230.74  0.9911      0.00165     2.59      2.59      2.49      14.458    43180281817.13528 159.64   0.07998    
 1100        -8.11925    0.41663     -7.70263    3223.18  1.07738     0.00163     2.59      2.59      2.49      14.458    43214825182.80922 152.93   0.08339    
 1200        -8.15451    0.45173     -7.70278    3494.73  1.19414     0.00166     2.59      2.59      2.49      14.458    45347507993.64055 151.26   0.08779    
 1300        -8.19955    0.49687     -7.70268    3843.98  1.4197      0.00182     2.59      2.59      2.49      14.458    47795839956.62186 145.49   0.09572    
 1400        -8.14801    0.4454      -7.70261    3445.75  1.64123     0.00195     2.59      2.59      2.49      14.458    43914162138.09166 128.11   0.10292    
 1500        -8.16086    0.45831     -7.70256    3545.63  1.7089      0.0019      2.59      2.59      2.49      14.458    44349167562.84536 127.36   0.10502    

Time averages:
             Epot        Ekin        Etot        Temp     MSD         Self_diff   Pressure    Spec_heat   DebyeT   Lindemann  
             eV/atom     eV/atom     eV/atom     K        Å^2         mm^2/s      Pa          J/(K*Kg)    K        1          
             -8.13705    0.43444     -7.70261    3360.95  1.05234     0.00172     43825812175.96545 224.08719   184.67   0.07965    