Material ID: 0028
Unit cell composition: Au250
Material:  Au
Site positions of initial unit cell:
 Au          Au         
 -0.00000    1.46906    
 1.69632     0.84816    
 1.21971     3.65913    
Properties:
 Time        Epot        Ekin        Etot        Temp     MSD         Self_diff   LC_a      LC_b      LC_c      Volume      Pressure    DebyeT   Lindemann  
 fs          eV/atom     eV/atom     eV/atom     K        Å^2         mm^2/s      Å         Å         Å         Å^3/atom    Pa          K        1          
 500         -17.62762   0.02677     -17.60085   207.1    0.0         0.0         2.762     2.762     4.586     15.147    131665368284.1165 inf      0.0        
 600         -17.84265   0.24149     -17.60115   1868.28  0.01031     3e-05       2.762     2.762     4.586     15.147    147660626898.92047 633.83   0.00674    
 700         -17.85271   0.25156     -17.60115   1946.14  0.01381     3e-05       2.762     2.762     4.586     15.147    148256013430.63782 558.95   0.0078     
 800         -17.65754   0.05667     -17.60088   438.39   0.02507     5e-05       2.762     2.762     4.586     15.147    133407199833.62025 196.89   0.01051    
 900         -17.83608   0.23495     -17.60112   1817.67  0.0206      4e-05       2.762     2.762     4.586     15.147    146977980422.17447 442.26   0.00953    
 1000        -17.84201   0.24088     -17.60113   1863.57  0.00878     1e-05       2.762     2.762     4.586     15.147    148042708357.26297 686.04   0.00622    
 1100        -17.69802   0.09709     -17.60093   751.12   0.01654     3e-05       2.762     2.762     4.586     15.147    137636037485.279 317.22   0.00854    
 1200        -17.78171   0.18065     -17.60106   1397.57  0.01964     3e-05       2.762     2.762     4.586     15.147    144285059620.10114 397.15   0.00931    
 1300        -17.79656   0.19553     -17.60104   1512.67  0.03128     4e-05       2.762     2.762     4.586     15.147    145556029918.9805 327.4    0.01174    
 1400        -17.76251   0.16149     -17.60101   1249.38  0.0212      3e-05       2.762     2.762     4.586     15.147    143081988762.24432 361.46   0.00967    
 1500        -17.76133   0.16032     -17.60101   1240.3   0.02931     3e-05       2.762     2.762     4.586     15.147    142749832072.91403 306.24   0.01137    
 1600        -17.81502   0.21396     -17.60106   1655.31  0.02244     2e-05       2.762     2.762     4.586     15.147    146279755344.75607 404.35   0.00995    
 1700        -17.77983   0.17881     -17.60102   1383.36  0.03323     3e-05       2.762     2.762     4.586     15.147    143962166621.66785 303.78   0.0121     
 1800        -17.77104   0.17002     -17.60102   1315.31  0.0336      3e-05       2.762     2.762     4.586     15.147    143474629570.89276 294.56   0.01217    
 1900        -17.79437   0.19333     -17.60104   1495.69  0.03312     3e-05       2.762     2.762     4.586     15.147    145039926390.76773 316.39   0.01208    
 2000        -17.77595   0.17493     -17.60102   1353.34  0.0353      3e-05       2.762     2.762     4.586     15.147    143667893855.9986 291.5    0.01248    
 2100        -17.78529   0.18427     -17.60103   1425.55  0.03719     3e-05       2.762     2.762     4.586     15.147    144432065953.1098 291.49   0.01281    

Time averages:
             Epot        Ekin        Etot        Temp     MSD         Self_diff   Pressure    Spec_heat   DebyeT   Lindemann  
             eV/atom     eV/atom     eV/atom     K        Å^2         mm^2/s      Pa          J/(K*Kg)    K        1          
             -17.78236   0.18133     -17.60103   1402.85  0.02963     3e-05       144252934811.14328 63.9489     329.43   0.01137    