Material ID: 0034
Unit cell composition: Au250
Material:  Au
Site positions of initial unit cell:
 Au          Au         
 -0.00000    1.46906    
 1.69632     0.84816    
 1.21971     3.65913    
Properties:
 Time        Epot        Ekin        Etot        Temp     MSD         Self_diff   LC_a      LC_b      LC_c      Volume      Pressure    DebyeT   Lindemann  
 fs          eV/atom     eV/atom     eV/atom     K        Å^2         mm^2/s      Å         Å         Å         Å^3/atom    Pa          K        1          
 500         -11.36612   0.02565     -11.34048   198.43   0.0         0.0         3.114     3.114     5.172     21.721    130063328561.40189 inf      0.0        
 600         -11.45229   0.11181     -11.34048   865.01   0.06109     0.00017     3.114     3.114     5.172     21.721    96549591500.44543 177.16   0.01455    
 700         -11.59614   0.25564     -11.3405    1977.75  0.18547     0.00044     3.114     3.114     5.172     21.721    101863840555.40184 153.74   0.02536    
 800         -11.89017   0.54961     -11.34057   4251.94  0.57658     0.0012      3.114     3.114     5.172     21.721    70708910693.85507 127.85   0.04471    
 900         -12.17026   0.82964     -11.34062   6418.36  1.15031     0.00213     3.114     3.114     5.172     21.721    61100119692.05508 111.21   0.06316    
 1000        -12.39049   1.04978     -11.34072   8121.43  1.91653     0.00319     3.114     3.114     5.172     21.721    48630304896.79691 96.92    0.08152    
 1100        -12.39316   1.05243     -11.34073   8141.96  2.73647     0.00415     3.114     3.114     5.172     21.721    35347200997.51686 81.21    0.09741    
 1200        -12.45021   1.10948     -11.34072   8583.33  3.38581     0.0047      3.114     3.114     5.172     21.721    43371691666.08334 74.96    0.10835    
 1300        -12.45735   1.11672     -11.34063   8639.32  3.89327     0.00499     3.114     3.114     5.172     21.721    44337116269.9709 70.13    0.11619    
 1400        -12.55881   1.218       -11.34081   9422.87  4.47391     0.00533     3.114     3.114     5.172     21.721    43426919940.42432 68.33    0.12455    
 1500        -12.61749   1.27656     -11.34093   9875.92  5.21771     0.0058      3.114     3.114     5.172     21.721    33808951012.05944 64.77    0.13451    

Time averages:
             Epot        Ekin        Etot        Temp     MSD         Self_diff   Pressure    Spec_heat   DebyeT   Lindemann  
             eV/atom     eV/atom     eV/atom     K        Å^2         mm^2/s      Pa          J/(K*Kg)    K        1          
             -12.19764   0.85697     -11.34067   6629.79  2.35972     0.00355     57914464722.46091 87.56438    102.63   0.08103    