Material ID: 0073
Unit cell composition: Fe125
Material:  Fe
Site positions of initial unit cell:
 Fe         
 0.00000    
 0.00000    
 0.00000    
Properties:
 Time        Epot        Ekin        Etot        Temp     MSD         Self_diff   LC_a      LC_b      LC_c      Volume      Pressure    DebyeT   Lindemann  
 fs          eV/atom     eV/atom     eV/atom     K        Å^2         mm^2/s      Å         Å         Å         Å^3/atom    Pa          K        1          
 500         -7.44483    0.02412     -7.42071    186.59   0.0         0.0         2.49      2.49      2.394     12.853    -92317419651.96957 inf      0.0        
 600         -8.38714    0.96597     -7.42117    7473.09  0.56797     0.00158     2.49      2.49      2.394     12.853    -28074618231.94228 320.72   0.06297    
 700         -8.25672    0.8353      -7.42141    6462.19  1.58198     0.00377     2.49      2.49      2.394     12.853    -37508213849.91806 178.7    0.10509    
 800         -8.23971    0.81798     -7.42173    6328.2   2.19736     0.00458     2.49      2.49      2.394     12.853    -39894020446.49514 150.05   0.12385    
 900         -8.33636    0.9146      -7.42176    7075.64  2.33939     0.00433     2.49      2.49      2.394     12.853    -34854677303.57289 153.77   0.12779    
 1000        -8.46566    1.04378     -7.42188    8075.02  2.73075     0.00455     2.49      2.49      2.394     12.853    -25007908827.80683 152.04   0.13807    
 1100        -8.54896    1.12658     -7.42238    8715.63  2.99727     0.00454     2.49      2.49      2.394     12.853    -19986074504.6087 150.77   0.14465    
 1200        -8.49128    1.06896     -7.42232    8269.84  3.45719     0.0048      2.49      2.49      2.394     12.853    -23852388325.53052 136.75   0.15535    
 1300        -8.40975    0.98791     -7.42184    7642.8   3.27405     0.0042      2.49      2.49      2.394     12.853    -30849952576.48414 135.09   0.15118    
 1400        -8.45096    1.02894     -7.42201    7960.27  3.29873     0.00393     2.49      2.49      2.394     12.853    -26857830590.53286 137.35   0.15175    
 1500        -8.38653    0.96504     -7.4215     7465.85  3.23675     0.0036      2.49      2.49      2.394     12.853    -30561738494.18949 134.28   0.15031    
 1600        -8.49312    1.07124     -7.42189    8287.47  3.25126     0.00339     2.49      2.49      2.394     12.853    -24638047893.69808 141.16   0.15065    
 1700        -8.40996    0.98803     -7.42193    7643.74  3.34917     0.00328     2.49      2.49      2.394     12.853    -28785997778.26161 133.57   0.1529     

Time averages:
             Epot        Ekin        Etot        Temp     MSD         Self_diff   Pressure    Spec_heat   DebyeT   Lindemann  
             eV/atom     eV/atom     eV/atom     K        Å^2         mm^2/s      Pa          J/(K*Kg)    K        1          
             -8.42323    1.00131     -7.42192    7746.45  3.01319     0.00407     -28528863674.11802 224.37911   142.48   0.14465    