Material ID: 0164
Unit cell composition: Cu750
Material:  Cu
Site positions of initial unit cell:
 Cu          Cu          Cu          Cu          Cu          Cu         
 1.27030     0.00000     0.00000     1.27030     0.00000     0.00000    
 0.73341     0.00000     1.46681     0.73341     0.00000     1.46681    
 22.70256    0.04679     20.62708    16.47537    18.55082    14.38716   
Properties:
 Time        Epot        Ekin        Etot        Temp     MSD         Self_diff   LC_a      LC_b      LC_c      Volume      Pressure    DebyeT   Lindemann  
 fs          eV/atom     eV/atom     eV/atom     K        Å^2         mm^2/s      Å         Å         Å         Å^3/atom    Pa          K        1          
 500         -14.99031   0.02649     -14.96382   204.92   0.0         0.0         2.541     2.541     24.744    23.053    -35962696990.49042 inf      0.0        
 600         -15.00974   0.04597     -14.96377   355.66   0.00224     1e-05       2.541     2.541     24.744    23.053    -26053821033.58759 1045.03  0.0        
 700         -14.99178   0.02803     -14.96375   216.85   0.01314     3e-05       2.541     2.541     24.744    23.053    -11811799417.2626 336.68   1e-05      
 800         -14.9809    0.01715     -14.96375   132.67   0.01739     4e-05       2.541     2.541     24.744    23.053    -10021513465.55784 228.95   1e-05      
 900         -15.00963   0.04587     -14.96377   354.84   0.00882     2e-05       2.541     2.541     24.744    23.053    -21003063834.01969 525.72   1e-05      
 1000        -14.98706   0.02329     -14.96377   180.2    0.00659     1e-05       2.541     2.541     24.744    23.053    -34202572919.85141 433.32   1e-05      
 1100        -14.99513   0.03137     -14.96376   242.65   0.00974     1e-05       2.541     2.541     24.744    23.053    -30999730492.60246 413.66   1e-05      
 1200        -15.00619   0.04242     -14.96377   328.18   0.0198      3e-05       2.541     2.541     24.744    23.053    -15997447279.82292 337.44   1e-05      
 1300        -14.9798    0.01605     -14.96376   124.15   0.03162     4e-05       2.541     2.541     24.744    23.053    -9937827214.86097 164.25   2e-05      
 1400        -15.00129   0.03753     -14.96376   290.32   0.02924     3e-05       2.541     2.541     24.744    23.053    -15752312435.81413 261.18   2e-05      
 1500        -15.00339   0.03961     -14.96378   306.47   0.02603     3e-05       2.541     2.541     24.744    23.053    -28727324683.52856 284.43   2e-05      

Time averages:
             Epot        Ekin        Etot        Temp     MSD         Self_diff   Pressure    Spec_heat   DebyeT   Lindemann  
             eV/atom     eV/atom     eV/atom     K        Å^2         mm^2/s      Pa          J/(K*Kg)    K        1          
             -14.99649   0.03273     -14.96376   253.2    0.01646     3e-05       -20450741277.69081 343.16069   403.07   1e-05      