Material ID: 0031
Unit cell composition: Au250
Material:  Au
Site positions of initial unit cell:
 Au          Au         
 -0.00000    1.46906    
 1.69632     0.84816    
 1.21971     3.65913    
Properties:
 Time        Epot        Ekin        Etot        Temp     MSD         Self_diff   LC_a      LC_b      LC_c      Volume      Pressure    DebyeT   Lindemann  
 fs          eV/atom     eV/atom     eV/atom     K        Å^2         mm^2/s      Å         Å         Å         Å^3/atom    Pa          K        1          
 500         -14.63357   0.02537     -14.6082    196.23   0.0         0.0         2.938     2.938     4.879     18.237    169937003232.76764 inf      0.0        
 600         -14.62131   0.01311     -14.6082    101.4    0.00439     1e-05       2.938     2.938     4.879     18.237    168640323054.146 226.28   0.00414    
 700         -14.62036   0.01216     -14.6082    94.08    0.0046      1e-05       2.938     2.938     4.879     18.237    168482742063.75424 212.8    0.00424    
 800         -14.6213    0.0131      -14.6082    101.31   0.00585     1e-05       2.938     2.938     4.879     18.237    168469243748.53015 195.95   0.00477    
 900         -14.62177   0.01357     -14.6082    104.98   0.00891     2e-05       2.938     2.938     4.879     18.237    168137260190.21262 161.58   0.00589    
 1000        -14.62888   0.02067     -14.6082    159.95   0.01707     3e-05       2.938     2.938     4.879     18.237    166978045779.56927 144.11   0.00816    
 1100        -14.74756   0.13936     -14.6082    1078.14  0.08818     0.00013     2.938     2.938     4.879     18.237    157334407717.70374 164.62   0.01853    
 1200        -15.4007    0.79248     -14.60822   6130.87  0.71991     0.001       2.938     2.938     4.879     18.237    114511466440.4497 137.39   0.05296    
 1300        -14.89532   0.28705     -14.60827   2220.72  2.53376     0.00325     2.938     2.938     4.879     18.237    -32908595310.40718 44.08    0.09936    
 1400        -15.42361   0.81531     -14.60831   6307.5   1.59376     0.0019      2.938     2.938     4.879     18.237    54274843579.9465 93.66    0.0788     
 1500        -14.98123   0.37298     -14.60825   2885.51  0.74791     0.00083     2.938     2.938     4.879     18.237    97459098534.01736 92.47    0.05398    

Time averages:
             Epot        Ekin        Etot        Temp     MSD         Self_diff   Pressure    Spec_heat   DebyeT   Lindemann  
             eV/atom     eV/atom     eV/atom     K        Å^2         mm^2/s      Pa          J/(K*Kg)    K        1          
             -14.8562    0.24798     -14.60822   1918.45  0.57243     0.0008      123137883579.79224 -63.67081   147.29   0.03308    