Material ID: 0058
Unit cell composition: Fe500
Material:  Fe
Site positions of initial unit cell:
 Fe          Fe          Fe          Fe         
 2.45285     0.91599     2.45314     0.91570    
 -0.00013    1.18586     -0.00036    1.18609    
 3.92871     5.89678     7.85942     1.96614    
Properties:
 Time        Epot        Ekin        Etot        Temp     MSD         Self_diff   LC_a      LC_b      LC_c      Volume      Pressure    DebyeT   Lindemann  
 fs          eV/atom     eV/atom     eV/atom     K        Å^2         mm^2/s      Å         Å         Å         Å^3/atom    Pa          K        1          
 500         -8.42312    0.02688     -8.39624    207.93   0.0         0.0         2.404     2.404     7.703     10.763    -233468374926.6007 inf      0.0        
 600         -8.60955    0.21211     -8.39744    1640.97  0.05295     0.00015     2.404     2.404     7.703     10.763    -222209711047.18863 492.2    0.02708    
 700         -8.63558    0.23797     -8.39761    1841.04  0.07345     0.00017     2.404     2.404     7.703     10.763    -220313713524.21133 442.68   0.03189    
 800         -8.60668    0.20944     -8.39724    1620.33  0.23736     0.00049     2.404     2.404     7.703     10.763    -223277221781.4734 231.01   0.05733    
 900         -8.68208    0.28479     -8.39729    2203.25  0.60239     0.00112     2.404     2.404     7.703     10.763    -218518028579.20505 169.1    0.09133    
 1000        -8.66025    0.26288     -8.39737    2033.73  1.15264     0.00192     2.404     2.404     7.703     10.763    -219996309012.07578 117.45   0.12633    
 1100        -8.68014    0.28278     -8.39737    2187.66  1.02843     0.00156     2.404     2.404     7.703     10.763    -218444989446.90912 128.96   0.11933    
 1200        -8.69044    0.29291     -8.39753    2266.04  0.66162     0.00092     2.404     2.404     7.703     10.763    -217611273143.22052 163.63   0.09572    
 1300        -8.67744    0.27989     -8.39755    2165.34  0.66291     0.00085     2.404     2.404     7.703     10.763    -219016056716.545 159.8    0.09581    
 1400        -8.68867    0.29118     -8.3975     2252.65  0.88993     0.00106     2.404     2.404     7.703     10.763    -218018952521.3469 140.67   0.11101    
 1500        -8.68259    0.28504     -8.39755    2205.17  1.08897     0.00121     2.404     2.404     7.703     10.763    -218778098258.6288 125.82   0.1228     
 1600        -8.68887    0.29124     -8.39764    2253.11  0.93934     0.00098     2.404     2.404     7.703     10.763    -218168025843.26923 136.94   0.11405    

Time averages:
             Epot        Ekin        Etot        Temp     MSD         Self_diff   Pressure    Spec_heat   DebyeT   Lindemann  
             eV/atom     eV/atom     eV/atom     K        Å^2         mm^2/s      Pa          J/(K*Kg)    K        1          
             -8.66927    0.27181     -8.39747    2102.83  0.7337      0.00112     -219214266882.68854 228.98085   181.61   0.09656    