Material ID: 0072
Unit cell composition: Fe125
Material:  Fe
Site positions of initial unit cell:
 Fe         
 0.00000    
 0.00000    
 0.00000    
Properties:
 Time        Epot        Ekin        Etot        Temp     MSD         Self_diff   LC_a      LC_b      LC_c      Volume      Pressure    DebyeT   Lindemann  
 fs          eV/atom     eV/atom     eV/atom     K        Å^2         mm^2/s      Å         Å         Å         Å^3/atom    Pa          K        1          
 500         -6.77987    0.02532     -6.75455    195.85   0.0         0.0         2.44      2.44      2.346     12.097    -197840075378.85004 inf      0.0        
 600         -7.71963    0.96363     -6.756      7454.99  0.6149      0.00171     2.44      2.44      2.346     12.097    -133802468240.75967 307.87   0.06685    
 700         -7.85067    1.09438     -6.75629    8466.53  0.69966     0.00167     2.44      2.44      2.346     12.097    -125708770677.75096 307.57   0.07131    
 800         -7.81771    1.06148     -6.75622    8212.01  0.77846     0.00162     2.44      2.44      2.346     12.097    -128579325474.32982 287.17   0.07522    
 900         -8.0455     1.28855     -6.75695    9968.64  0.8104      0.0015      2.44      2.44      2.346     12.097    -112632054586.05188 310.1    0.07675    
 1000        -7.96767    1.2116      -6.75607    9373.35  0.97712     0.00163     2.44      2.44      2.346     12.097    -117315552263.57932 273.85   0.08427    
 1100        -8.02831    1.27089     -6.75742    9832.08  1.44179     0.00218     2.44      2.44      2.346     12.097    -114500773462.09306 230.89   0.10237    
 1200        -8.13846    1.38194     -6.75653    10691.15 1.27532     0.00177     2.44      2.44      2.346     12.097    -105666170166.1072 256.0    0.09628    
 1300        -8.11291    1.35541     -6.7575     10485.95 1.21514     0.00156     2.44      2.44      2.346     12.097    -106316844572.50496 259.73   0.09398    
 1400        -8.13072    1.374       -6.75672    10629.76 1.39483     0.00166     2.44      2.44      2.346     12.097    -105779212593.20197 244.08   0.10069    
 1500        -8.12753    1.37046     -6.75707    10602.35 1.47997     0.00164     2.44      2.44      2.346     12.097    -107299817604.79156 236.65   0.10372    
 1600        -8.07226    1.31566     -6.7566     10178.44 1.32557     0.00138     2.44      2.44      2.346     12.097    -110311183474.53201 245.01   0.09816    
 1700        -8.09349    1.33636     -6.75713    10338.55 1.31446     0.00129     2.44      2.44      2.346     12.097    -109068238324.81873 247.97   0.09774    
 1800        -8.07382    1.31747     -6.75636    10192.38 1.50973     0.0014      2.44      2.44      2.346     12.097    -109183640128.62766 229.73   0.10475    
 1900        -8.10838    1.35134     -6.75703    10454.46 1.44925     0.00127     2.44      2.44      2.346     12.097    -107886400186.7639 237.48   0.10263    
 2000        -8.07342    1.31696     -6.75646    10188.45 1.60723     0.00134     2.44      2.44      2.346     12.097    -110914043244.80849 222.61   0.10808    
 2100        -8.00205    1.24504     -6.757      9632.1   1.71442     0.00136     2.44      2.44      2.346     12.097    -115361353794.8693 209.58   0.11163    

Time averages:
             Epot        Ekin        Etot        Temp     MSD         Self_diff   Pressure    Spec_heat   DebyeT   Lindemann  
             eV/atom     eV/atom     eV/atom     K        Å^2         mm^2/s      Pa          J/(K*Kg)    K        1          
             -8.0933     1.33646     -6.75684    10339.36 1.42859     0.00143     -108778690409.10257 223.44986   238.88   0.10177    