Material ID: 0101
Unit cell composition: Fe125
Material:  Fe
Site positions of initial unit cell:
 Fe         
 0.00000    
 0.00000    
 0.00000    
Properties:
 Time        Epot        Ekin        Etot        Temp     MSD         Self_diff   LC_a      LC_b      LC_c      Volume      Pressure    DebyeT   Lindemann  
 fs          eV/atom     eV/atom     eV/atom     K        Å^2         mm^2/s      Å         Å         Å         Å^3/atom    Pa          K        1          
 500         -9.22092    0.02236     -9.19856    172.99   0.0         0.0         2.46      2.459     2.459     11.454    -90219917717.05453 inf      0.0        
 600         -9.23808    0.03958     -9.19851    306.17   0.05797     0.00016     2.46      2.459     2.459     11.454    -92092779533.83974 203.2    0.01958    
 700         -9.26102    0.06251     -9.19851    483.59   0.06786     0.00016     2.46      2.459     2.459     11.454    -89854737713.3755 236.03   0.02119    
 800         -9.29123    0.09268     -9.19854    717.02   0.12797     0.00027     2.46      2.459     2.459     11.454    -88391864513.0251 209.29   0.02909    
 900         -9.2895     0.09095     -9.19855    703.63   0.1943      0.00036     2.46      2.459     2.459     11.454    -88977819534.73448 168.26   0.03585    
 1000        -9.28737    0.08881     -9.19857    687.03   0.19976     0.00033     2.46      2.459     2.459     11.454    -89127622233.61865 163.97   0.03635    
 1100        -9.28125    0.08268     -9.19857    639.68   0.21493     0.00033     2.46      2.459     2.459     11.454    -89479050592.84218 152.54   0.0377     
 1200        -9.29364    0.09507     -9.19858    735.46   0.21864     0.0003      2.46      2.459     2.459     11.454    -88626222141.8142 162.16   0.03803    
 1300        -9.29024    0.09161     -9.19862    708.74   0.26917     0.00035     2.46      2.459     2.459     11.454    -89104583885.8372 143.47   0.04219    
 1400        -9.28621    0.08763     -9.19858    677.92   0.27407     0.00033     2.46      2.459     2.459     11.454    -89396146341.32532 139.06   0.04258    
 1500        -9.28494    0.08636     -9.19858    668.1    0.29867     0.00033     2.46      2.459     2.459     11.454    -89505095042.30284 132.24   0.04445    

Time averages:
             Epot        Ekin        Etot        Temp     MSD         Self_diff   Pressure    Spec_heat   DebyeT   Lindemann  
             eV/atom     eV/atom     eV/atom     K        Å^2         mm^2/s      Pa          J/(K*Kg)    K        1          
             -9.28035    0.08179     -9.19856    632.73   0.19233     0.00031     -89455592153.27151 229.58273   171.02   0.0347     