Material ID: 0176
Unit cell composition: Zn375
Material:  Zn
Site positions of initial unit cell:
 Zn          Zn          Zn         
 0.00000     4.83683     16.95108   
 0.00000     0.86092     3.01716    
 0.00000     0.50755     1.77875    
Properties:
 Time        Epot        Ekin        Etot        Temp     MSD         Self_diff   LC_a      LC_b      LC_c      Volume      Pressure    DebyeT   Lindemann  
 fs          eV/atom     eV/atom     eV/atom     K        Å^2         mm^2/s      Å         Å         Å         Å^3/atom    Pa          K        1          
 500         -1.19873    0.02736     -1.17137    211.67   0.0         0.0         7.27      7.27      7.27      13.342    12677290761.52842 inf      0.0        
 600         -1.19743    0.02606     -1.17137    201.59   0.03376     9e-05       7.27      7.27      7.27      13.342    12177543373.14784 199.67   2e-05      
 700         -1.20264    0.03126     -1.17137    241.87   0.02998     7e-05       7.27      7.27      7.27      13.342    12736673652.79632 232.1    2e-05      
 800         -1.1975     0.02613     -1.17137    202.15   0.04731     0.0001      7.27      7.27      7.27      13.342    12490638898.5539 168.93   2e-05      
 900         -1.20286    0.03149     -1.17137    243.59   0.08806     0.00016     7.27      7.27      7.27      13.342    12366534073.66118 135.91   3e-05      
 1000        -1.22177    0.0504      -1.17137    389.9    0.20782     0.00035     7.27      7.27      7.27      13.342    12802365775.33194 111.93   5e-05      
 1100        -1.25364    0.08227     -1.17137    636.48   0.57425     0.00087     7.27      7.27      7.27      13.342    11150424847.76263 86.03    8e-05      
 1200        -1.26186    0.09048     -1.17138    700.02   1.15111     0.0016      7.27      7.27      7.27      13.342    5659520559.35302 63.72    0.00011    
 1300        -1.29847    0.12709     -1.17138    983.22   1.73199     0.00222     7.27      7.27      7.27      13.342    8547466756.31582 61.57    0.00013    
 1400        -1.27271    0.10133     -1.17138    783.91   2.41153     0.00287     7.27      7.27      7.27      13.342    5088565649.71471 46.59    0.00016    
 1500        -1.26773    0.09635     -1.17138    745.37   2.7791      0.00309     7.27      7.27      7.27      13.342    1408748745.34467 42.32    0.00017    

Time averages:
             Epot        Ekin        Etot        Temp     MSD         Self_diff   Pressure    Spec_heat   DebyeT   Lindemann  
             eV/atom     eV/atom     eV/atom     K        Å^2         mm^2/s      Pa          J/(K*Kg)    K        1          
             -1.23766    0.06629     -1.17137    512.81   0.90549     0.00126     9442848233.1982 446.85562   114.88   8e-05      