Material ID: 0102
Unit cell composition: Fe125
Material:  Fe
Site positions of initial unit cell:
 Fe         
 0.00000    
 0.00000    
 0.00000    
Properties:
 Time        Epot        Ekin        Etot        Temp     MSD         Self_diff   LC_a      LC_b      LC_c      Volume      Pressure    DebyeT   Lindemann  
 fs          eV/atom     eV/atom     eV/atom     K        Å^2         mm^2/s      Å         Å         Å         Å^3/atom    Pa          K        1          
 500         -9.42455    0.02268     -9.40187    175.43   0.0         0.0         2.509     2.509     2.508     12.155    -9630764427.67306 inf      0.0        
 600         -9.4636     0.06174     -9.40186    477.65   0.04206     0.00012     2.509     2.509     2.508     12.155    -8760708398.35451 297.96   0.01635    
 700         -9.45665    0.05481     -9.40184    424.03   0.06014     0.00014     2.509     2.509     2.508     12.155    -9144088523.55566 234.77   0.01955    
 800         -9.46224    0.06039     -9.40184    467.24   0.09226     0.00019     2.509     2.509     2.508     12.155    -8980891784.31603 198.98   0.02422    
 900         -9.45999    0.05814     -9.40185    449.8    0.12122     0.00022     2.509     2.509     2.508     12.155    -9282502074.39411 170.32   0.02776    
 1000        -9.45829    0.05644     -9.40185    436.63   0.17729     0.0003      2.509     2.509     2.508     12.155    -9697948616.2927 138.76   0.03357    
 1100        -9.46303    0.06117     -9.40186    473.21   0.20145     0.00031     2.509     2.509     2.508     12.155    -9320628041.05738 135.52   0.03579    
 1200        -9.4572     0.05534     -9.40186    428.13   0.22976     0.00032     2.509     2.509     2.508     12.155    -9702268297.98703 120.7    0.03822    
 1300        -9.46081    0.05895     -9.40186    456.06   0.25611     0.00033     2.509     2.509     2.508     12.155    -9438475803.18881 117.99   0.04035    
 1400        -9.4606     0.05873     -9.40187    454.38   0.3334      0.0004      2.509     2.509     2.508     12.155    -9972086833.7383 103.22   0.04604    
 1500        -9.46599    0.06413     -9.40186    496.11   0.36608     0.00041     2.509     2.509     2.508     12.155    -9307874293.12069 102.93   0.04824    

Time averages:
             Epot        Ekin        Etot        Temp     MSD         Self_diff   Pressure    Spec_heat   DebyeT   Lindemann  
             eV/atom     eV/atom     eV/atom     K        Å^2         mm^2/s      Pa          J/(K*Kg)    K        1          
             -9.46084    0.05898     -9.40185    456.32   0.18798     0.00029     -9360747266.60052 223.66445   162.12   0.03301    