Material ID: 0213
Unit cell composition: Pt125
Material:  Pt
Site positions of initial unit cell:
 Pt         
 0.00000    
 0.00000    
 0.00000    
Properties:
 Time        Epot        Ekin        Etot        Temp     MSD         Self_diff   LC_a      LC_b      LC_c      Volume      Pressure    DebyeT   Lindemann  
 fs          eV/atom     eV/atom     eV/atom     K        Å^2         mm^2/s      Å         Å         Å         Å^3/atom    Pa          K        1          
 500         -23.65313   0.02622     -23.62691   202.82   0.0         0.0         2.812     2.812     2.812     15.723    228629917481.9072 inf      0.0        
 600         -23.6383    0.0114      -23.6269    88.16    0.00084     0.0         2.812     2.812     2.812     15.723    227667020247.9416 485.28   0.00206    
 700         -23.63937   0.01247     -23.6269    96.45    0.00099     0.0         2.812     2.812     2.812     15.723    227695748186.51147 466.95   0.00224    
 800         -23.64458   0.01768     -23.6269    136.75   0.00094     0.0         2.812     2.812     2.812     15.723    228045886482.25735 570.24   0.00218    
 900         -23.63925   0.01235     -23.6269    95.56    0.00164     0.0         2.812     2.812     2.812     15.723    227735629486.9218 361.19   0.00288    
 1000        -23.6405    0.0136      -23.6269    105.24   0.00224     0.0         2.812     2.812     2.812     15.723    227773166219.34497 324.08   0.00337    
 1100        -23.6398    0.0129      -23.6269    99.8     0.00284     0.0         2.812     2.812     2.812     15.723    227725616363.71704 280.42   0.00379    
 1200        -23.64097   0.01407     -23.6269    108.84   0.00348     0.0         2.812     2.812     2.812     15.723    227812601143.1798 264.61   0.00419    
 1300        -23.63716   0.01026     -23.6269    79.36    0.00469     1e-05       2.812     2.812     2.812     15.723    227545772799.89865 194.54   0.00487    
 1400        -23.63746   0.01057     -23.6269    81.74    0.00575     1e-05       2.812     2.812     2.812     15.723    227577353967.9278 178.44   0.00539    
 1500        -23.6392    0.0123      -23.6269    95.16    0.00673     1e-05       2.812     2.812     2.812     15.723    227695792659.41684 177.87   0.00584    

Time averages:
             Epot        Ekin        Etot        Temp     MSD         Self_diff   Pressure    Spec_heat   DebyeT   Lindemann  
             eV/atom     eV/atom     eV/atom     K        Å^2         mm^2/s      Pa          J/(K*Kg)    K        1          
             -23.63966   0.01276     -23.6269    98.71    0.00301     0.0         227727458755.71173 64.99491    330.36   0.00368    