Material ID: 0099
Unit cell composition: Fe125
Material:  Fe
Site positions of initial unit cell:
 Fe         
 0.00000    
 0.00000    
 0.00000    
Properties:
 Time        Epot        Ekin        Etot        Temp     MSD         Self_diff   LC_a      LC_b      LC_c      Volume      Pressure    DebyeT   Lindemann  
 fs          eV/atom     eV/atom     eV/atom     K        Å^2         mm^2/s      Å         Å         Å         Å^3/atom    Pa          K        1          
 500         -7.35737    0.02825     -7.32911    218.56   0.0         0.0         2.361     2.361     2.361     10.134    -412760141494.78613 inf      0.0        
 600         -7.4312     0.10218     -7.32902    790.51   0.04567     0.00013     2.361     2.361     2.361     10.134    -410070012674.8595 367.85   0.0181     
 700         -7.43874    0.10972     -7.32902    848.82   0.10101     0.00024     2.361     2.361     2.361     10.134    -409957175942.62225 256.31   0.02692    
 800         -7.45418    0.1251      -7.32908    967.82   0.14656     0.00031     2.361     2.361     2.361     10.134    -409741778708.7692 227.21   0.03243    
 900         -7.45646    0.12733     -7.32914    985.06   0.15283     0.00028     2.361     2.361     2.361     10.134    -409353004999.4558 224.47   0.03312    
 1000        -7.4671     0.13789     -7.32921    1066.78  0.15631     0.00026     2.361     2.361     2.361     10.134    -408638211154.7071 230.98   0.03349    
 1100        -7.47182    0.14263     -7.32919    1103.43  0.19663     0.0003      2.361     2.361     2.361     10.134    -408508008250.2129 209.45   0.03757    
 1200        -7.45227    0.12298     -7.32929    951.42   0.18424     0.00026     2.361     2.361     2.361     10.134    -409823410668.2781 200.92   0.03636    
 1300        -7.47089    0.14167     -7.32922    1096.0   0.22914     0.00029     2.361     2.361     2.361     10.134    -409071559680.57587 193.37   0.04055    
 1400        -7.45263    0.12354     -7.3291     955.72   0.21158     0.00025     2.361     2.361     2.361     10.134    -409945434858.59625 187.92   0.03897    
 1500        -7.44479    0.11553     -7.32926    893.79   0.26743     0.0003      2.361     2.361     2.361     10.134    -411219793268.75824 161.64   0.04381    

Time averages:
             Epot        Ekin        Etot        Temp     MSD         Self_diff   Pressure    Spec_heat   DebyeT   Lindemann  
             eV/atom     eV/atom     eV/atom     K        Å^2         mm^2/s      Pa          J/(K*Kg)    K        1          
             -7.45401    0.12486     -7.32915    965.93   0.16914     0.00028     -409632839020.68353 224.87534   226.01   0.03413    