Material ID: 0133
Unit cell composition: Cu125
Material:  Cu
Site positions of initial unit cell:
 Cu         
 1.14480    
 8.27375    
 11.12788   
Properties:
 Time        Epot        Ekin        Etot        Temp     MSD         Self_diff   LC_a      LC_b      LC_c      Volume      Pressure    DebyeT   Lindemann  
 fs          eV/atom     eV/atom     eV/atom     K        Å^2         mm^2/s      Å         Å         Å         Å^3/atom    Pa          K        1          
 500         9.56927     0.02428     9.59355     187.84   0.0         0.0         2.152     11.132    21.383    501.237   -21283545034.2445 inf      0.0        
 600         -0.41937    10.01317    9.5938      77465.34 18.03497    0.0501      2.152     11.132    21.383    501.237   14607110.10998 171.78   0.39464    
 700         -0.15812    9.75018     9.59206     75430.76 90.40241    0.21524     2.152     11.132    21.383    501.237   -155838898.26463 75.71    0.88355    
 800         -0.25225    9.84622     9.59397     76173.77 204.23307   0.42549     2.152     11.132    21.383    501.237   -97825953.22465 50.62    1.32802    
 900         -0.30416    9.89793     9.59377     76573.85 352.48252   0.65275     2.152     11.132    21.383    501.237   40057978.83383 38.63    1.74466    
 1000        -0.30018    9.89362     9.59344     76540.48 539.36902   0.89895     2.152     11.132    21.383    501.237   43894891.83343 31.22    2.15817    
 1100        -0.24605    9.83986     9.59381     76124.6  753.16796   1.14116     2.152     11.132    21.383    501.237   133165893.69797 26.35    2.55029    
 1200        -0.1415     9.73578     9.59428     75319.39 987.38753   1.37137     2.152     11.132    21.383    501.237   -352133729.15537 22.89    2.92003    
 1300        -0.1966     9.7904      9.5938      75741.92 1221.06636  1.56547     2.152     11.132    21.383    501.237   79265132.8046 20.64    3.24723    
 1400        -0.31014    9.9036      9.59346     76617.71 1482.37547  1.76473     2.152     11.132    21.383    501.237   74861314.21182 18.84    3.57785    
 1500        -0.27806    9.87061     9.59256     76362.5  1765.81733  1.96202     2.152     11.132    21.383    501.237   -52920401.94131 17.24    3.90495    
 1600        -0.20804    9.80209     9.59405     75832.38 2075.71295  2.1622      2.152     11.132    21.383    501.237   -8338572.89687 15.84    4.23376    
 1700        -0.22405    9.81777     9.59371     75953.65 2412.54377  2.36524     2.152     11.132    21.383    501.237   1453350.70602 14.71    4.56437    
 1800        -0.19954    9.79319     9.59365     75763.56 2795.9974   2.58889     2.152     11.132    21.383    501.237   -4944345.37686 13.64    4.91373    
 1900        -0.18967    9.7835      9.59383     75688.58 3232.36085  2.8354      2.152     11.132    21.383    501.237   -28395105.66981 12.68    5.28327    
 2000        -0.21457    9.80837     9.5938      75880.95 3721.43783  3.1012      2.152     11.132    21.383    501.237   13701293.2689 11.84    5.6689     
 2100        -0.11312    9.70694     9.59382     75096.27 4257.29096  3.3788      2.152     11.132    21.383    501.237   66141009.3722 11.01    6.06331    
 2200        -0.12423    9.71801     9.59378     75181.9  4807.71764  3.64221     2.152     11.132    21.383    501.237   23532416.56905 10.37    6.44336    
 2300        -0.08896    9.68268     9.59371     74908.56 5399.08597  3.91238     2.152     11.132    21.383    501.237   41104135.96394 9.76     6.82815    
 2400        -0.1201     9.71388     9.59378     75149.97 6036.93783  4.19232     2.152     11.132    21.383    501.237   46253674.72045 9.25     7.22024    

Time averages:
             Epot        Ekin        Etot        Temp     MSD         Self_diff   Pressure    Spec_heat   DebyeT   Lindemann  
             eV/atom     eV/atom     eV/atom     K        Å^2         mm^2/s      Pa          J/(K*Kg)    K        1          
             -0.17603    9.7697      9.59367     75581.83 3650.49025  3.13096     9758745.47157 196.26692   12.63    5.5124     