Material ID: 0157
Unit cell composition: Cu125
Material:  Cu
Site positions of initial unit cell:
 Cu         
 0.00000    
 0.00000    
 0.00000    
Properties:
 Time        Epot        Ekin        Etot        Temp     MSD         Self_diff   LC_a      LC_b      LC_c      Volume      Pressure    DebyeT   Lindemann  
 fs          eV/atom     eV/atom     eV/atom     K        Å^2         mm^2/s      Å         Å         Å         Å^3/atom    Pa          K        1          
 500         -17.01707   0.02548     -16.9916    197.12   0.0         0.0         2.561     2.561     2.561     11.872    -14944874804.91313 inf      0.0        
 600         -17.00175   0.01024     -16.99151   79.21    0.00098     0.0         2.561     2.561     2.561     11.872    -16020568197.07586 746.37   0.00244    
 700         -17.00426   0.01273     -16.99153   98.48    0.00296     1e-05       2.561     2.561     2.561     11.872    -15847694565.84141 478.2    0.00425    
 800         -17.00103   0.00952     -16.99151   73.61    0.00632     1e-05       2.561     2.561     2.561     11.872    -16072657261.43225 282.82   0.00621    
 900         -17.00501   0.01348     -16.99153   104.27   0.01075     2e-05       2.561     2.561     2.561     11.872    -15798208884.67947 258.18   0.0081     
 1000        -17.00417   0.01266     -16.99152   97.91    0.01664     3e-05       2.561     2.561     2.561     11.872    -15864030429.0813 201.08   0.01007    
 1100        -17.00337   0.01185     -16.99152   91.64    0.02388     4e-05       2.561     2.561     2.561     11.872    -15914186608.40598 162.36   0.01207    
 1200        -17.0034    0.01187     -16.99153   91.83    0.03251     5e-05       2.561     2.561     2.561     11.872    -15895124871.389 139.3    0.01408    
 1300        -17.00418   0.01265     -16.99153   97.89    0.0423      5e-05       2.561     2.561     2.561     11.872    -15853780626.32118 126.08   0.01606    
 1400        -17.00214   0.01062     -16.99153   82.13    0.0535      6e-05       2.561     2.561     2.561     11.872    -15987645420.958 102.7    0.01807    
 1500        -17.00962   0.01807     -16.99155   139.78   0.06572     7e-05       2.561     2.561     2.561     11.872    -15475780001.24615 120.88   0.02002    

Time averages:
             Epot        Ekin        Etot        Temp     MSD         Self_diff   Pressure    Spec_heat   DebyeT   Lindemann  
             eV/atom     eV/atom     eV/atom     K        Å^2         mm^2/s      Pa          J/(K*Kg)    K        1          
             -17.00389   0.01237     -16.99153   95.67    0.02556     4e-05       -15872967686.64306 200.66035   261.8    0.01114    