Material ID: 0016
Unit cell composition: Ag500
Material:  Ag
Site positions of initial unit cell:
 Ag          Ag          Ag          Ag         
 0.00000     0.00000     -0.00000    1.47560    
 0.00000     0.00000     1.70388     0.85194    
 0.00000     4.79288     2.39644     7.18932    
Properties:
 Time        Epot        Ekin        Etot        Temp     MSD         Self_diff   LC_a      LC_b      LC_c      Volume      Pressure    DebyeT   Lindemann  
 fs          eV/atom     eV/atom     eV/atom     K        Å^2         mm^2/s      Å         Å         Å         Å^3/atom    Pa          K        1          
 500         -13.3669    0.02625     -13.34065   203.08   0.0         0.0         2.892     2.892     9.394     17.013    51877359618.85838 inf      0.0        
 600         -13.43925   0.09846     -13.34079   761.73   0.00328     1e-05       2.892     2.892     9.394     17.013    55746956307.28317 968.86   0.0056     
 700         -13.41609   0.07533     -13.34076   582.78   0.0121      3e-05       2.892     2.892     9.394     17.013    54415691912.23933 441.52   0.01076    
 800         -13.36708   0.02642     -13.34066   204.39   0.01221     3e-05       2.892     2.892     9.394     17.013    51903103627.12117 260.27   0.01081    
 900         -13.44749   0.10668     -13.34081   825.3    0.01068     2e-05       2.892     2.892     9.394     17.013    56311199239.80396 559.26   0.01011    
 1000        -13.4076    0.06686     -13.34074   517.22   0.00723     1e-05       2.892     2.892     9.394     17.013    53889290768.8201 538.0    0.00832    
 1100        -13.3805    0.03979     -13.34071   307.84   0.00736     1e-05       2.892     2.892     9.394     17.013    52628037591.1586 411.41   0.00839    
 1200        -13.45705   0.11622     -13.34083   899.13   0.01044     1e-05       2.892     2.892     9.394     17.013    56942728980.10053 590.47   0.00999    
 1300        -13.40326   0.06252     -13.34074   483.69   0.0212      3e-05       2.892     2.892     9.394     17.013    53621818413.9229 303.91   0.01424    
 1400        -13.39735   0.05657     -13.34078   437.62   0.02228     3e-05       2.892     2.892     9.394     17.013    53619697017.91486 281.92   0.0146     
 1500        -13.45829   0.11746     -13.34083   908.72   0.02154     2e-05       2.892     2.892     9.394     17.013    57109328794.21055 413.2    0.01435    

Time averages:
             Epot        Ekin        Etot        Temp     MSD         Self_diff   Pressure    Spec_heat   DebyeT   Lindemann  
             eV/atom     eV/atom     eV/atom     K        Å^2         mm^2/s      Pa          J/(K*Kg)    K        1          
             -13.4174    0.07663     -13.34076   592.84   0.01283     2e-05       54618785265.25752 198.4482    476.88   0.01072    