Material ID: 0010
Unit cell composition: Ag125
Material:  Ag
Site positions of initial unit cell:
 Ag         
 0.00000    
 0.00000    
 0.00000    
Properties:
 Time        Epot        Ekin        Etot        Temp     MSD         Self_diff   LC_a      LC_b      LC_c      Volume      Pressure    DebyeT   Lindemann  
 fs          eV/atom     eV/atom     eV/atom     K        Å^2         mm^2/s      Å         Å         Å         Å^3/atom    Pa          K        1          
 500         -13.03975   0.02601     -13.01374   201.24   0.0         0.0         2.942     2.942     2.942     18.005    85716553281.60825 inf      0.0        
 600         -13.02375   0.01003     -13.01372   77.58    0.00102     0.0         2.942     2.942     2.942     18.005    84844378928.66 554.63   0.00217    
 700         -13.0288    0.01507     -13.01373   116.62   0.00111     0.0         2.942     2.942     2.942     18.005    85137933314.12854 653.31   0.00226    
 800         -13.02295   0.00922     -13.01373   71.37    0.00189     0.0         2.942     2.942     2.942     18.005    84825940214.48474 391.03   0.00295    
 900         -13.02576   0.01204     -13.01373   93.11    0.00215     0.0         2.942     2.942     2.942     18.005    84958495694.53249 418.27   0.00316    
 1000        -13.02631   0.01258     -13.01373   97.31    0.00303     1e-05       2.942     2.942     2.942     18.005    85000073492.29822 360.77   0.00374    
 1100        -13.02649   0.01277     -13.01373   98.76    0.00397     1e-05       2.942     2.942     2.942     18.005    85013738745.96754 317.15   0.00429    
 1200        -13.02449   0.01076     -13.01373   83.26    0.00516     1e-05       2.942     2.942     2.942     18.005    84904732740.22687 255.65   0.00488    
 1300        -13.0291    0.01537     -13.01373   118.88   0.00599     1e-05       2.942     2.942     2.942     18.005    85145064664.38171 283.49   0.00526    
 1400        -13.02474   0.01102     -13.01373   85.22    0.00769     1e-05       2.942     2.942     2.942     18.005    84925963712.61949 211.74   0.00596    
 1500        -13.02693   0.0132      -13.01373   102.13   0.00915     1e-05       2.942     2.942     2.942     18.005    85036593462.81226 212.56   0.0065     

Time averages:
             Epot        Ekin        Etot        Temp     MSD         Self_diff   Pressure    Spec_heat   DebyeT   Lindemann  
             eV/atom     eV/atom     eV/atom     K        Å^2         mm^2/s      Pa          J/(K*Kg)    K        1          
             -13.02593   0.01221     -13.01373   94.42    0.00412     1e-05       84979291497.01118 117.55664   365.86   0.00412    