Material ID: 0173
Unit cell composition: Zn250
Material:  Zn
Site positions of initial unit cell:
 Zn          Zn         
 -0.00000    1.31337    
 1.51654     0.75827    
 1.30181     3.90543    
Properties:
 Time        Epot        Ekin        Etot        Temp     MSD         Self_diff   LC_a      LC_b      LC_c      Volume      Pressure    DebyeT   Lindemann  
 fs          eV/atom     eV/atom     eV/atom     K        Å^2         mm^2/s      Å         Å         Å         Å^3/atom    Pa          K        1          
 500         -0.79841    0.02538     -0.77302    196.38   0.0         0.0         2.732     2.732     5.416     17.5      11567040918.56135 inf      0.0        
 600         -0.81368    0.04066     -0.77302    314.54   0.08196     0.00023     2.732     2.732     5.416     17.5      10008988635.53529 160.08   0.01721    
 700         -0.84291    0.06988     -0.77303    540.63   0.27112     0.00065     2.732     2.732     5.416     17.5      6221246832.79942 115.39   0.03131    
 800         -0.83916    0.06614     -0.77302    511.66   0.37203     0.00078     2.732     2.732     5.416     17.5      7577716248.98228 95.83    0.03668    
 900         -0.85188    0.07885     -0.77303    610.04   0.63007     0.00117     2.732     2.732     5.416     17.5      6317203016.56196 80.41    0.04773    
 1000        -0.86108    0.08806     -0.77303    681.24   0.90711     0.00151     2.732     2.732     5.416     17.5      5468812755.15603 70.82    0.05727    
 1100        -0.86901    0.09598     -0.77303    742.55   1.20924     0.00183     2.732     2.732     5.416     17.5      4682906718.51197 64.03    0.06612    
 1200        -0.87814    0.10511     -0.77303    813.18   1.54171     0.00214     2.732     2.732     5.416     17.5      4830092659.5429 59.35    0.07466    
 1300        -0.88302    0.10999     -0.77303    850.94   1.94012     0.00249     2.732     2.732     5.416     17.5      4811780209.41658 54.12    0.08375    
 1400        -0.8902     0.11717     -0.77303    906.48   2.3865      0.00284     2.732     2.732     5.416     17.5      3826322012.52059 50.36    0.09289    
 1500        -0.89536    0.12233     -0.77303    946.35   2.80736     0.00312     2.732     2.732     5.416     17.5      4115032250.04895 47.44    0.10075    

Time averages:
             Epot        Ekin        Etot        Temp     MSD         Self_diff   Pressure    Spec_heat   DebyeT   Lindemann  
             eV/atom     eV/atom     eV/atom     K        Å^2         mm^2/s      Pa          J/(K*Kg)    K        1          
             -0.86244    0.08942     -0.77303    691.76   1.21472     0.00184     5786010133.9076 211.8893    79.78    0.06084    