Material ID: 0006
Unit cell composition: Ag250
Material:  Ag
Site positions of initial unit cell:
 Ag          Ag         
 -0.00000    1.47633    
 1.70471     0.85236    
 1.19958     3.59874    
Properties:
 Time        Epot        Ekin        Etot        Temp     MSD         Self_diff   LC_a      LC_b      LC_c      Volume      Pressure    DebyeT   Lindemann  
 fs          eV/atom     eV/atom     eV/atom     K        Å^2         mm^2/s      Å         Å         Å         Å^3/atom    Pa          K        1          
 500         -10.75363   0.02699     -10.72665   208.8    0.0         0.0         3.13      3.13      5.086     21.574    97870623108.5628 inf      0.0        
 600         -10.77513   0.04847     -10.72666   374.99   0.02755     8e-05       3.13      3.13      5.086     21.574    99764980086.09377 234.7    0.00985    
 700         -10.78418   0.05752     -10.72666   445.0    0.01404     3e-05       3.13      3.13      5.086     21.574    100549365637.68909 358.17   0.00703    
 800         -10.76487   0.03822     -10.72665   295.7    0.01246     3e-05       3.13      3.13      5.086     21.574    98825216522.87392 309.88   0.00662    
 900         -10.76454   0.03789     -10.72665   293.11   0.036       7e-05       3.13      3.13      5.086     21.574    97968646350.87672 181.54   0.01126    
 1000        -10.76285   0.03619     -10.72665   280.01   0.0363      6e-05       3.13      3.13      5.086     21.574    97332173824.51009 176.7    0.0113     
 1100        -10.78455   0.0579      -10.72665   447.95   0.08788     0.00013     3.13      3.13      5.086     21.574    92892626911.62508 143.63   0.01759    
 1200        -11.09697   0.3703      -10.72667   2864.75  0.49657     0.00069     3.13      3.13      5.086     21.574    72308317337.33568 152.8    0.04181    
 1300        -10.96742   0.24062     -10.7268    1861.53  1.99851     0.00256     3.13      3.13      5.086     21.574    5596690676.20159 61.4     0.08387    
 1400        -11.21447   0.48776     -10.72671   3773.45  1.07308     0.00128     3.13      3.13      5.086     21.574    52468181467.22205 119.3    0.06145    
 1500        -10.8823    0.15565     -10.72666   1204.14  0.25786     0.00029     3.13      3.13      5.086     21.574    82097638809.9113 137.48   0.03013    

Time averages:
             Epot        Ekin        Etot        Temp     MSD         Self_diff   Pressure    Spec_heat   DebyeT   Lindemann  
             eV/atom     eV/atom     eV/atom     K        Å^2         mm^2/s      Pa          J/(K*Kg)    K        1          
             -10.87973   0.15305     -10.72668   1184.06  0.40403     0.00057     79980383762.43391 -336.12614  187.56   0.02809    