Material ID: 0109
Unit cell composition: Fe125
Material:  Fe
Site positions of initial unit cell:
 Fe         
 0.00000    
 0.00000    
 0.00000    
Properties:
 Time        Epot        Ekin        Etot        Temp     MSD         Self_diff   LC_a      LC_b      LC_c      Volume      Pressure    DebyeT   Lindemann  
 fs          eV/atom     eV/atom     eV/atom     K        Å^2         mm^2/s      Å         Å         Å         Å^3/atom    Pa          K        1          
 500         -9.68239    0.02498     -9.6574     193.28   0.0         0.0         2.629     2.629     2.629     12.855    57027912040.5056 inf      0.0        
 600         -9.66921    0.01183     -9.65738    91.55    0.00149     0.0         2.629     2.629     2.629     12.855    56107088392.76541 692.56   0.00294    
 700         -9.66856    0.01118     -9.65738    86.5     0.00383     1e-05       2.629     2.629     2.629     12.855    56077767417.48609 420.26   0.00471    
 800         -9.66952    0.01214     -9.65738    93.89    0.00733     2e-05       2.629     2.629     2.629     12.855    56150494446.21043 316.49   0.00651    
 900         -9.66983    0.01245     -9.65738    96.35    0.01193     2e-05       2.629     2.629     2.629     12.855    56151083676.41065 251.27   0.00831    
 1000        -9.66764    0.01027     -9.65737    79.41    0.01808     3e-05       2.629     2.629     2.629     12.855    55994122841.1844 185.31   0.01023    
 1100        -9.66991    0.01254     -9.65738    96.98    0.02553     4e-05       2.629     2.629     2.629     12.855    56151921628.62268 172.32   0.01215    
 1200        -9.6703     0.01293     -9.65738    100.0    0.03455     5e-05       2.629     2.629     2.629     12.855    56183766261.30537 150.43   0.01414    
 1300        -9.66766    0.01029     -9.65737    79.62    0.04523     6e-05       2.629     2.629     2.629     12.855    55995007526.81396 117.31   0.01618    
 1400        -9.6678     0.01042     -9.65737    80.63    0.05702     7e-05       2.629     2.629     2.629     12.855    56018756842.35451 105.14   0.01816    
 1500        -9.6694     0.01202     -9.65738    93.01    0.06997     8e-05       2.629     2.629     2.629     12.855    56122480135.91827 101.94   0.02012    

Time averages:
             Epot        Ekin        Etot        Temp     MSD         Self_diff   Pressure    Spec_heat   DebyeT   Lindemann  
             eV/atom     eV/atom     eV/atom     K        Å^2         mm^2/s      Pa          J/(K*Kg)    K        1          
             -9.66898    0.01161     -9.65738    89.79    0.0275      4e-05       56095248916.90717 224.31945   251.3    0.01134    