Material ID: 0051
Unit cell composition: Fe250
Material:  Fe
Site positions of initial unit cell:
 Fe          Fe         
 -0.00000    1.23288    
 1.42361     0.71180    
 0.97505     2.92514    
Properties:
 Time        Epot        Ekin        Etot        Temp     MSD         Self_diff   LC_a      LC_b      LC_c      Volume      Pressure    DebyeT   Lindemann  
 fs          eV/atom     eV/atom     eV/atom     K        Å^2         mm^2/s      Å         Å         Å         Å^3/atom    Pa          K        1          
 500         -6.75193    0.02625     -6.72568    203.12   0.0         0.0         2.416     2.416     3.822     9.664     -563339397142.6595 inf      0.0        
 600         -6.74744    0.02167     -6.72576    167.68   0.00277     1e-05       2.416     2.416     3.822     9.664     -563679421044.1824 688.21   0.0041     
 700         -6.77246    0.04604     -6.72642    356.2    0.00168     0.0         2.416     2.416     3.822     9.664     -561720525348.7683 1287.22  0.0032     
 800         -6.80609    0.07885     -6.72724    609.99   0.00497     1e-05       2.416     2.416     3.822     9.664     -559086551092.5731 979.88   0.0055     
 900         -6.83302    0.1051      -6.72792    813.07   0.00619     1e-05       2.416     2.416     3.822     9.664     -556971537625.672 1013.51  0.00614    
 1000        -6.84513    0.11684     -6.72829    903.94   0.01004     2e-05       2.416     2.416     3.822     9.664     -555998951436.2056 838.83   0.00782    
 1100        -6.84745    0.11911     -6.72835    921.45   0.01388     2e-05       2.416     2.416     3.822     9.664     -555804340181.6064 720.36   0.00919    
 1200        -6.84966    0.12132     -6.72834    938.56   0.01839     3e-05       2.416     2.416     3.822     9.664     -555627291367.9323 631.59   0.01058    
 1300        -6.85067    0.1223      -6.72837    946.18   0.0239      3e-05       2.416     2.416     3.822     9.664     -555537578178.9552 556.3    0.01206    
 1400        -6.8465     0.11807     -6.72843    913.42   0.02997     4e-05       2.416     2.416     3.822     9.664     -555847844308.7589 488.12   0.01351    
 1500        -6.84365    0.11519     -6.72846    891.11   0.03674     4e-05       2.416     2.416     3.822     9.664     -556074083935.6295 435.45   0.01495    

Time averages:
             Epot        Ekin        Etot        Temp     MSD         Self_diff   Pressure    Spec_heat   DebyeT   Lindemann  
             eV/atom     eV/atom     eV/atom     K        Å^2         mm^2/s      Pa          J/(K*Kg)    K        1          
             -6.82421    0.09645     -6.72776    746.16   0.01485     2e-05       -557634812452.0284 267.63976   763.95   0.00871    