Material ID: 0143
Unit cell composition: Cu125
Material:  Cu
Site positions of initial unit cell:
 Cu         
 0.00000    
 0.00000    
 0.00000    
Properties:
 Time        Epot        Ekin        Etot        Temp     MSD         Self_diff   LC_a      LC_b      LC_c      Volume      Pressure    DebyeT   Lindemann  
 fs          eV/atom     eV/atom     eV/atom     K        Å^2         mm^2/s      Å         Å         Å         Å^3/atom    Pa          K        1          
 500         -16.19101   0.02738     -16.16363   211.82   0.0         0.0         2.488     2.488     2.488     11.853    -68356986512.83471 inf      0.0        
 600         -16.21878   0.05524     -16.16354   427.37   0.05271     0.00015     2.488     2.488     2.488     11.853    -70588892158.53522 236.02   0.01846    
 700         -16.25346   0.08989     -16.16357   695.41   0.06816     0.00016     2.488     2.488     2.488     11.853    -67489495691.95285 264.76   0.02099    
 800         -16.32072   0.15708     -16.16364   1215.25  0.21479     0.00045     2.488     2.488     2.488     11.853    -65350469012.46109 197.16   0.03726    
 900         -16.32456   0.16089     -16.16367   1244.73  0.20944     0.00039     2.488     2.488     2.488     11.853    -64779854900.95848 202.06   0.03679    
 1000        -16.30366   0.1399      -16.16376   1082.35  0.14157     0.00024     2.488     2.488     2.488     11.853    -65405637600.86713 229.19   0.03025    
 1100        -16.31146   0.14767     -16.16379   1142.44  0.28598     0.00043     2.488     2.488     2.488     11.853    -66517407152.76881 165.67   0.04299    
 1200        -16.30225   0.13853     -16.16373   1071.69  0.28912     0.0004      2.488     2.488     2.488     11.853    -66979237157.60647 159.58   0.04323    
 1300        -16.28932   0.12564     -16.16367   972.03   0.21446     0.00027     2.488     2.488     2.488     11.853    -67281346988.17557 176.46   0.03723    
 1400        -16.29615   0.13244     -16.16372   1024.57  0.22268     0.00027     2.488     2.488     2.488     11.853    -66916706171.95091 177.79   0.03794    
 1500        -16.30039   0.13666     -16.16373   1057.23  0.22933     0.00025     2.488     2.488     2.488     11.853    -66829182902.50697 177.97   0.0385     

Time averages:
             Epot        Ekin        Etot        Temp     MSD         Self_diff   Pressure    Spec_heat   DebyeT   Lindemann  
             eV/atom     eV/atom     eV/atom     K        Å^2         mm^2/s      Pa          J/(K*Kg)    K        1          
             -16.29208   0.12839     -16.16368   993.31   0.19282     0.00032     -66813822973.77834 204.02833   198.67   0.03436    