Material ID: 0114
Unit cell composition: Cu125
Material:  Cu
Site positions of initial unit cell:
 Cu         
 0.00000    
 0.00000    
 0.00000    
Properties:
 Time        Epot        Ekin        Etot        Temp     MSD         Self_diff   LC_a      LC_b      LC_c      Volume      Pressure    DebyeT   Lindemann  
 fs          eV/atom     eV/atom     eV/atom     K        Å^2         mm^2/s      Å         Å         Å         Å^3/atom    Pa          K        1          
 500         -15.62051   0.02709     -15.59342   209.55   0.0         0.0         2.442     2.442     2.442     11.176    -231672447092.9812 inf      0.0        
 600         -15.71876   0.12529     -15.59346   969.32   0.05892     0.00016     2.442     2.442     2.442     11.176    -229074731820.69717 336.19   0.01988    
 700         -15.80321   0.20962     -15.59359   1621.7   0.12028     0.00029     2.442     2.442     2.442     11.176    -222494066381.99847 304.35   0.02841    
 800         -15.74696   0.15339     -15.59356   1186.69  0.17998     0.00037     2.442     2.442     2.442     11.176    -228134162016.33823 212.84   0.03475    
 900         -15.79088   0.19733     -15.59355   1526.63  0.18802     0.00035     2.442     2.442     2.442     11.176    -224813919837.43585 236.19   0.03552    
 1000        -15.77012   0.17655     -15.59358   1365.83  0.12838     0.00021     2.442     2.442     2.442     11.176    -225179487401.19843 270.36   0.02935    
 1100        -15.81485   0.22126     -15.59359   1711.75  0.16262     0.00025     2.442     2.442     2.442     11.176    -221857780207.39883 268.91   0.03303    
 1200        -15.80754   0.21388     -15.59366   1654.64  0.16988     0.00024     2.442     2.442     2.442     11.176    -222198565609.28183 258.68   0.03376    
 1300        -15.77476   0.181       -15.59375   1400.3   0.22822     0.00029     2.442     2.442     2.442     11.176    -225320265803.7004 205.31   0.03913    
 1400        -15.75405   0.16035     -15.59371   1240.49  0.25501     0.0003      2.442     2.442     2.442     11.176    -226872729575.10117 182.81   0.04136    
 1500        -15.80346   0.20975     -15.59371   1622.71  0.30446     0.00034     2.442     2.442     2.442     11.176    -223721766540.5094 191.36   0.04519    
 1600        -15.77391   0.18027     -15.59364   1394.63  0.27437     0.00029     2.442     2.442     2.442     11.176    -224387866790.032 186.87   0.0429     

Time averages:
             Epot        Ekin        Etot        Temp     MSD         Self_diff   Pressure    Spec_heat   DebyeT   Lindemann  
             eV/atom     eV/atom     eV/atom     K        Å^2         mm^2/s      Pa          J/(K*Kg)    K        1          
             -15.78397   0.19034     -15.59363   1472.54  0.20112     0.00029     -224498061016.29947 198.06698   231.77   0.03634    