Material ID: 0134
Unit cell composition: Cu125
Material:  Cu
Site positions of initial unit cell:
 Cu         
 1.14480    
 8.27375    
 11.12788   
Properties:
 Time        Epot        Ekin        Etot        Temp     MSD         Self_diff   LC_a      LC_b      LC_c      Volume      Pressure    DebyeT   Lindemann  
 fs          eV/atom     eV/atom     eV/atom     K        Å^2         mm^2/s      Å         Å         Å         Å^3/atom    Pa          K        1          
 500         5.95271     0.02409     5.9768      186.34   0.0         0.0         2.198     11.369    21.838    533.916   -14630635382.43282 inf      0.0        
 600         -0.33654    6.31342     5.97689     48842.83 11.12599    0.03091     2.198     11.369    21.838    533.916   47692404.66542 173.67   0.30351    
 700         -0.20417    6.181       5.97683     47818.4  55.69205    0.1326      2.198     11.369    21.838    533.916   63899838.05744 76.8     0.67904    
 800         -0.31141    6.28829     5.97688     48648.38 133.10171   0.2773      2.198     11.369    21.838    533.916   90625333.99085 50.11    1.04976    
 900         -0.31654    6.2934      5.97686     48687.9  238.12703   0.44098     2.198     11.369    21.838    533.916   54545449.94728 37.48    1.40412    
 1000        -0.30539    6.28237     5.97698     48602.61 363.26169   0.60544     2.198     11.369    21.838    533.916   85200400.73966 30.32    1.73424    
 1100        -0.22887    6.20563     5.97676     48008.88 504.41228   0.76426     2.198     11.369    21.838    533.916   -117626285.23325 25.57    2.04358    
 1200        -0.29089    6.26756     5.97667     48488.03 660.19763   0.91694     2.198     11.369    21.838    533.916   68879109.79535 22.46    2.33796    
 1300        -0.36523    6.3416      5.97637     49060.86 842.61344   1.08027     2.198     11.369    21.838    533.916   -65041408.1974 20.0     2.64128    
 1400        -0.41711    6.39357     5.97646     49462.91 1039.22632  1.23717     2.198     11.369    21.838    533.916   -35533636.88917 18.08    2.93329    
 1500        -0.29245    6.26893     5.97647     48498.61 1244.29703  1.38255     2.198     11.369    21.838    533.916   105077192.51827 16.36    3.20968    
 1600        -0.30658    6.28341     5.97683     48610.65 1461.24054  1.52213     2.198     11.369    21.838    533.916   46537135.71402 15.12    3.47825    
 1700        -0.26149    6.23841     5.97693     48262.55 1698.21375  1.66492     2.198     11.369    21.838    533.916   108368711.86042 13.97    3.74969    
 1800        -0.25485    6.23203     5.97718     48213.17 1948.15966  1.80385     2.198     11.369    21.838    533.916   -59240464.71131 13.04    4.01617    

Time averages:
             Epot        Ekin        Etot        Temp     MSD         Self_diff   Pressure    Spec_heat   DebyeT   Lindemann  
             eV/atom     eV/atom     eV/atom     K        Å^2         mm^2/s      Pa          J/(K*Kg)    K        1          
             -0.30394    6.28069     5.97675     48589.62 999.97494   1.21973     19116620.55439 196.27125   21.24    2.75483    