Material ID: 0168
Unit cell composition: Zn250
Material:  Zn
Site positions of initial unit cell:
 Zn          Zn         
 -0.00000    1.31337    
 1.51654     0.75827    
 1.30181     3.90543    
Properties:
 Time        Epot        Ekin        Etot        Temp     MSD         Self_diff   LC_a      LC_b      LC_c      Volume      Pressure    DebyeT   Lindemann  
 fs          eV/atom     eV/atom     eV/atom     K        Å^2         mm^2/s      Å         Å         Å         Å^3/atom    Pa          K        1          
 500         -1.20628    0.02738     -1.1789     211.85   0.0         0.0         2.469     2.469     4.895     12.922    15096225743.57947 inf      0.0        
 600         -1.20078    0.02188     -1.1789     169.23   0.03987     0.00011     2.469     2.469     4.895     12.922    12197673280.36917 168.36   0.01328    
 700         -1.20851    0.02961     -1.1789     229.09   0.0827      0.0002      2.469     2.469     4.895     12.922    12707798108.93505 136.01   0.01913    
 800         -1.21447    0.03557     -1.1789     275.15   0.16922     0.00035     2.469     2.469     4.895     12.922    12114202361.56842 104.2    0.02737    
 900         -1.21761    0.03871     -1.1789     299.49   0.24845     0.00046     2.469     2.469     4.895     12.922    11496421288.60562 89.72    0.03316    
 1000        -1.22443    0.04553     -1.1789     352.23   0.31155     0.00052     2.469     2.469     4.895     12.922    11874028470.6279 86.89    0.03713    
 1100        -1.23052    0.05162     -1.1789     399.33   0.4214      0.00064     2.469     2.469     4.895     12.922    11319624238.52148 79.55    0.04319    
 1200        -1.2393     0.0604      -1.1789     467.28   0.60734     0.00084     2.469     2.469     4.895     12.922    10716497670.11471 71.68    0.05185    
 1300        -1.25305    0.07415     -1.17891    573.63   0.91049     0.00117     2.469     2.469     4.895     12.922    9505352058.2531 64.86    0.06348    
 1400        -1.27412    0.09521     -1.17891    736.58   1.3567      0.00162     2.469     2.469     4.895     12.922    7498677843.89025 60.21    0.07749    
 1500        -1.28816    0.10925     -1.17891    845.23   1.97584     0.0022      2.469     2.469     4.895     12.922    3955632263.17497 53.45    0.09351    

Time averages:
             Epot        Ekin        Etot        Temp     MSD         Self_diff   Pressure    Spec_heat   DebyeT   Lindemann  
             eV/atom     eV/atom     eV/atom     K        Å^2         mm^2/s      Pa          J/(K*Kg)    K        1          
             -1.23509    0.05619     -1.1789     434.72   0.61236     0.00089     10338590758.40607 277.93128   91.49    0.04596    