Material ID: 0106
Unit cell composition: Fe125
Material:  Fe
Site positions of initial unit cell:
 Fe         
 0.00000    
 0.00000    
 0.00000    
Properties:
 Time        Epot        Ekin        Etot        Temp     MSD         Self_diff   LC_a      LC_b      LC_c      Volume      Pressure    DebyeT   Lindemann  
 fs          eV/atom     eV/atom     eV/atom     K        Å^2         mm^2/s      Å         Å         Å         Å^3/atom    Pa          K        1          
 500         -9.25085    0.02163     -9.22922    167.34   0.0         0.0         2.475     2.475     2.475     10.718    -184375682453.80377 inf      0.0        
 600         -9.24225    0.01309     -9.22916    101.29   0.00139     0.0         2.475     2.475     2.475     10.718    -185009092745.22815 754.55   0.00301    
 700         -9.23836    0.00922     -9.22914    71.34    0.00519     1e-05       2.475     2.475     2.475     10.718    -185290169460.25644 327.91   0.00582    
 800         -9.24021    0.01106     -9.22915    85.58    0.01134     2e-05       2.475     2.475     2.475     10.718    -185154578255.8585 242.92   0.00861    
 900         -9.24193    0.01276     -9.22917    98.74    0.02002     4e-05       2.475     2.475     2.475     10.718    -185027827653.0709 196.38   0.01143    
 1000        -9.23815    0.00902     -9.22914    69.75    0.03121     5e-05       2.475     2.475     2.475     10.718    -185304811052.55557 132.18   0.01428    
 1100        -9.23847    0.00933     -9.22914    72.14    0.04481     7e-05       2.475     2.475     2.475     10.718    -185275378779.71997 112.19   0.01711    
 1200        -9.24104    0.01188     -9.22916    91.87    0.06086     8e-05       2.475     2.475     2.475     10.718    -185092900378.8285 108.63   0.01994    
 1300        -9.24286    0.01368     -9.22918    105.8    0.07939     0.0001      2.475     2.475     2.475     10.718    -184954084499.92056 102.07   0.02277    
 1400        -9.24096    0.0118      -9.22916    91.28    0.1004      0.00012     2.475     2.475     2.475     10.718    -185100710097.03152 84.31    0.02561    
 1500        -9.2387     0.00954     -9.22916    73.84    0.12396     0.00014     2.475     2.475     2.475     10.718    -185262820916.7122 68.24    0.02845    

Time averages:
             Epot        Ekin        Etot        Temp     MSD         Self_diff   Pressure    Spec_heat   DebyeT   Lindemann  
             eV/atom     eV/atom     eV/atom     K        Å^2         mm^2/s      Pa          J/(K*Kg)    K        1          
             -9.24029    0.01114     -9.22916    86.16    0.04786     7e-05       -185147237383.91824 226.72554   212.94   0.0157     