Material ID: 0216
Unit cell composition: Pt125
Material:  Pt
Site positions of initial unit cell:
 Pt         
 0.00000    
 0.00000    
 0.00000    
Properties:
 Time        Epot        Ekin        Etot        Temp     MSD         Self_diff   LC_a      LC_b      LC_c      Volume      Pressure    DebyeT   Lindemann  
 fs          eV/atom     eV/atom     eV/atom     K        Å^2         mm^2/s      Å         Å         Å         Å^3/atom    Pa          K        1          
 500         -19.23508   0.0236      -19.21148   182.57   0.0         0.0         2.981     2.981     2.981     18.726    225723907980.27335 inf      0.0        
 600         -19.22501   0.01353     -19.21148   104.68   0.00448     1e-05       2.981     2.981     2.981     18.726    223807976912.76544 228.77   0.00449    
 700         -19.22867   0.01719     -19.21148   132.98   0.01043     2e-05       2.981     2.981     2.981     18.726    221336638873.051 168.89   0.00685    
 800         -19.29389   0.08241     -19.21148   637.57   0.05966     0.00012     2.981     2.981     2.981     18.726    204652223411.716 154.65   0.01639    
 900         -19.48144   0.26992     -19.21152   2088.23  0.31164     0.00058     2.981     2.981     2.981     18.726    135432799125.07362 122.46   0.03746    
 1000        -19.48208   0.27055     -19.21153   2093.05  0.47981     0.0008      2.981     2.981     2.981     18.726    116090533472.36285 98.8     0.04648    
 1100        -19.5256    0.31407     -19.21153   2429.74  0.60698     0.00092     2.981     2.981     2.981     18.726    112136621306.32504 94.65    0.05228    
 1200        -19.68983   0.47819     -19.21164   3699.45  0.88708     0.00123     2.981     2.981     2.981     18.726    97758951652.65504 96.61    0.0632     
 1300        -19.7602    0.54856     -19.21164   4243.85  1.32618     0.0017      2.981     2.981     2.981     18.726    83991025344.33543 84.63    0.07727    
 1400        -19.84656   0.63492     -19.21163   4911.98  1.76055     0.0021      2.981     2.981     2.981     18.726    70485333230.09807 79.02    0.08903    
 1500        -19.99103   0.77929     -19.21174   6028.84  1.97499     0.00219     2.981     2.981     2.981     18.726    71027633678.28589 82.65    0.0943     

Time averages:
             Epot        Ekin        Etot        Temp     MSD         Self_diff   Pressure    Spec_heat   DebyeT   Lindemann  
             eV/atom     eV/atom     eV/atom     K        Å^2         mm^2/s      Pa          J/(K*Kg)    K        1          
             -19.55243   0.34086     -19.21157   2637.04  0.74218     0.00107     133671973700.66687 100.13028   121.11   0.04877    