Material ID: 0121
Unit cell composition: Cu250
Material:  Cu
Site positions of initial unit cell:
 Cu          Cu         
 -0.00000    1.27560    
 1.47293     0.73646    
 1.04750     3.14251    
Properties:
 Time        Epot        Ekin        Etot        Temp     MSD         Self_diff   LC_a      LC_b      LC_c      Volume      Pressure    DebyeT   Lindemann  
 fs          eV/atom     eV/atom     eV/atom     K        Å^2         mm^2/s      Å         Å         Å         Å^3/atom    Pa          K        1          
 500         -16.4762    0.02666     -16.44953   206.28   0.0         0.0         2.5       2.5       4.106     11.114    -192807945209.5355 inf      0.0        
 600         -16.51672   0.06645     -16.45026   514.11   0.0007      0.0         2.5       2.5       4.106     11.114    -189699209627.18643 2238.48  0.00196    
 700         -16.56205   0.11105     -16.451     859.1    0.0029      1e-05       2.5       2.5       4.106     11.114    -186235764112.93243 1426.94  0.00397    
 800         -16.50515   0.05504     -16.45012   425.77   0.00618     1e-05       2.5       2.5       4.106     11.114    -190519436083.87646 687.73   0.00581    
 900         -16.47905   0.02951     -16.44954   228.32   0.00887     2e-05       2.5       2.5       4.106     11.114    -192585219163.95435 420.42   0.00695    
 1000        -16.52676   0.07636     -16.4504    590.75   0.01179     2e-05       2.5       2.5       4.106     11.114    -188896528104.4888 586.61   0.00802    
 1100        -16.53817   0.08748     -16.45069   676.79   0.01594     2e-05       2.5       2.5       4.106     11.114    -187921586610.60385 540.11   0.00932    
 1200        -16.5153    0.06529     -16.45002   505.08   0.02125     3e-05       2.5       2.5       4.106     11.114    -189743112269.87027 404.11   0.01076    
 1300        -16.49945   0.04953     -16.44992   383.16   0.02828     4e-05       2.5       2.5       4.106     11.114    -190807645737.09232 305.1    0.01241    
 1400        -16.53472   0.08438     -16.45034   652.83   0.03539     4e-05       2.5       2.5       4.106     11.114    -188194101933.9692 356.01   0.01389    
 1500        -16.49939   0.04948     -16.44992   382.76   0.04366     5e-05       2.5       2.5       4.106     11.114    -190775273201.88913 245.42   0.01542    

Time averages:
             Epot        Ekin        Etot        Temp     MSD         Self_diff   Pressure    Spec_heat   DebyeT   Lindemann  
             eV/atom     eV/atom     eV/atom     K        Å^2         mm^2/s      Pa          J/(K*Kg)    K        1          
             -16.51768   0.06746     -16.45022   521.87   0.0175      3e-05       -189537787684.58633 229.25587   721.09   0.00885    