Material ID: 0013
Unit cell composition: Ag125
Material:  Ag
Site positions of initial unit cell:
 Ag         
 0.00000    
 0.00000    
 0.00000    
Properties:
 Time        Epot        Ekin        Etot        Temp     MSD         Self_diff   LC_a      LC_b      LC_c      Volume      Pressure    DebyeT   Lindemann  
 fs          eV/atom     eV/atom     eV/atom     K        Å^2         mm^2/s      Å         Å         Å         Å^3/atom    Pa          K        1          
 500         -10.89013   0.02578     -10.86435   199.48   0.0         0.0         3.118     3.118     3.118     21.444    102584536197.81262 inf      0.0        
 600         -10.88094   0.01659     -10.86434   128.35   0.0045      1e-05       3.118     3.118     3.118     21.444    102028193670.932 339.66   0.0043     
 700         -10.87841   0.01407     -10.86434   108.84   0.00545     1e-05       3.118     3.118     3.118     21.444    101865675397.04031 284.2    0.00474    
 800         -10.87573   0.01139     -10.86434   88.09    0.00946     2e-05       3.118     3.118     3.118     21.444    101598492455.71062 194.13   0.00624    
 900         -10.87586   0.01151     -10.86434   89.07    0.01382     3e-05       3.118     3.118     3.118     21.444    101704852365.68697 161.49   0.00754    
 1000        -10.87923   0.01488     -10.86434   115.13   0.01762     3e-05       3.118     3.118     3.118     21.444    101865568772.20416 162.62   0.00851    
 1100        -10.87821   0.01387     -10.86434   107.27   0.02515     4e-05       3.118     3.118     3.118     21.444    101870573287.9956 131.39   0.01017    
 1200        -10.87782   0.01347     -10.86434   104.22   0.03208     4e-05       3.118     3.118     3.118     21.444    101835452603.64786 114.67   0.01149    
 1300        -10.87478   0.01043     -10.86434   80.72    0.04249     5e-05       3.118     3.118     3.118     21.444    101656642314.40749 87.69    0.01322    
 1400        -10.874     0.00965     -10.86434   74.69    0.05248     6e-05       3.118     3.118     3.118     21.444    101579715227.04819 75.9     0.01469    
 1500        -10.87793   0.01359     -10.86434   105.1    0.06275     7e-05       3.118     3.118     3.118     21.444    101807307199.9902 82.34    0.01607    

Time averages:
             Epot        Ekin        Etot        Temp     MSD         Self_diff   Pressure    Spec_heat   DebyeT   Lindemann  
             eV/atom     eV/atom     eV/atom     K        Å^2         mm^2/s      Pa          J/(K*Kg)    K        1          
             -10.87729   0.01294     -10.86434   100.15   0.02658     4e-05       101781247329.46634 117.55827   163.41   0.0097     