Material ID: 0005
Unit cell composition: Ag250
Material:  Ag
Site positions of initial unit cell:
 Ag          Ag         
 -0.00000    1.47633    
 1.70471     0.85236    
 1.19958     3.59874    
Properties:
 Time        Epot        Ekin        Etot        Temp     MSD         Self_diff   LC_a      LC_b      LC_c      Volume      Pressure    DebyeT   Lindemann  
 fs          eV/atom     eV/atom     eV/atom     K        Å^2         mm^2/s      Å         Å         Å         Å^3/atom    Pa          K        1          
 500         -11.54114   0.02584     -11.5153    199.93   0.0         0.0         3.071     3.071     4.99      20.376    101330430597.44974 inf      0.0        
 600         -11.5532    0.03789     -11.51531   293.11   0.00774     2e-05       3.071     3.071     4.99      20.376    102339192965.5632 391.43   0.00532    
 700         -11.55887   0.04356     -11.51531   336.97   0.00693     2e-05       3.071     3.071     4.99      20.376    102759894108.52242 443.73   0.00503    
 800         -11.53445   0.01915     -11.5153    148.19   0.01547     3e-05       3.071     3.071     4.99      20.376    100947038536.14536 196.91   0.00752    
 900         -11.55278   0.03747     -11.51531   289.9    0.0088      2e-05       3.071     3.071     4.99      20.376    102326759982.2266 365.24   0.00567    
 1000        -11.56005   0.04474     -11.51531   346.15   0.00739     1e-05       3.071     3.071     4.99      20.376    102834889740.40712 435.54   0.0052     
 1100        -11.54103   0.02573     -11.5153    199.07   0.00524     1e-05       3.071     3.071     4.99      20.376    101439312575.70097 392.2    0.00438    
 1200        -11.55404   0.03873     -11.51531   299.65   0.00727     1e-05       3.071     3.071     4.99      20.376    102462955286.4571 408.48   0.00516    
 1300        -11.55698   0.04167     -11.51531   322.35   0.01151     1e-05       3.071     3.071     4.99      20.376    102659819031.65437 336.7    0.00649    
 1400        -11.54465   0.02935     -11.5153    227.08   0.01322     2e-05       3.071     3.071     4.99      20.376    101825513694.4804 263.62   0.00695    
 1500        -11.55031   0.03501     -11.5153    270.85   0.01426     2e-05       3.071     3.071     4.99      20.376    102385281483.68349 277.25   0.00722    

Time averages:
             Epot        Ekin        Etot        Temp     MSD         Self_diff   Pressure    Spec_heat   DebyeT   Lindemann  
             eV/atom     eV/atom     eV/atom     K        Å^2         mm^2/s      Pa          J/(K*Kg)    K        1          
             -11.55064   0.03533     -11.51531   273.33   0.00978     2e-05       102198065740.4841 123.66046   351.11   0.00589    