Material ID: 0052
Unit cell composition: Fe250
Material:  Fe
Site positions of initial unit cell:
 Fe          Fe         
 -0.00000    1.23288    
 1.42361     0.71180    
 0.97505     2.92514    
Properties:
 Time        Epot        Ekin        Etot        Temp     MSD         Self_diff   LC_a      LC_b      LC_c      Volume      Pressure    DebyeT   Lindemann  
 fs          eV/atom     eV/atom     eV/atom     K        Å^2         mm^2/s      Å         Å         Å         Å^3/atom    Pa          K        1          
 500         -8.48616    0.02865     -8.45751    221.67   0.0         0.0         2.466     2.466     3.9       10.268    -310898763660.17096 inf      0.0        
 600         -8.46898    0.01161     -8.45737    89.83    0.0008      0.0         2.466     2.466     3.9       10.268    -312214319211.8146 936.83   0.00216    
 700         -8.47163    0.01423     -8.45739    110.12   0.00213     1e-05       2.466     2.466     3.9       10.268    -312013073494.6848 636.04   0.00353    
 800         -8.47346    0.01607     -8.4574     124.29   0.00418     1e-05       2.466     2.466     3.9       10.268    -311865384606.13336 481.91   0.00495    
 900         -8.47324    0.01584     -8.45741    122.51   0.00727     1e-05       2.466     2.466     3.9       10.268    -311885707357.7459 362.89   0.00652    
 1000        -8.4705     0.01313     -8.45738    101.55   0.01134     2e-05       2.466     2.466     3.9       10.268    -312100790094.3834 264.57   0.00814    
 1100        -8.47275    0.01536     -8.45739    118.81   0.01611     2e-05       2.466     2.466     3.9       10.268    -311926807523.86395 240.14   0.0097     
 1200        -8.47234    0.01496     -8.45738    115.74   0.02172     3e-05       2.466     2.466     3.9       10.268    -311952343141.8702 204.11   0.01127    
 1300        -8.46843    0.01107     -8.45736    85.63    0.02844     4e-05       2.466     2.466     3.9       10.268    -312247312723.13196 153.41   0.01289    
 1400        -8.47367    0.01626     -8.4574     125.82   0.03585     4e-05       2.466     2.466     3.9       10.268    -311854245431.41345 165.63   0.01448    
 1500        -8.47227    0.01489     -8.45739    115.17   0.04416     5e-05       2.466     2.466     3.9       10.268    -311958782869.3879 142.79   0.01607    

Time averages:
             Epot        Ekin        Etot        Temp     MSD         Self_diff   Pressure    Spec_heat   DebyeT   Lindemann  
             eV/atom     eV/atom     eV/atom     K        Å^2         mm^2/s      Pa          J/(K*Kg)    K        1          
             -8.47173    0.01434     -8.45739    110.95   0.0172      3e-05       -312001876645.443 227.7966    358.83   0.00897    