Material ID: 0103
Unit cell composition: Fe125
Material:  Fe
Site positions of initial unit cell:
 Fe         
 0.00000    
 0.00000    
 0.00000    
Properties:
 Time        Epot        Ekin        Etot        Temp     MSD         Self_diff   LC_a      LC_b      LC_c      Volume      Pressure    DebyeT   Lindemann  
 fs          eV/atom     eV/atom     eV/atom     K        Å^2         mm^2/s      Å         Å         Å         Å^3/atom    Pa          K        1          
 500         -9.34435    0.02627     -9.31808    203.22   0.0         0.0         2.558     2.558     2.558     12.884    40372720527.1169 inf      0.0        
 600         -9.35848    0.04044     -9.31804    312.88   0.02146     6e-05       2.558     2.558     2.558     12.884    40321719196.87502 337.61   0.01146    
 700         -9.36746    0.04942     -9.31805    382.3    0.04562     0.00011     2.558     2.558     2.558     12.884    40302552371.98566 255.95   0.0167     
 800         -9.36543    0.04738     -9.31806    366.53   0.09426     0.0002      2.558     2.558     2.558     12.884    39472314452.96924 174.36   0.02401    
 900         -9.37376    0.05571     -9.31806    430.97   0.11001     0.0002      2.558     2.558     2.558     12.884    39881291243.41822 175.0    0.02594    
 1000        -9.39047    0.07242     -9.31806    560.23   0.17121     0.00029     2.558     2.558     2.558     12.884    40556088894.34365 159.94   0.03236    
 1100        -9.39289    0.07483     -9.31807    578.87   0.281       0.00043     2.558     2.558     2.558     12.884    40204826278.64888 126.9    0.04145    
 1200        -9.38651    0.06844     -9.31807    529.45   0.24664     0.00034     2.558     2.558     2.558     12.884    39877537755.88375 129.54   0.03884    
 1300        -9.37302    0.05496     -9.31806    425.19   0.16767     0.00021     2.558     2.558     2.558     12.884    39422085325.819 140.8    0.03202    
 1400        -9.38892    0.07085     -9.31807    548.1    0.20771     0.00025     2.558     2.558     2.558     12.884    40145574707.02694 143.63   0.03564    
 1500        -9.38143    0.06335     -9.31808    490.07   0.32906     0.00037     2.558     2.558     2.558     12.884    39181855838.01912 107.9    0.04486    

Time averages:
             Epot        Ekin        Etot        Temp     MSD         Self_diff   Pressure    Spec_heat   DebyeT   Lindemann  
             eV/atom     eV/atom     eV/atom     K        Å^2         mm^2/s      Pa          J/(K*Kg)    K        1          
             -9.37784    0.05978     -9.31806    462.46   0.16746     0.00027     39936584606.49894 228.75167   175.16   0.03033    