Material ID: 0007
Unit cell composition: Ag125
Material:  Ag
Site positions of initial unit cell:
 Ag         
 0.00000    
 0.00000    
 0.00000    
Properties:
 Time        Epot        Ekin        Etot        Temp     MSD         Self_diff   LC_a      LC_b      LC_c      Volume      Pressure    DebyeT   Lindemann  
 fs          eV/atom     eV/atom     eV/atom     K        Å^2         mm^2/s      Å         Å         Å         Å^3/atom    Pa          K        1          
 500         -13.51655   0.02566     -13.49089   198.49   0.0         0.0         2.765     2.765     2.765     14.955    -84089456905.18839 inf      0.0        
 600         -13.50359   0.01274     -13.49085   98.53    0.00067     0.0         2.765     2.765     2.765     14.955    -84793208330.37563 771.32   0.00187    
 700         -13.5004    0.00956     -13.49084   73.98    0.00187     0.0         2.765     2.765     2.765     14.955    -84969913828.0784 399.87   0.00313    
 800         -13.50379   0.01293     -13.49085   100.06   0.00364     1e-05       2.765     2.765     2.765     14.955    -84779454241.45238 333.58   0.00436    
 900         -13.50398   0.01313     -13.49086   101.54   0.00629     1e-05       2.765     2.765     2.765     14.955    -84768596431.04306 255.57   0.00574    
 1000        -13.50198   0.01114     -13.49084   86.15    0.00973     2e-05       2.765     2.765     2.765     14.955    -84885057350.4961 189.34   0.00713    
 1100        -13.50554   0.01468     -13.49086   113.6    0.01376     2e-05       2.765     2.765     2.765     14.955    -84686358572.78856 182.8    0.00848    
 1200        -13.50416   0.0133      -13.49086   102.92   0.01868     3e-05       2.765     2.765     2.765     14.955    -84754728159.93571 149.35   0.00988    
 1300        -13.50432   0.01347     -13.49086   104.19   0.02436     3e-05       2.765     2.765     2.765     14.955    -84749340856.28548 131.58   0.01129    
 1400        -13.50335   0.0125      -13.49085   96.69    0.0307      4e-05       2.765     2.765     2.765     14.955    -84804802159.78496 112.9    0.01267    
 1500        -13.50286   0.01201     -13.49085   92.93    0.03778     4e-05       2.765     2.765     2.765     14.955    -84834777776.73859 99.77    0.01406    

Time averages:
             Epot        Ekin        Etot        Temp     MSD         Self_diff   Pressure    Spec_heat   DebyeT   Lindemann  
             eV/atom     eV/atom     eV/atom     K        Å^2         mm^2/s      Pa          J/(K*Kg)    K        1          
             -13.5034    0.01255     -13.49085   97.06    0.01475     2e-05       -84802623770.69788 116.49265   262.61   0.00786    