Material ID: 0074
Unit cell composition: Fe125
Material:  Fe
Site positions of initial unit cell:
 Fe         
 0.00000    
 0.00000    
 0.00000    
Properties:
 Time        Epot        Ekin        Etot        Temp     MSD         Self_diff   LC_a      LC_b      LC_c      Volume      Pressure    DebyeT   Lindemann  
 fs          eV/atom     eV/atom     eV/atom     K        Å^2         mm^2/s      Å         Å         Å         Å^3/atom    Pa          K        1          
 500         -7.71834    0.02334     -7.695      180.6    0.0         0.0         2.54      2.54      2.442     13.64     -24707421930.91 inf      0.0        
 600         -8.39625    0.70103     -7.69522    5423.45  0.3024      0.00084     2.54      2.54      2.442     13.64     21942721114.1244 374.45   0.04504    
 700         -8.2612     0.5657      -7.6955     4376.44  1.1644      0.00277     2.54      2.54      2.442     13.64     8813712257.46485 171.42   0.08839    
 800         -8.28703    0.59171     -7.69533    4577.65  1.17823     0.00245     2.54      2.54      2.442     13.64     12663814664.56032 174.28   0.08891    
 900         -8.34238    0.64685     -7.69553    5004.26  1.306       0.00242     2.54      2.54      2.442     13.64     14691200368.00711 173.08   0.09361    
 1000        -8.36176    0.66637     -7.69539    5155.24  1.6302      0.00272     2.54      2.54      2.442     13.64     16481407405.71076 157.23   0.10458    
 1100        -8.43123    0.73576     -7.69546    5692.1   1.74384     0.00264     2.54      2.54      2.442     13.64     20858899530.09049 159.74   0.10817    
 1200        -8.41832    0.72281     -7.69551    5591.89  1.56184     0.00217     2.54      2.54      2.442     13.64     20021397103.08637 167.3    0.10237    
 1300        -8.48804    0.79239     -7.69565    6130.24  1.71977     0.0022      2.54      2.54      2.442     13.64     22487108627.00542 166.93   0.10742    
 1400        -8.45292    0.75726     -7.69566    5858.44  1.64339     0.00196     2.54      2.54      2.442     13.64     21996746348.55523 166.94   0.10501    
 1500        -8.45942    0.76386     -7.69556    5909.48  1.75153     0.00195     2.54      2.54      2.442     13.64     22519968067.00342 162.41   0.10841    
 1600        -8.43061    0.73513     -7.69548    5687.24  1.82989     0.00191     2.54      2.54      2.442     13.64     20873520756.17861 155.88   0.1108     
 1700        -8.42048    0.72514     -7.69534    5609.91  1.7793      0.00174     2.54      2.54      2.442     13.64     20933508934.20363 157.0    0.10926    

Time averages:
             Epot        Ekin        Etot        Temp     MSD         Self_diff   Pressure    Spec_heat   DebyeT   Lindemann  
             eV/atom     eV/atom     eV/atom     K        Å^2         mm^2/s      Pa          J/(K*Kg)    K        1          
             -8.40922    0.71373     -7.69549    5521.64  1.6144      0.00219     19352757180.44014 224.30611   164.08   0.10385    