Material ID: 0144
Unit cell composition: Cu125
Material:  Cu
Site positions of initial unit cell:
 Cu         
 0.00000    
 0.00000    
 0.00000    
Properties:
 Time        Epot        Ekin        Etot        Temp     MSD         Self_diff   LC_a      LC_b      LC_c      Volume      Pressure    DebyeT   Lindemann  
 fs          eV/atom     eV/atom     eV/atom     K        Å^2         mm^2/s      Å         Å         Å         Å^3/atom    Pa          K        1          
 500         -16.2358    0.026       -16.2098    201.15   0.0         0.0         2.538     2.538     2.538     12.578    39107995794.796 inf      0.0        
 600         -16.28421   0.07445     -16.20976   575.97   0.03648     0.0001      2.538     2.538     2.538     12.578    39735037529.5208 329.35   0.01505    
 700         -16.28421   0.07445     -16.20976   576.0    0.05146     0.00012     2.538     2.538     2.538     12.578    39775052535.85028 277.32   0.01788    
 800         -16.29927   0.08949     -16.20977   692.36   0.14802     0.00031     2.538     2.538     2.538     12.578    38359602727.94006 179.27   0.03032    
 900         -16.3243    0.1145      -16.2098    885.81   0.19428     0.00036     2.538     2.538     2.538     12.578    39854564453.56844 176.99   0.03474    
 1000        -16.31068   0.10087     -16.20981   780.33   0.20874     0.00035     2.538     2.538     2.538     12.578    38805926673.26382 160.26   0.03601    
 1100        -16.33328   0.12345     -16.20983   955.04   0.30069     0.00046     2.538     2.538     2.538     12.578    39898120633.1852 147.72   0.04322    
 1200        -16.32349   0.11367     -16.20982   879.42   0.26936     0.00037     2.538     2.538     2.538     12.578    39345784496.00668 149.77   0.04091    
 1300        -16.33211   0.12226     -16.20985   945.83   0.28243     0.00036     2.538     2.538     2.538     12.578    40188627865.71426 151.68   0.04189    
 1400        -16.32265   0.11278     -16.20987   872.5    0.39058     0.00046     2.538     2.538     2.538     12.578    39017584750.75696 123.88   0.04926    
 1500        -16.33313   0.12323     -16.2099    953.34   0.36671     0.00041     2.538     2.538     2.538     12.578    39560281510.1176 133.64   0.04773    

Time averages:
             Epot        Ekin        Etot        Temp     MSD         Self_diff   Pressure    Spec_heat   DebyeT   Lindemann  
             eV/atom     eV/atom     eV/atom     K        Å^2         mm^2/s      Pa          J/(K*Kg)    K        1          
             -16.31473   0.10492     -16.20982   811.66   0.22487     0.00036     39454058317.59241 200.2902    182.99   0.0357     