Material ID: 0215
Unit cell composition: Pt125
Material:  Pt
Site positions of initial unit cell:
 Pt         
 0.00000    
 0.00000    
 0.00000    
Properties:
 Time        Epot        Ekin        Etot        Temp     MSD         Self_diff   LC_a      LC_b      LC_c      Volume      Pressure    DebyeT   Lindemann  
 fs          eV/atom     eV/atom     eV/atom     K        Å^2         mm^2/s      Å         Å         Å         Å^3/atom    Pa          K        1          
 500         -20.73914   0.02352     -20.71561   181.99   0.0         0.0         2.924     2.924     2.924     17.686    236701062192.2061 inf      0.0        
 600         -20.73103   0.01542     -20.71561   119.3    0.00139     0.0         2.924     2.924     2.924     17.686    236232709828.69293 438.45   0.00255    
 700         -20.72785   0.01224     -20.71561   94.69    0.00154     0.0         2.924     2.924     2.924     17.686    235969404460.64835 371.34   0.00268    
 800         -20.72823   0.01262     -20.71561   97.6     0.00186     0.0         2.924     2.924     2.924     17.686    236068668440.48755 343.08   0.00295    
 900         -20.72564   0.01003     -20.71561   77.58    0.00255     0.0         2.924     2.924     2.924     17.686    235791360195.60797 261.0    0.00345    
 1000        -20.72449   0.00888     -20.71561   68.69    0.00307     1e-05       2.924     2.924     2.924     17.686    235759111499.92905 223.85   0.00379    
 1100        -20.72533   0.00972     -20.71561   75.21    0.00332     1e-05       2.924     2.924     2.924     17.686    235800909441.56625 225.13   0.00394    
 1200        -20.72639   0.01078     -20.71561   83.38    0.004       1e-05       2.924     2.924     2.924     17.686    235929420524.70123 215.97   0.00433    
 1300        -20.72822   0.0126      -20.71561   97.51    0.00438     1e-05       2.924     2.924     2.924     17.686    236021162643.4467 223.13   0.00453    
 1400        -20.7301    0.01449     -20.71561   112.08   0.00475     1e-05       2.924     2.924     2.924     17.686    236095155962.89352 229.71   0.00472    
 1500        -20.73013   0.01452     -20.71561   112.3    0.00589     1e-05       2.924     2.924     2.924     17.686    236141567454.86127 206.5    0.00525    

Time averages:
             Epot        Ekin        Etot        Temp     MSD         Self_diff   Pressure    Spec_heat   DebyeT   Lindemann  
             eV/atom     eV/atom     eV/atom     K        Å^2         mm^2/s      Pa          J/(K*Kg)    K        1          
             -20.72774   0.01213     -20.71561   93.83    0.00328     1e-05       235980947045.28345 65.26578    273.82   0.00382    