Material ID: 0170
Unit cell composition: Zn250
Material:  Zn
Site positions of initial unit cell:
 Zn          Zn         
 -0.00000    1.31337    
 1.51654     0.75827    
 1.30181     3.90543    
Properties:
 Time        Epot        Ekin        Etot        Temp     MSD         Self_diff   LC_a      LC_b      LC_c      Volume      Pressure    DebyeT   Lindemann  
 fs          eV/atom     eV/atom     eV/atom     K        Å^2         mm^2/s      Å         Å         Å         Å^3/atom    Pa          K        1          
 500         -1.03494    0.0251      -1.00983    194.22   0.0         0.0         2.574     2.574     5.103     14.643    15087295286.6583 inf      0.0        
 600         -1.0371     0.02727     -1.00983    210.93   0.05391     0.00015     2.574     2.574     5.103     14.643    13454853469.41398 161.63   0.01482    
 700         -1.04729    0.03746     -1.00983    289.79   0.15113     0.00036     2.574     2.574     5.103     14.643    11182504655.83258 113.16   0.02481    
 800         -1.05036    0.04053     -1.00983    313.57   0.21612     0.00045     2.574     2.574     5.103     14.643    12034761130.09598 98.43    0.02966    
 900         -1.05985    0.05002     -1.00983    386.94   0.34201     0.00063     2.574     2.574     5.103     14.643    10108669698.79739 86.92    0.03732    
 1000        -1.07091    0.06108     -1.00983    472.51   0.48185     0.0008      2.574     2.574     5.103     14.643    9772734058.47342 80.92    0.04429    
 1100        -1.07944    0.0696      -1.00983    538.47   0.69232     0.00105     2.574     2.574     5.103     14.643    9139392246.07866 72.07    0.05309    
 1200        -1.09381    0.08397     -1.00984    649.63   0.99651     0.00138     2.574     2.574     5.103     14.643    7953231042.81446 65.98    0.0637     
 1300        -1.10433    0.09449     -1.00984    731.0    1.30727     0.00168     2.574     2.574     5.103     14.643    6719176166.37958 61.11    0.07296    
 1400        -1.10093    0.09109     -1.00984    704.71   1.55215     0.00185     2.574     2.574     5.103     14.643    6048024491.18822 55.06    0.0795     
 1500        -1.1051     0.09526     -1.00984    737.0    1.72836     0.00192     2.574     2.574     5.103     14.643    6388499562.2883 53.36    0.08389    

Time averages:
             Epot        Ekin        Etot        Temp     MSD         Self_diff   Pressure    Spec_heat   DebyeT   Lindemann  
             eV/atom     eV/atom     eV/atom     K        Å^2         mm^2/s      Pa          J/(K*Kg)    K        1          
             -1.07491    0.06508     -1.00983    503.46   0.75216     0.00112     9280184652.13626 233.98884   84.86    0.0504     