Material ID: 0004
Unit cell composition: Ag250
Material:  Ag
Site positions of initial unit cell:
 Ag          Ag         
 -0.00000    1.47633    
 1.70471     0.85236    
 1.19958     3.59874    
Properties:
 Time        Epot        Ekin        Etot        Temp     MSD         Self_diff   LC_a      LC_b      LC_c      Volume      Pressure    DebyeT   Lindemann  
 fs          eV/atom     eV/atom     eV/atom     K        Å^2         mm^2/s      Å         Å         Å         Å^3/atom    Pa          K        1          
 500         -12.30674   0.02516     -12.28158   194.63   0.0         0.0         3.012     3.012     4.894     19.223    99653664379.09734 inf      0.0        
 600         -12.29931   0.01773     -12.28158   137.14   0.00253     1e-05       3.012     3.012     4.894     19.223    99268446488.12804 468.04   0.0031     
 700         -12.3043    0.02271     -12.28159   175.72   0.00204     0.0         3.012     3.012     4.894     19.223    99589960771.02434 590.02   0.00279    
 800         -12.30863   0.02704     -12.28159   209.2    0.00333     1e-05       3.012     3.012     4.894     19.223    99870478687.1635 504.59   0.00356    
 900         -12.31103   0.02944     -12.28159   227.72   0.00422     1e-05       3.012     3.012     4.894     19.223    99996016754.07253 467.48   0.004      
 1000        -12.30383   0.02225     -12.28159   172.1    0.00584     1e-05       3.012     3.012     4.894     19.223    99563877168.49628 345.48   0.00471    
 1100        -12.30024   0.01865     -12.28158   144.31   0.00779     1e-05       3.012     3.012     4.894     19.223    99334004366.24396 273.84   0.00544    
 1200        -12.29621   0.01463     -12.28158   113.16   0.00905     1e-05       3.012     3.012     4.894     19.223    99092103249.84113 224.91   0.00587    
 1300        -12.299     0.01742     -12.28158   134.76   0.01093     1e-05       3.012     3.012     4.894     19.223    99267241814.74492 223.35   0.00645    
 1400        -12.30127   0.01969     -12.28158   152.29   0.01141     1e-05       3.012     3.012     4.894     19.223    99449652261.22311 232.42   0.00659    
 1500        -12.30498   0.02339     -12.28159   180.95   0.01409     2e-05       3.012     3.012     4.894     19.223    99675891945.18158 227.97   0.00732    

Time averages:
             Epot        Ekin        Etot        Temp     MSD         Self_diff   Pressure    Spec_heat   DebyeT   Lindemann  
             eV/atom     eV/atom     eV/atom     K        Å^2         mm^2/s      Pa          J/(K*Kg)    K        1          
             -12.30288   0.0213      -12.28159   164.74   0.00712     1e-05       99510767350.61194 122.39971   355.81   0.00498    