Material ID: 0003
Unit cell composition: Ag250
Material:  Ag
Site positions of initial unit cell:
 Ag          Ag         
 -0.00000    1.47633    
 1.70471     0.85236    
 1.19958     3.59874    
Properties:
 Time        Epot        Ekin        Etot        Temp     MSD         Self_diff   LC_a      LC_b      LC_c      Volume      Pressure    DebyeT   Lindemann  
 fs          eV/atom     eV/atom     eV/atom     K        Å^2         mm^2/s      Å         Å         Å         Å^3/atom    Pa          K        1          
 500         -12.98235   0.02677     -12.95559   207.07   0.0         0.0         2.953     2.953     4.798     18.114    87826231043.49599 inf      0.0        
 600         -12.96634   0.01077     -12.95557   83.33    0.00158     0.0         2.953     2.953     4.798     18.114    87023190103.37302 461.92   0.0025     
 700         -12.96981   0.01424     -12.95558   110.14   0.00201     0.0         2.953     2.953     4.798     18.114    87211929564.08034 470.84   0.00282    
 800         -12.96537   0.00979     -12.95557   75.77    0.00337     1e-05       2.953     2.953     4.798     18.114    86971065965.47893 301.61   0.00365    
 900         -12.96887   0.0133      -12.95557   102.88   0.00487     1e-05       2.953     2.953     4.798     18.114    87161626877.6768 292.3    0.00439    
 1000        -12.96896   0.01339     -12.95557   103.57   0.0067      1e-05       2.953     2.953     4.798     18.114    87167170849.60806 250.12   0.00515    
 1100        -12.96828   0.01271     -12.95557   98.32    0.00951     1e-05       2.953     2.953     4.798     18.114    87127518387.78667 204.54   0.00613    
 1200        -12.96999   0.01441     -12.95558   111.51   0.01209     2e-05       2.953     2.953     4.798     18.114    87214839133.17467 193.21   0.00691    
 1300        -12.96734   0.01177     -12.95557   91.05    0.01566     2e-05       2.953     2.953     4.798     18.114    87074319282.09616 153.38   0.00787    
 1400        -12.96877   0.0132      -12.95557   102.09   0.01968     2e-05       2.953     2.953     4.798     18.114    87163759120.73238 144.89   0.00882    
 1500        -12.96951   0.01394     -12.95558   107.82   0.02375     3e-05       2.953     2.953     4.798     18.114    87205797213.73798 135.56   0.00969    

Time averages:
             Epot        Ekin        Etot        Temp     MSD         Self_diff   Pressure    Spec_heat   DebyeT   Lindemann  
             eV/atom     eV/atom     eV/atom     K        Å^2         mm^2/s      Pa          J/(K*Kg)    K        1          
             -12.96832   0.01275     -12.95557   98.65    0.00992     1e-05       87132121649.7745 117.63683   260.84   0.00579    