Material ID: 0163
Unit cell composition: Cu750
Material:  Cu
Site positions of initial unit cell:
 Cu          Cu          Cu          Cu          Cu          Cu         
 1.27030     0.00000     0.00000     1.27030     0.00000     0.00000    
 0.73341     0.00000     1.46681     0.73341     0.00000     1.46681    
 22.70256    0.04679     20.62708    16.47537    18.55082    14.38716   
Properties:
 Time        Epot        Ekin        Etot        Temp     MSD         Self_diff   LC_a      LC_b      LC_c      Volume      Pressure    DebyeT   Lindemann  
 fs          eV/atom     eV/atom     eV/atom     K        Å^2         mm^2/s      Å         Å         Å         Å^3/atom    Pa          K        1          
 500         -8.8035     0.02567     -8.77783    198.57   0.0         0.0         2.49      2.49      24.249    21.697    -337337353947.6539 inf      0.0        
 600         -11.17195   2.29614     -8.87582    17763.71 6.38821     0.01775     2.49      2.49      24.249    21.697    -66595477676.55642 138.22   0.00025    
 700         -10.9719    2.09509     -8.87681    16208.35 10.46853    0.02493     2.49      2.49      24.249    21.697    -63724114552.15237 103.14   0.00032    
 800         -10.72813   1.8502      -8.87792    14313.83 11.6625     0.0243      2.49      2.49      24.249    21.697    -46767940419.712 91.83    0.00034    
 900         -10.8647    1.98736     -8.87734    15374.89 14.90063    0.02759     2.49      2.49      24.249    21.697    5549255288.73673 84.2     0.00039    
 1000        -10.77138   1.89372     -8.87766    14650.46 17.65031    0.02942     2.49      2.49      24.249    21.697    5444543548.79193 75.52    0.00042    
 1100        -10.76859   1.89103     -8.87756    14629.67 19.20054    0.02909     2.49      2.49      24.249    21.697    9871414999.07636 72.35    0.00044    
 1200        -10.87863   2.00081     -8.87782    15479.0  20.9401     0.02908     2.49      2.49      24.249    21.697    11551488262.80452 71.26    0.00046    
 1300        -10.79439   1.91678     -8.87761    14828.91 22.6398     0.02903     2.49      2.49      24.249    21.697    12486828311.25085 67.08    0.00048    
 1400        -10.77987   1.90219     -8.87768    14715.98 23.94732    0.02851     2.49      2.49      24.249    21.697    12046250072.67894 64.98    0.00049    
 1500        -10.80477   1.92704     -8.87772    14908.29 25.32362    0.02814     2.49      2.49      24.249    21.697    10848105370.47621 63.6     0.0005     
 1600        -10.82535   1.94738     -8.87797    15065.57 26.66387    0.02777     2.49      2.49      24.249    21.697    12845083117.62804 62.3     0.00052    
 1700        -10.72281   1.84538     -8.87743    14276.53 28.22005    0.02767     2.49      2.49      24.249    21.697    9748843550.20114 58.95    0.00053    

Time averages:
             Epot        Ekin        Etot        Temp     MSD         Self_diff   Pressure    Spec_heat   DebyeT   Lindemann  
             eV/atom     eV/atom     eV/atom     K        Å^2         mm^2/s      Pa          J/(K*Kg)    K        1          
             -10.79386   1.91619     -8.87767    14824.31 21.11487    0.02848     4362387210.19327 196.77727   71.21    0.00046    